0100101110100001000000111010101110000011011110110111000101110
10111110101010001101111001000000110010001110010011001010111001101110011001000000101001001100101011001000010000001001000011001010111001001110010011010010110111001100111011100110010111001011111
1000011011010000110111101101111011100110110010100100000011101000110100001101111011100110110010100100000011101000110100001100001011101000010000001100001011100100110010100100000011011000110000101110010011001110110010100100000011000010110111001100100001000000110110101101111011010010111001101110100001110110010000001100011011101010111010000100000011101000110100001100101011011010010000001101111011100000110010101101110001011000010000001100001011011100110010000100000011100000110111101110101011100100010000001110011011011110110110101100101
110001001101111011010010110110001101001011011100110011100100000011100110110110101100001011011000110110000100000011000100110010101100101011100100010000001101111011101100110010101110010001000000111010001101000011001010110110100101100001000000111010001101111001000000111001101101111011000010110101100100000011010000110000101101100011001100010000001100001011011100010000001101000011011110111010101110010001011100010000001000100011100100110000101101001011011100010000001110100011010000110010101101101001000000110010001110010011110010010110000100000011000010110111001100100
11011010110000101101011011001010010000001110100011010000110010101101101001000000110101001110101011100110111010000100000011010000110111101110100001000000111010001101000011100100110111101110101011001110110100000100000011000100110010101100110011011110111001001100101001000000111010001101000011001010010000001100110011010010111001001100101001110110010000001110100011010000110010101101110001000000111001001110101011000100010000001110011011011110110110101100101001000000110001101101111011011000110010000100000011000100111010101110100011101000110010101110010
11011110111011001100101011100100010000001110100011010000110010101101101001000000110000101101110011001000010000001110011011001010111001001110110011001010010111000100000010001010110011101100111001000000111001101100001011101010110001101100101001011000010000001101111011100100010000001100010011101010111010001110100011001010111001001100101011001000010000001100101011001110110011101110011001000000110000101101110011001000010000001101101011000010111001101101000011001010110010000100000011100000110111101110100011000010111010001101111011001010111001100101100
11100110110100001101111011101010110110001100100001000000110001001100101001000000111001101100101011100100111011001100101011001000010000001110111011010010111010001101000001000000111010001101000011001010110110100101110
10111110100001001100001011010110110010101100100001000000100100001100101011100100111001001101001011011100110011101110011001000000110111101110010001000000101001101110000011100100110000101110100011100110010111001011111
1010111011000010111001101101000001000000110000101101110011001000010000001100100011100100110000101101001011011100010000001110111011010010111010001101000011011110111010101110100001000000111011101101001011100000110100101101110011001110010000001110100011010000110010101101101001011100010000001010011011001010110000101110011011011110110111000100000011101110110100101110100011010000010000001001010011000010110110101100001011010010110001101100001001000000111000001100101011100000111000001100101011100100010000001101001011011100010000001100110011010010110111001100101
111000001101111011101110110010001100101011100100010110000100000011100110110000101101100011101000010110000100000011000010010000001110111011010000110111101101100011001010010000001100011011011000110111101110110011001010010000001101111011100100010000001110100011101110110111100111010001000000110110001100001011110010010000001110100011010000110010101101101001000000110100101101110001000000110000100100000011100000110000101101110001000000111011101101001011101000110100000100000011100000110110001100101011011100111010001111001001000000110111101100110
1100010011011000110000101100011011010110010000001110000011001010111000001110000011001010111001000101100001000000110000101101110001000000110111101101110011010010110111101101110001011000010000001100001011011100110010000100000011000010010000001100110011001010111011100100000011000100110000101111001011011000110010101100001011101100110010101110011001011100010000001010000011101010111010000100000011010000110000101101100011001100010000001110110011010010110111001100101011001110110000101110010001000000110000101101110011001000010000001101000011000010110110001100110
111001101101101011000010110110001101100001000000110001001100101011001010111001000101100001000000110010101101110011011110111010101100111011010000010000001110100011011110010000001100011011011110111011001100101011100100010000001110100011010000110010101101101001011100010000001010000011101010111010000100000011100000110000101110000011001010111001000100000011011110111011001100101011100100010000001110100011010000110010100100000011100000110000101101110001011000010000001100001011011100110010000100000011000100110000101101011011001010010000001101001011011100010000001100001
1110011011011000110111101110111001000000110111101110110011001010110111000101110001000000100100101100110001000000111100101101111011101010010000001101100011010010110101101100101001011000010000001110100011010000111001001101111011101110010000001110011011000010110110001110100011100000110010101110100011100100110010100100000011011110111011001100101011100100010000001110100011010000110010101101101001000000111010001101000011001010010000001101110011010010110011101101000011101000010000001100010011001010110011001101111011100100110010100101100001000000111010001101111
1101101011000010110101101100101001000000111010001101000011001010110110100100000011011000110111101101111011010110010000001110010011001010110010000101110001000000100011101110101011101000010110000100000011000100111010101110100001000000110010001101111001000000110111001101111011101000010000001101111011100000110010101101110001000000111010001101000011001010110110100101110
101111101010100011011110010000001110011011011010110111101101011011001010010000001001000011001010111001001110010011010010110111001100111011100110010111001011111
100001101101100011001010110000101101110001000000110000101101110011001000010000001101100011000010111100100100000011101000110100001100101011011010010000001101001011011100010000001110011011000010110110001110100001011000010000001100001011011100110010000100000011000010010000001101100011010010111010001110100011011000110010100100000011100110110000101101100011101000111000001100101011101000111001001100101001000000110111101101110011001010010000001101110011010010110011101101000011101000011101100100000011101000110100001100101011011100010000001101000011000010110111001100111
111010001101000011001010110110100100000011011110110111000100000011000010010000001110011011101000110100101100011011010110010110000100000011101000110100001110010011011110111010101100111011010000010000001110100011010000110010100100000011001010111100101100101011100110010110000100000011011110110111000100000011000010010000001110010011011110111011100101110001000000100100001100001011101100110010100100000011100100110010101100001011001000111100100100000011000010110111000100000011011110110110001100100001000000110001101100001011100110110101100101100001000000110111101101110
11101110110100001101001011000110110100000100000011100000111010101110100001000000111001101101111011011010110010100100000011100110110000101110111011001000111010101110011011101000010110000100000011000010110111001100100001000000110100101101110001000000111010001101000011001010010000001101101011010010110010001110011011101000010000001101111011001100010000001101001011101000010000001100001001000000110100001100101011000010111010001100101011100100010000001110010011001010110010000100000011010000110111101110100001110110010000001101111011101100110010101110010
11101000110100001100101001000000111001101101101011011110110101101100101001000000110011001101001011110000010000001110100011010000110010100100000011100110111010001101001011000110110101100101100001000000110000101101110011001000010000001101100011001010111010000100000011101000110100001100101011011010010000001110010011001010110110101100001011010010110111000100000011101000111011101100101011011100111010001111001001000000110011001101111011101010111001000100000011010000110111101110101011100100111001100101110
101111101000110011100100110100101100101011001000010000001001000011001010111001001110010011010010110111001100111011100110010111001011111
10100110110010101110010011101100110010100100000011101000110100001100101011011010010000001101111011001100010000001100001001000000110110001101001011001110110100001110100001000000110001001110010011011110111011101101110001011000010000001100001011011100110010000100000011011110110111001101001011011110110111001110011001000000111001101101100011010010110001101100101011001000010000001100001011011100110010000100000011001100111001001101001011001010110010000101110
1011111010000100111001001101111011010010110110001100101011001000010000001001000011001010111001001110010011010010110111001100111011100110010111001011111
1000110011011000110111101110101011100100110010101100100001000000110011001101001011100100111001101110100001011000010000001100001011011100110010000100000011001000110111101101110011001010010000001101111011001100010000001100001001000000110011101101111011011110110010000100000011000110110111101101100011011110111010101110010001011100010000001010000011011000110000101101001011011100010000001100010011101010111010001110100011001010111001000100000011001100110111101110010001000000111001101100001011101010110001101100101001011100010000001010100011010000110010101111001
110000101110010011001010010000001110110011001010111001001111001001000000110011101101111011011110110010000100000011100000110111101110100011101000110010101100100001000000110110001101001011010110110010100100000011011010110000101100011011010110110010101110010011001010110110000101110
101111101010011011011110110000101101100011100110010111001011111
100100101100110001000000110001001101111011010010110110001100101011001000010110000100000011101000110100001100101011110010010000001101101011101010111001101110100001000000110001001100101001