1011000110100101110100011101000110110001100101001000000110001101110101011100000010000001101111011001100010000001100011011100100110010101100001011011010010110000100000011000100111010101110100001000000110010001101111001000000110111001101111011101000010000001100010011011110110100101101100001000000110100101110100001000000110100101101110001011100010000001010011011001010111001001110110011001010010000001110111011010010111010001101000001000000111001101101101011000010110110001101100
110001001101001011101000111001100100000011011110110011000100000011000100110000101100011011011110110111000100000011100100110111101101100011011000110010101100100001000000111001001101111011101010110111001100100001011000010000001100001011011100110010000100000011000100110000101101100011011000111001100101110
10111110101011001100101011000010110110000100000010100000110000101110100011101000110100101100101011100110010111001011111
10011010110100101101110011000110110010100100000011100110110111101101101011001010010000001110110011001010110000101101100001011000010000001110100011010000110000101110100001000000110100101110011001000000110111001101111011101000010000001110001011101010110100101110100011001010010000001100100011011110110111001100101001011000010000001110111011010010111010001101000001000000110000100100000011011000110100101110100011101000110110001100101001000000111000001100001011100100111001101101100011001010111100100101100
11011000110010101101101011011110110111001110000011001010110010101101100001011000010000001100001001000000111001101100011011100100110000101110000011001010010000001101111011001100010000001101110011101010111010001101101011001010110011100101100001000000110000101101110011001000010000001100001001000000110110001101001011101000111010001101100011001010010000001110011011000010110110001110100001110100010000001100001011001000110010000100000011000010010000001101100011010010111010001110100011011000110010100100000011000110111001001100101011000010110110100100000011000010110111001100100
11001110111001001100001011101100111100100100000011010100111010101110011011101000010000001110100011011110010000001101101011011110110100101110011011101000110010101101110001000000111010001101000011001010010000001101101011001010110000101110100001110110010000001100001011011100110010000100000011010010110011000100000011110010110111101110101001000000110100001100001011101100110010100100000011000010110111001111001001000000110100001100001011011010010110000100000011100110110001101110010011000010111000001100101001000000110000100100000011011000110100101110100011101000110110001100101
110001001101001011101000010000001100001011011100110010000100000011000010110010001100100001000000111010001101111001000000110100101110100001011100010000001000100011011110010000001101110011011110111010000100000011101110110000101110010011011010010000001101001011101000010000001110100011010010110110001101100001000000111010001101000011001010010000001110000011000010111010001110100011010010110010101110011001000000110000101110010011001010010000001100010011000010110101101100101011001000011101100100000011000010110111001100100
11011110110001001110011011001010111001001110110011001010010000001110100011011110010000001110000011101010111010000100000011000010010000001100010011010010111010000100000011011110110011000100000011000100111001001100101011000010110010000100000011010010110111001110100011011110010000001100101011000010110001101101000001011000010000001110100011011110010000001110000011100100110010101110110011001010110111001110100001000000111010001101000011001010010000001110000011000010111001101110100011001010010000001100110011100100110111101101101
111001001101001011100110110100101101110011001110010000001101001011011100111010001101111001000000110001101100001011010110110010100101110
1011111010001100111001001101001011000110110000101101110011001000110010101100001011101010010111001011111
100001101110101011101000010000001100001001000000110110001100001011100100110011101100101001000000111000001101001011001010110001101100101001000000110111101110101011101000010000001101111011001100010000001110100011010000110010100100000011100000111001001101001011011010110010100100000011100000110000101110010011101000010000001101111011001100010000001100001001000000110110001100101011001110010000001101111011001100010000001110110011001010110000101101100001011000010000001100001011000100110111101110101011101000010000001101110011010010110111001100101
11010010110111001100011011010000110010101110011001000000110110001101111011011100110011100101100001000000110000101101110011001000010000001101000011000010110110001100110001000000110000101110011001000000110001001110010011011110110000101100100001000000110000101101110011001000010000001110100011010000110100101100011011010110011101000100000011000100110010101100001011101000010000001101001011101000010000001110111011010010111010001101000001000000110000100100000011100100110111101101100011011000110100101101110011001110010000001110000011010010110111000111011
1110100011010000110010101101110001000000110110001100001011100100110010000100000011010010111010000100000011101100110010101110010011110010010000001110100011010000110100101100011011010110110110001111001001000000110111101101110001000000110111101101110011001010010000001110011011010010110010001100101001000000110000101101110011001000010000001110100011010000110010100100000011001010110010001100111011001010111001100101110001000000101000001110101011101000010000001101001011101000010000001101001011011100010000001100001001000000111001101101101011000010110110001101100
1110011011101000110010101110111011100000110000101101110001011000010000001110111011010010111010001101000001000000111010001101000011100100110010101100101001000000111000001101001011011100111010001110011001000000110111101100110001000000111011101100001011101000110010101110010001011000010000001100001001000000111000001101111011101010110111001100100001000000110111101100110001000000111011001100101011000010110110000100000011000110111010101110100001000000110100101101110001000000111001101101101011000010110110001101100001000000110001001101001011101000111001100101100
110000101101110011001000010000001100110011011110111010101110010001000000110111101110010001000000110011001101001011101100110010100100000011011110111010101101110011000110110010101110011001000000110111101100110001000000110110001100101011000010110111000100000011010000110000101101101001011000010000001100001011011100110010000100000011000010110111000100000011011110110111001101001011011110110111000111010001000000111001101101001011011010110110101100101011100100010000001110100011010010110110001101100001000000111010001101000011001010010000001101101011001010110000101110100
110001001100101001000000111010001100101011011100110010001100101011100100011101100100000011101000110100001100101011011100010000001110100011000010110101101100101001000000110100101110100001000000110111101110101011101000011101100100000011000110110111101110110011001010111001000100000011101000110111100100000011010110110010101100101011100000010000001101001011101000010000001101101011011110110100101110011011101000010110000100000011000010110111001100100001000000110001001101111011010010110110000100000011101000110100001100101001000000110011101110010011000010111011001111001
11101000110100101101100011011000010000001101001011101000010000001100010011001010010000001100001001000000110011001101001011011100110010100100000011000100111001001101111011101110110111000101100001000000110000101101110011001000010000001101101011101010110001101101000001000000111001001100101011001000111010101100011011001010110010000111010001000000111010001101000011001010110111000100000011100000111010101110100001000000111010001101000011001010010000001101100011000010111001001100100011001010110010000100000011011010110010101100001011101000010000001100010011000010110001101101011
11010010110111001110100011011110010000001110100011010000110010100100000011001110111001001100001011101100111100100101100001000000110000101101110011001000010000001110000011011110111010101110010001000000110000100100000011011000110100101110100011101000110110001100101001000000110111101100110001000000110100101110100001000000110111101110110011001010111001000100000011101110110100101110100011010000010000001100001001000000111001101110000011011110110111101101110001011100010000001010111011010000110010101101110001000000111000101110101011010010111010001100101
1101000011011110111010000101100001000000111001101100101011100100111011001100101001000000111010001101000011001010010000001101101011001010110000101110100001000000110000101101110011001000010000001100111011100100110000101110110011110010010000001110010011011110111010101101110011001000010000001101001011011100010000001110100011010000110010100100000011001000110100101110011011010000010110000100000011101110110100101110100011010000010000001110100011010000110010100100000011001100110111101101100011011000110111101110111011010010110111001100111
1110011011000010111010101100011011001010010000001101001011011100010000001100001001000000110001001101111011000010111010000101110
10111110101001101101111011100100111001001100101011011000010000001010011011000010111010101100011011001010010111001011111
1010111011000010111001101101000001000000110000100100000011100010111010101100001011011100111010001101001011101000111100100100000011011110110011000100000011100110110111101110010011100100110010101101100001011000010000001100001011011100110010000100000011000100110111101101001011011000010000001101001011101000010000001110100011001010110111001100100011001010111001000100000011010010110111000100000011101000110100001100101001000000111001101101101011000010110110001101100011001010111001101110100001000000111000101110101011000010110111001110100011010010111010001111001
1101111011001100010000001110111011000010111010001100101011100100010000001111001011011110111010100100000011000110110000101101110001110100010000001110011011101000111001001100001011010010110111000100000011000010110111001100100001000000110001101101000011011110111000000100000011010010111010000111010001000000111001101110100011001010111011100100000011010010111010000100000011101110110100101110100011010000010000001100001001000000110110001101001011101000111010001101100011001010010000001100010011101010111010001110100011001010111001000101100
111000001100101011100000111000001