0000001101001011011100111001101110000011010010111001001100101
111001101100101011100100111011001100001011011100111010001110011001000000111011101101001011101000110100000100000011000010010000001111010011001010110000101101100001000000111010001101111001000000110000101100011011100010111010101101001011101000010000001110100011010000110010101101101011100110110010101101100011101100110010101110011001000000111011101101001011101000110100000100000011001100110100101100100011001010110110001101001011101000111100100101110
100111101101110001000000111010001101000011001010010000001101111011101000110100001100101011100100010000001110011011010010110010001100101001000000110100101110100001000000110110101100001011110010010000001100010011001010010000001110000011100100110111101110000011001010111001000100000011101000110111100100000011011110110001001110011011001010111001001110110011001010010110000100000011101000110100001100001011101000010000001100001001000000111001001100101011101000111001001101001011000100111010101110100011010010111011001100101
11010100111010101110011011101000110100101100011011001010010000001110101011100110111010101100001011011000110110001111001001000000110110101100001011100100110101101110011001000000111000001100101011100100111001101101111011011100111001100100000011010010110111000100000011101000110100001100001011101000010000001110011011101000110000101110100011010010110111101101110001000000111001101101111011011110110111001100101011100100010000001101111011100100010000001101100011000010111010001100101011100100010000001100101011101100110010101101110001000000110100101101110
1110100011010000110100101110011001000000111011101101111011100100110110001100100001011100010000001010100011010000110111101110011011001010010000001110111011010000110111100100000011000010111001001100101001000000110010101111000011101000111001001100001011101100110000101100111011000010110111001110100001000000110000101101110011001000010000001101001011001000110110001100101001000000110100101101110001000000111010001101000011001010110100101110010001000000111001101100101011100100111011001101001011101000111010101100100011001010010110000100000011000010111001001100101
110100101101100011011000010000001110000011100100110010101110000011000010111001001100101011001000010000001100110011011110111001000100000011101000110100001100101001000000110100101101110011001000111010101110011011101000111001001111001001000000110000101101110011001000010000001110011011011110110001001110010011010010110010101110100011110010010000001101111011011100010000001110111011010000110100101100011011010000010000001110100011010000110010101101001011100100010000001101111011101110110111000100000011001100111010101110100011101010111001001100101
1110111011001010110110001100110011000010111001001100101001000000110110101110101011000110110100000100000011001000110010101110000011001010110111001100100011100110011101100100000011101000110100001100101011010010111001000100000011001100110000101110101011011000111010001110011001011000010000001100001011011100110010000100000011101000110100001100101001000000110000101110100011101000110010101101110011001000110000101101110011101000010000001110000011101010110111001101001011100110110100001101101011001010110111001110100001011000010000001100011011011110110110101100101
11010000110111101101101011001010010000001110111011010000110010101101110001000000111010001101000011001010111100100100000011010000110000101110110011001010010000001100110011000010110110101101001011011000110100101100101011100110010000001101111011001100010000001110100011010000110010101101001011100100010000001101111011101110110111000101100001000000110000101101110011001000010000001110011011011110110110101100101011101000110100101101101011001010111001100100000011011010111010101100011011010000010000001110011011011110110111101101110011001010111001000101110
10101000110100001100101011110010010000001110111011010010110110001101100001000000111001101100101011001010010000001110100011010000110010101101001011100100010000001110111011010010110001101101011011001010110010001101110011001010111001101110011001000000110111101110010001000000110011001101111011011000110110001111001001000000110100101101110001000000111010001101000011001010010000001100011011011110110111001100100011101010110001101110100001000000110111101100110001000000111010001101000011001010110100101110010
11011110110011001100110011100110111000001110010011010010110111001100111001011000010000001110111011010000110111101101101001000000111010001101000011001010111100100100000011011010111010101110011011101000010000001101110011011110111010000100000011001010111100001110000011001010110001101110100001000000111010001101111001000000110001001100101001000000110001001100101011101000111010001100101011100100010000001110100011010000110000101101110001000000111010001101000011001010010000001100101011110000110000101101101011100000110110001100101011100110010000001110100011010000110000101110100
1100001011100100110010100100000011100110110010101110100001000000111010001101000011001010110110100101110
1001001011101000010000001110111011000010111001100100000011101000110100001100101001000000110111101100010011100110110010101110010011101100110000101110100011010010110111101101110001000000110111101100110001000000110000100100000011100110110010101101110011100110110100101100010011011000110010100100000011101110110111101101101011000010110111000101100001000000111010001101000011000010111010000100000011100110110100001100101001000000110001101101111011101010110110001100100001000000110000101101100011101110110000101111001011100110010000001110010011001010110000101100100
111010001101000011001010010000001100110011000010111010001100101001000000110111101100110001000000110100001100101011100100010000001110011011001010111001001110110011000010110111001110100011100110010000001110111011010000110010101101110001000000111010001101000011001010111100100100000011011010110000101110010011100100110100101100101011001000010000001100110011100100110111101101101001000000110100001100101011100100011101100100000011101000110100001101111011100110110010100100000011101110110100001101111001000000110100001100001011001000010000001100010011001010110010101101110
110011001100001011010010111010001101000011001100111010101101100001000000110000101101110011001000010000001101001011011100110010001110101011100110111010001110010011010010110111101110101011100110010000001101001011011100010000001101000011001010111001000100000011100110110010101110010011101100110100101100011011001010010110000100000011000110110111101101110011101000110100101101110011101010110010101100100001000000111010001101000011001010110100101110010001000000110011101101111011011110110010000100000011010000110000101100010011010010111010001110011001000000110100101101110
111010001101000011001010110100101110010001000000110111101110111011011100010000001100110011000010110110101101001011011000110100101100101011100110010110000100000011000010110111001100100001000000110001001100101011000110110000101101101011001010010000001110010011001010111001101110000011001010110001101110100011000010110001001101100011001010010000001101101011001010110110101100010011001010111001001110011001000000110111101100110001000000111010001101000011001010010000001100011011011110110110101101101011101010110111001101001011101000111100100111011
1110100011010000110111101110011011001010010000001110111011010000110111100100000011010000110000101100100001000000110001001100101011001010110111000100000011101010110111001100110011000010110100101110100011010000110011001110101011011000010000001110011011001010111001001110110011000010110111001110100011100110010110000100000011011100110010101110110011001010111001000100000011101110110010101110010011001010010000001110011011101010110001101100011011001010111001101110011011001100111010101101100001011000010000001100001011011100110010000100000011011100110111101110100
1110101011011100110011001110010011001010111000101110101011001010110111001110100011011000111100100100000011101110110010101110010011001010010000001110010011001010110010001110101011000110110010101100100001000000111010001101111001000000111010001101000011001010010000001110000011000010111001001101001011100110110100000101110
10101000110100001100101001000000110110101100001011011100110111001100101011100100010000001101111011001100010000001100011011000010111001001110110011010010110111001100111001000000110100101110011001000000110111001101111011101000010000001101111011011100110110001111001001000000110000100100000011101100110010101110010011110010010000001100101011100110111001101100101011011100111010001101001011000010110110000100000011010110110111001101111011101110110110001100101011001000110011101100101001000000110100101101110001000000111000001101111011010010110111001110100001000000110111101100110
110010001101111011010010110111001100111001000000111010001101000011001010010000001101000011011110110111001101111011101010111001001110011001000000110111101100110001000000111010001101000011001010010000001110100011000010110001001101100011001010010000001110111011010010111010001101000001000000110011101110010011000010110001101100101001011000010000001100010011101010111010000100000011011010110000101101011011001010111001100100000011000010010000001100111011100100110010101100001011101000010000001100100011010010110011001100110011001010111001001100101011011100110001101100101
110100101101110001000000111010001101000011001010010000001100110011000010110110101101001011011000111100100100000011000110110111101101110011100110111010101101101011100000111010001101001011011110110111000111011001000000110000101101110011001000010110000100000011101000110100001101111011101010110011101101000001000000110100101101110001000000110110001100001011100100110011101100101001000000110001101101111011011010111000001100001011011100110100101100101011100110010110000100000011000010010000001101100011000010110010001111001001000000110100101110011001000000111001101101111
110110101110101011000110110100000100000011000010111001101110011011010010111001101110100011001010110010000100000011000010111001100100000011101000110111100100000011011010110000101101011011001010010000001110100011010000110010100100000011000010111001001110100001000000110111101100110001000000110110001100101011100110111001100100000011000110110111101101110011100110110010101110001011101010110010101101110011000110110010100101100001