1000000111011001100101011001110110010101110100011000010110001001101100011001010111001100111011
11011110111001000100000011011010110000101101011011001010010000001100001001000000111000001101001011001010110001101110010011101010111001101110100001000000110011001101111011100100010000001110100011010000110010100100000011100110110000101101101011001010010111000100000010010000110000101110110011001010010000001110010011001010110000101100100011110010010000001110011011101010110001101101000001000000111011001100101011001110110010101110100011000010110001001101100011001010111001100100000011000010111001100100000011110010110111101110101
110001101101000011011110110111101110011011001010010000001110100011011110010000001110011011001010111001001110110011001010010110000100000011000110111010101110100001000000110100101101110001000000110010001101001011000110110010100101100001000000110001101100001011100100111001001101111011101000010110000100000011000010110111001100100001000000111010001110101011100100110111001101001011100000010110000100000011100110110110001101001011000110110010101100100001011000010000001100001011011100110010000100000011100110110100101101101011011010110010101110010
1110100011010010110110001101100001000000111010001100101011011100110010001100101011100100010111000100000010000110110010101101100011001010111001001111001001000000111001101101000011011110111010101101100011001000010000001100010011001010010000001110011011101000110010101110111011001010110010000100000011010010110111000100000011010010111010000100000011011000110100101101011011001010111011101101001011100110110010100111011001000000110000101101110011001000010000001100010011001010110011001101111011100100110010100100000011110010110111101110101
1110011011001010111001001110110011001010010110000100000011000100110111101101001011011000010000001110011011011110110110101100101001000000111011001100101011100100110110101101001011000110110010101101100011011000110100100100000011011000110111101101110011001110010000001100101011011100110111101110101011001110110100000100000011101000110111100100000011000100110010100100000011101000110010101101110011001000110010101110010001011000010000001110111011010000110100101100011011010000010000001101001011101000010000001110111011010010110110001101100001000000110001001100101
1101001011011100010000001100110011010010110011001110100011001010110010101101110001000000110110101101001011011100111010101110100011001010111001100101110001000000100000101100100011001000010000001100001001000000111001101110000011011110110111101101110011001100111010101101100001000000110111101100110001000000111001101101111011110010010110000100000011000010110111001100100001000000110111101101110011001010010000001101111011001100010000001101101011101010111001101101000011100100110111101101111011011010010000001100011011000010111010001110011011101010111000000101110
10100110110111101101101011001010010000001110000011001010110111101110000011011000110010100100000011001000110111100100000011011100110111101110100001000000111001101100101011100100111011001100101001000000111010001101000011001010010000001110110011001010110011101100101011101000110000101100010011011000110010101110011001011000010000001101111011011100110110001111001001000000110001001101111011010010110110000100000011001100110111101110010001000000111010001101000011001010010000001100110011011000110000101110110011011110111010101110010001011100010000001000001
1110011011011010110000101101100011011000010000001110010011011110110110001101100001000000111001101101000011011110111010101101100011001000010000001100010011001010010000001101101011000010110010001100101001000000110100001101111011101000010110000100000011000010110111001100100001000000110101101100101011100000111010000100000011011000110111101101110011001110010000001100101011011100110111101110101011001110110100000100000011010010110111000100000011101000110100001100101001000000111001101100001011101010110001101100101011100000110000101101110001000000111010001101111
111001101110111011001010110110001101100001011000010000001100001011011100110010000100000011101000110100001100101011011100010000001100010011001010010000001110011011001010110111001110100001000000111010101110000001000000110100101101110001000000111010001101000011001010010000001110100011101010111001001100101011001010110111000101110
101111101000001001000000111001001101001011000110110100000100000010101110110100001101001011101000110010100100000010100110110111101110101011100000010111001011111
100001001101111011010010110110000100000011010010110111000100000011000010010000001110011011011010110000101101100011011000010000001110001011101010110000101101110011101000110100101110100011110010010000001101111011001100010000001110111011000010111010001100101011100100010000001100001001000000110101101101110011101010110001101101011011011000110010100100000011011110110011000100000010101100110010101100001011011000010110000100000011000010110111001100100001000000111001101100011011100100110000101100111001000000110111101100110
11011010111010101110100011101000110111101101110001011000010000001101101011000010110001101100101001011000010000001110111011010000110100101110100011001010010000001110000011001010111000001110000011001010111001000101100001000000111010001110111011011110010000001101111011100100010000001110100011010000111001001100101011001010010000001101111011011100110100101101111011011100111001100101100001000000110000101101110011001000010000001110011011101110110010101100101011101000010000001101000011001010111001001100010011100110010110000100000011101000110100001100101
110010001100001011110010010000001100010011001010110011001101111011100100110010100100000011110010110111101110101001000000111011101100001011011100111010000100000011101000110100001100101001000000111001101101111011101010111000000101110001000000100111001100101011110000111010000100000011001000110000101111001001000000111010001100001011010110110010100100000011011110110011001100110001000000111010001101000011001010010000001100110011000010111010000101100001000000110000101101110011001000010000001110000011101010111010000100000011101000110100001100101
110101001100101011011000110110001111001001000000110100101101110011101000110111100100000011000010010000001110011011000010111010101100011011001010111000001100001011011100010110000100000011101110110100101110100011010000010000001100001001000000111000101110101011000010111001001110100011001010111001000100000011011110110011000100000011000010010000001110000011011110111010101101110011001000010000001101111011001100010000001110011011101110110010101100101011101000010000001100001011011000110110101101111011011100110010001110011
11000100110110001100001011011100110001101101000011001010110010000101100001000000110000101101110011001000010000001100010011001010110000101110100011001010110111000100000011101000110111100100000011000010010000001110000011000010111001101110100011001010010000001101001011011100010000001100001001000000110110101101111011100100111010001100001011100100010000001110111011010010111010001101000001000000110000100100000011011000110100101110100011101000110110001100101001000000111011101100001011101000110010101110010001000000111010001101111
11100000111001001100101011101100110010101101110011101000010000001101111011010010110110001101001011011100110011100101100001000000110000101101110011001000010000001110000011101010111010000100000011101000110111100100000011010010111010000100000011000010111000001101001011001010110001101100101001000000110111101100110001000000111001101110100011000010110110001100101001000000111011101101000011010010111010001100101001000000110001001110010011001010110000101100100001011000010000001101111011100100010000001100011011100100111010101101101011000100010000001101111011001100010000001100001
11100100110111101101100011011000011101100100000011000010010000001100010011010010111010000100000011011110110011000100000011000110110111101101100011001000010000001110110011001010110000101101100001011000010000001101111011100100010000001110111011010000110100101110100011001010010000001101111011001100010000001100011011010000110100101100011011010110110010101101110001011100010000001000010011001010110000101110100001000000111010001101000011001010111001101100101001000000110000101101100011011000010000001110100011011110010000001100001001000000111000001100001011100110111010001100101
1110111011010010111010001101000001000000111010001101000011001010010000001100001011011000110110101101111011011100110010000100000011100000110000101110011011101000110010100101100001000000110000101101110011001000010000001100010011011110110100101101100001000000110100101110100001000000110000100100000011001100110010101110111001000000110110101101001011011100111010101110100011001010111001100100000011101110110100101110100011010000010000001100001001000000111000001101001011011100111010000100000011011110110011000100000011100100110000101110111
11101000110100001101001011000110110101100100000011000110111001001100101011000010110110100101100001000000110000100100000011000100110100101110100001000000110111101100110001000000110011001110010011001010111001101101000001000000110110001100101011011010110111101101110011100000110010101100101011011000010110000100000011000010110111001100100001000000110100001100001011011000110011000100000011000010010000001100010011011000110000101100100011001010010000001101111011001100010000001101101011000010110001101100101001000000111000001101111011101010110111001100100011001010110010000111011
111010001101000011001010110111000100000011000010110010001100100001000000111010001101000011010010111001100100000011101000110100001101001011000110110101101100101011011100110100101101110011001110010000001110100011011110010000001110100011010000110010100100000011100110110111101110101011100000010111000100000010011000110010101110100001000000110100101110100001000000110001001101111011010010110110000100000011101010111000000100000011000010110111001100100001000000111001101110100011100100110000101101001011011100010000001101001011101000010000001101001011011100111010001101111
111010001101000011001010010000001110100011101010111001001100101011001010110111000111010001000000110100101100110001000000110111001101111011101000010000001110011011000010110110001110100001000000110010101101110011011110111010101100111011010000010110000100000011101000110100001100101011011100010000001110000011101010111010000