0000111011101101111011100100110101100100000011101110110100101110100011010000010000001110100011010000110010100100000011100000110100001110010011000010111001101100101001000000010001001010000011100100110111101101010011001010110001101110100
100011101110101011101000110010101101110011000100110010101110010011001110010001000100000011000010111001101110011011011110110001101101001011000010111010001100101011001000010000001110111011010010111010001101000001000000110111101110010001000000110000101110000011100000110010101100001011100100110100101101110011001110010000001101111011011100010000001110100011010000110010100100000011101110110111101110010011010110010110000100000011110010110111101110101001000000110110101110101011100110111010000100000011000110110111101101101011100000110110001111001
110010101101001011101000110100001100101011100100010000001110111011010010111010001101000001000000111010001101000011001010010000001110010011001010111000101110101011010010111001001100101011011010110010101101110011101000111001100100000011011110110011000100000011100000110000101110010011000010110011101110010011000010111000001101000011100110010000000110001001011100100010100101110001100010010000001110100011010000111001001101111011101010110011101101000001000000011000100101110010001010010111000110111001000000110111101110010
1101111011000100111010001100001011010010110111000100000011100000110010101110010011011010110100101110011011100110110100101101111011011100010000001100110011011110111001000100000011101000110100001100101001000000111010101110011011001010010000001101111011001100010000001110100011010000110010100100000011101110110111101110010011010110010000001100001011011100110010000100000011101000110100001100101001000000101000001110010011011110110101001100101011000110111010000100000010001110111010101110100011001010110111001100010011001010111001001100111001011010111010001101101
1110100011100100110000101100100011001010110110101100001011100100110101100100000011000010111001100100000011100110110010101110100001000000110011001101111011100100111010001101000001000000110100101101110001000000111000001100001011100100110000101100111011100100110000101110000011010000111001100100000001100010010111001000101001011100011100000100000011011110111001000100000001100010010111001000101001011100011100100101110
110001001011100100010100101110001100110010111000100000010010010110011000100000011000010110111000100000011010010110111001100100011010010111011001101001011001000111010101100001011011000010000001010000011100100110111101101010011001010110001101110100001000000100011101110101011101000110010101101110011000100110010101110010011001110010110101110100011011010010000001100101011011000110010101100011011101000111001001101111011011100110100101100011001000000111011101101111011100100110101100100000011010010111001100100000011100000110111101110011011101000110010101100100
1110111011010010111010001101000001000000111010001101000011001010010000001110000011001010111001001101101011010010111001101110011011010010110111101101110001000000110111101100110001000000111010001101000011001010010000001100011011011110111000001111001011100100110100101100111011010000111010000100000011010000110111101101100011001000110010101110010001011000010000001111001011011110111010101110010001000000111010101110011011001010010000001100001011011100110010000100000011001000110100101110011011101000111001001101001011000100111010101110100011010010110111101101110
11011010111010101110011011101000010000001100011011011110110110101110000011011000111100100100000011101110110100101110100011010000010000001100010011011110111010001101000001000000111000001100001011100100110000101100111011100100110000101110000011010000111001100100000001100010010111001000101001011100011000100100000011101000110100001110010011011110111010101100111011010000010000000110001001011100100010100101110001101110010000001100001011011100110010000100000011000010110111001111001
11000010110010001100100011010010111010001101001011011110110111001100001011011000010000001110100011001010111001001101101011100110010000001101001011011010111000001101111011100110110010101100100001000000110001001111001001000000111010001101000011001010010000001100011011011110111000001111001011100100110100101100111011010000111010000100000011010000110111101101100011001000110010101110010001011100010000001000001011001000110010001101001011101000110100101101111011011100110000101101100001000000111010001100101011100100110110101110011
1110111011010010110110001101100001000000110001001100101001000000110110001101001011011100110101101100101011001000010000001110100011011110010000001110100011010000110010100100000010100000111001001101111011010100110010101100011011101000010000001000111011101010111010001100101011011100110001001100101011100100110011100101101011101000110110100100000010011000110100101100011011001010110111001110011011001010010000001100110011011110111001000100000011000010110110001101100001000000111011101101111011100100110101101110011
11100000110111101110011011101000110010101100100001000000111011101101001011101000110100000100000011101000110100001100101001000000111000001100101011100100110110101101001011100110111001101101001011011110110111000100000011011110110011000100000011101000110100001100101001000000110001101101111011100000111100101110010011010010110011101101000011101000010000001101000011011110110110001100100011001010111001000100000011001100110111101110101011011100110010000100000011000010111010000100000011101000110100001100101
110001001100101011001110110100101101110011011100110100101101110011001110010000001101111011001100010000001110100011010000110100101110011001000000111011101101111011100100110101100101110
110001001011100100010100101110001101000010111000100000010001000110111100100000011011100110111101110100001000000111010101101110011011000110100101101110011010110010000001101111011100100010000001100100011001010111010001100001011000110110100000100000011011110111001000100000011100100110010101101101011011110111011001100101001000000111010001101000011001010010000001100110011101010110110001101100001000000101000001110010011011110110101001100101011000110111010000100000010001110111010101110100011001010110111001100010011001010111001001100111001011010111010001101101
100110001101001011000110110010101101110011100110110010100100000011101000110010101110010011011010111001100100000011001100111001001101111011011010010000001110100011010000110100101110011001000000111011101101111011100100110101100101100001000000110111101110010001000000110000101101110011110010010000001100110011010010110110001100101011100110010000001100011011011110110111001110100011000010110100101101110011010010110111001100111001000000110000100100000011100000110000101110010011101000010000001101111011001100010000001110100011010000110100101110011
11101110110111101110010011010110010000001101111011100100010000001100001011011100111100100100000011011110111010001101000011001010111001000100000011101110110111101110010011010110010000001100001011100110111001101101111011000110110100101100001011101000110010101100100001000000111011101101001011101000110100000100000010100000111001001101111011010100110010101100011011101000010000001000111011101010111010001100101011011100110001001100101011100100110011100101101011101000110110100101110
1100010010111001000101001011100011010100101110001000000100010001101111001000000110111001101111011101000010000001100011011011110111000001111001001011000010000001100100011010010111001101110000011011000110000101111001001011000010000001110000011001010111001001100110011011110111001001101101001011000010000001100100011010010111001101110100011100100110100101100010011101010111010001100101001000000110111101110010001000000111001001100101011001000110100101110011011101000111001001101001011000100111010101110100011001010010000001110100011010000110100101110011
1100101011011000110010101100011011101000111001001101111011011100110100101100011001000000111011101101111011100100110101100101100001000000110111101110010001000000110000101101110011110010010000001110000011000010111001001110100001000000110111101100110001000000111010001101000011010010111001100100000011001010110110001100101011000110111010001110010011011110110111001101001011000110010000001110111011011110111001001101011001011000010000001110111011010010111010001101000011011110111010101110100
11100000111001001101111011011010110100101101110011001010110111001110100011011000111100100100000011001000110100101110011011100000110110001100001011110010110100101101110011001110010000001110100011010000110010100100000011100110110010101101110011101000110010101101110011000110110010100100000011100110110010101110100001000000110011001101111011100100111010001101000001000000110100101101110001000000111000001100001011100100110000101100111011100100110000101110000011010000010000000110001001011100100010100101110001100010010000001110111011010010111010001101000
110000101100011011101000110100101110110011001010010000001101100011010010110111001101011011100110010000001101111011100100010000001101001011011010110110101100101011001000110100101100001011101000110010100100000011000010110001101100011011001010111001101110011001000000111010001101111001000000111010001101000011001010010000001100110011101010110110001101100001000000111010001100101011100100110110101110011001000000110111101100110001000000111010001101000011001010010000001010000011100100110111101101010011001010110001101110100
10001110111010101110100011001010110111001100010011001010111001001100111001011010111010001101101001000000100110001101001011000110110010101101110011100110110010100101110
11000100101110010001010010111000110110001011100010000001011001011011110111010100100000011011010110000101111001001000000110001101101111011011100111011001100101011100100111010000100000011101000110111100100000011000010110111001100100001000000110010001101001011100110111010001110010011010010110001001110101011101000110010100100000011101000110100001101001011100110010000001110111011011110111001001101011001000000110100101101110001000000110000101101110011110010010000001100010011010010110111001100001011100100111100100101100
1100011011011110110110101110000011100100110010101110011011100110110010101100100001011000010000001101101011000010111001001101011011001010110010000100000011101010111000000101100001000000110111001101111011011100111000001110010011011110111000001110010011010010