0000010000001110100011010000110010101111001001000000111011101101001011011000110110000100000011011010110000101101011011001010010000001100011011000010110101101100101011100110010000001101111011100100010000001110000011101010110010001100100011010010110111001100111011100110010000001101000011001010110000101110110011110010010111000100000010000100110010101100110011011110111001001100101
1110100011010000110010101111001001000000110000101110010011001010010000001100001011001000110010001100101011001000010110000100000011000010010000001100100011101010111001101110100001000000110111101100110001000000110010001110010011110010010000001100110011011000110111101110101011100100010000001110011011010000110111101110101011011000110010000100000011000100110010100100000011101000110100001110010011011110111011101101110001000000110000101101101011011110110111001100111001000000111010001101000011001010110110100101100001000000110000101101110011001000010000001100001
111001101101000011000010110101101100101001000000110011101101001011101100110010101101110001000000111010001101111001000000111010001101000011001010110110100101100001000000111011101101000011010010110001101101000001000000110001101100001011101010111001101100101011100110010000001110100011010000110010100100000011101000110100001101001011011100110011100100000011101000110100001100001011101000010000001110100011010000110010101111001001000000110000101110010011001010010000001110000011101010111010000100000011101000110111100101100001000000111010001101111001000000110001001100101
110110001101001011001110110100001110100011001010111001000101110
1000101011001110110011101110011001000000111001101101000011011110111010101101100011001000010000001100010011001010010000001110110011001010111001001111001001000000110110001101111011011100110011100100000011000100110010101100001011101000110010101101110001011000010000001110111011010000110100101110100011001010111001100100000011000010110111001100100001000000111100101100101011011000110101101110011001000000110000101110000011000010111001001110100001011000010000001100001011011100110010000100000011000010110110001110111011000010111100101110011
11100110111010001110010011000010110100101101110011001010110010000101110
101001101110101011001110110000101110010001000000111001101101000011011110111010101101100011001000010000001100010011001010010000001110010011101010110001001100010011001010110010000100000011101000110111100100000011000010010000001110000011011110111011101100100011001010111001000100000011011110110111000100000011000010010000001100011011011000110010101100001011011100010000001100010011011110110000101110010011001000010110000100000011000010110111001100100001000000111001101101001011001100111010001100101011001000010000001110100011010000111001001101111011101010110011101101000
1100001001000000111011001100101011100100111100100100000011001100110100101101110011001010010000001101000011000010110100101110010001000000110111101110010001000000110110001100001011101110110111000100000011100110110100101100101011101100110010100101110
10011000110010101101101011011110110111001110000011001010110010101101100001000000111001101101000011011110111010101101100011001000010000001100010011001010010000001110000011000010111001001100101011001000010000001110110011001010111001001111001001000000111010001101000011010010110111000101100001000000110000101101110011001000010000001110111011010010111010001101000001000000110000100100000011011000110100101110100011101000110110001100101001000000111001101110101011001110110000101110010001000000110001001100101011000010111010001100101011011100010000001101001011011100010000001100001
1101101011000010111001001100010011011000110010100100000011011010110111101110010011101000110000101110010001000000111010001101111001000000110000100100000011100000110000101110011011101000110010100101100001000000110000101101110011001000010000001110100011010000110010101101110001000000110110101101001011110000110010101100100001000000111011101101001011101000110100000100000011000010010000001101100011010010111010001110100011011000110010100100000011101110110100101101110011001010010110000100000011011110111001000100000011000110111001001100101011000010110110100101100
11100110110111100100000011000010111001100100000011101000110111100100000011001000110100101110110011010010110010001100101001000000110010101100001011100110110100101101100011110010010000001100001011011010110111101101110011001110010000001110100011010000110010100100000011011110111010001101000011001010111001000100000011010010110111001100111011100100110010101100100011010010110010101101110011101000111001100101110
1000001011001100111010001100101011100100010000001100001011011000110110000100000011101000110100001100101001000000110000101110010011101000110100101100011011011000110010101110011001000000110000101110010011001010010000001110000011101010111010000100000011010010110111001110100011011110010000001110100011010000110010100100000011100000110000101101110001011000010000001110100011010000110010101111001001000000111001101101000011011110111010101101100011001000010000001100010011001010010000001110100011010000110111101110010011011110111010101100111011010000110110001111001
1100001011011100110010000100000011011000110111101101110011001110010000001100010011001010110000101110100011001010110111000101100001000000110000101110011001000000111010001101000011001010010000001101100011010010110011101101000011101000110111001100101011100110111001100100000011011110110011000100000011101000110100001100101001000000110001101100001011010110110010100100000011001000110010101110000011001010110111001100100011100110010000001101101011101010110001101101000001000000110111101101110001000000111010001101000011001010110100101110010
11000100110010101101001011011100110011100100000011101110110010101101100011011000010000001101001011011100110001101101111011100100111000001101111011100100110000101110100011001010110010000101110
101011101101000011001010111010001101000011001010111001000100000011000100110110001100001011000110110101100100000011011110111001000100000011101110110100001101001011101000110010100100000011100000110110001110101011011010110001101100001011010110110010101110011001011000010000001110100011010000110010101111001001000000111001001100101011100010111010101101001011100100110010100100000011011000110010101110011011100110010000001100010011101010111010001110100011001010111001000100000011000010110111001100100001000000110010101100111011001110111001100100000011001100110111101110010
1101000011000010111011001101001011011100110011100100000011110010110010101100001011100110111010000101100001000000110000101101110011001000010000001100101011000010111010000100000011001010111000101110101011000010110110001101100011110010010000001101100011010010110011101101000011101000010000001100001011011100110010000100000011100100110100101100011011010000010111000100000010010010110011000100000011101000110100001100101001000000110110001100101011000010111011001100101011011100010000001100010011001010010000001101111011011100110110001111001001000000110111101100110
110011001101100011011110111010101110010001011000010000001101101011010010110110001101011001000000110000101101110011001000010000001110111011000010111010001100101011100100010110000100000011000010110111001100100001000000111100101100101011000010111001101110100001011000010000001101001011101000010000001100010011001010110001101101111011011010110010101110011001000000110110101101111011100100110010100100000011101000110111101110101011001110110100000101100001000000110000101101110011001000010000001101001011100110010000001101100011001010111001101110011
1100101011000010111001101101001011011000111100100100000011001000110100101110110011010010110010001100101011001000010110000100000011000010110111001100100001000000110100101100110001000000111010001101000011001010010000001100010011101010111010001110100011001010111001000100000011000100110010100100000011001100110100101110010011100110111010000100000011100000111010101110100001000000111011101101001011101000110100000100000011101000110100001101111011100110110010100100000011010010110111001100111011100100110010101100100011010010110010101101110011101000111001100101100
1100001011011100110010000100000011101000110100001100101001000000110010001101111011101010110011101101000001000000110000101100110011101000110010101110010011101110110000101110010011001000111001100100000011100110110010101110100001000000111010001101111001000000111001001101001011100110110010100100000011000100111100100100000011101000110100001100101001000000110011001101001011100100110010100101110
101010001101000011001010010000001101000011001010110000101110100001000000110111101100110001000000111010001101000011001010010000001101111011101100110010101101110001000000110100101110011001000000110111101100110001000000110011101110010011001010110000101110100001000000110100101101101011100000110111101110010011101000110000101101110011000110110010100100000011001100110111101110010001000000110001101100001011010110110010101110011001011000010000001100101011100110111000001100101011000110110100101100001011011000110110001111001001000000111010001101000011011110111001101100101
11101000110100001100001011101000010000001100001011100100110010100100000011011000110000101110010011001110110010100101110001000000100100101100110001000000110111001101111011101000010000001110000011100100110010101110100011101000111100100100000011100010111010101101001011000110110101100101100001000000111010001101000011001010010000001100010011000010111010001110100011001010111001000100000011101110110100101101100011011000010000001101110011011110111010000100000011100100110100101110011011001010010111000100000010100110110100001101111011101010110110001100100
1111001011011110111010100100000011001100110010101100001011100100010000001101001011101000111001100100000011000110110000101110100011000110110100001101001011011100110011100100000011000100111100100100000011000100110010101101001011011100110011100100000011101000111011101101111001000000111000101110101011010010110001101101011001011000010000001110000011101010111010000100000011100110110111101101101011001010010000001110000011000010111000001100101011100100010000001101111011101100110010101110010001000000111010001101000011001010010000001100011011000010110101101100101
111010001101111001000000111000001110010011001010111011001100101011011100111010000100000011010010111010001110