00101001000000110010101100101011011000111001100100000011010010110111000100000011011000110010101101110011001110111010001101000011100110010000001101111011001100010000001110100011101110110111100100000011011110111001000100000011101000110100001110010011001010110010100100000011010010110111001100011011010000110010101110011001110100010000001110011011001010110000101110011011011110110111000100000011101110110100101110100011010000010000001110000011001010111000001110000011001010111001000100000011000010110111001100100
11100110110000101101100011101000010110000100000011000010110111001100100001000000111000001101100011000010110001101100101001000000110100101101110001000000111010001101000011001010010000001100100011010010111001101101000001011000010000001110111011010010111010001101000001000000111001101101111011011010110010100100000011000100110100101110100011100110010000001101111011001100010000001100010011101010111010001110100011001010111001000100000011000010110111001100100001000000110000100100000011011000110100101110100011101000110110001100101
1110111011000010111010001100101011100100010110000100000011000010110111001100100001000000110001101101111011101100110010101110010001000000110100101110100001000000111011101101001011101000110100000100000011100000110000101110011011101000110010100101110
10111110101001101110000011010010111010001100011011010000110001101101111011000110110101100100000010001010110010101101100011100110010111001011111
101010001100001011010110110010100100000011000010010000001101100011000010111001001100111011001010010000001101111011011100110010100101100001000000110110001100101011000010111011001100101001000000111010001101000011001010010000001110011011010110110100101101110001000000110111101101110001011000010000001100011011101010111010000100000011010010111010000100000011010010110111000100000011100000110100101100101011000110110010101110011001000000110111101100110001000000110011001101111011101010111001000100000011010010110111001100011011010000110010101110011
1101100011011110110111001100111001011000010000001101111011100000110010101101110001000000110100101110100001000000110111101101110001000000111010001101000011001010010000001100010011001010110110001101100011110010010000001110011011010010110010001100101001011000010000001100001011011100110010000100000011000110110110001100101011000010110111000100000011010010111010000100000011011100110100101100011011001010110110001111001001110100010000001110111011010010111000001100101001000000110100101110100001000000110010001110010011110010010110000100000011000010110111001100100
1110100011010000110010101101110001000000111011101100101011101000010000001101001011101000010000001110111011010010111010001101000001000000110000100100000011000100110010101100001011101000110010101101110001000000110010101100111011001110010110000100000011000010110111001100100001000000111001101110100011100100110010101110111001000000110100101110100001000000110111101110110011001010111001000100000011011110110111000100000011000100110111101110100011010000010000001110011011010010110010001100101011100110010000001110111011010010111010001101000
110001101101000011011110111000001110000011001010110010000100000011100000110000101110010011100110110110001100101011110010010110000100000011100000110010101110000011100000110010101110010001011000010000001110011011000010110110001110100001011000010000001100001001000000111011001100101011100100111100100100000011011000110100101110100011101000110110001100101001000000111001101100001011001110110010100101100001000000110000101101110011001000010000001100001001000000110001001101001011101000010000001101111011001100010000001101101011000010110001101100101
111000001101111011101010110111001100100011001010110010000100000011001100110100101101110011001010010110000100000011000010110111001100100001000000110110101101001011110000110010101100100001000000111011101101001011101000110100000100000011101000110100001100101001000000111001101100101011000010111001101101111011011100110100101101110011001110010111000100000010100100111010101100010001000000111010001101000011001010010000001100111011100100110100101100100011010010111001001101111011011100010000001110111011010010111010001101000001000000110000100100000011000100110100101110100
11011110110011000100000011100110111010101100101011101000010110000100000011000010110111001100100001000000110001001110010011011110110100101101100001000000111010001101000011001010010000001100110011010010111001101101000001000000110111101100110001000000110000100100000011001100110100101101110011001010010000001100011011011110110110001101111011101010111001000101110
1010011011001010111001001110110011001010010000001110111011010010111010001101000001000000110000101101110011000110110100001101111011101100111100100100000011000010110111001100100001000000110001001110101011101000111010001100101011100100010000001100110011011110111001000100000011100110110000101110101011000110110010100101110
1011111010001100111001001101001011001010110010000100000010001010110010101101100011100110010111001011111
1001001011001100010000001110011011011010110000101101100011011000010110000100000011101000110100001100101011110010010000001110011011010000110111101110101011011000110010000100000011000100110010100100000011000110111010101110010011011000110010101100100001000000111001001101111011101010110111001100100001000000110000101101110011001000010000001100110011100100110100101100101011001000010110000100000011000100110010101101001011011100110011100100000011001100110100101110010011100110111010000100000011001000110100101110000011100000110010101100100001000000110100101101110
11001010110011101100111001000000110000101101110011001000010000001100011011100100111010101101101011000100111001100100000011011110110011000100000011000100111001001100101011000010110010000101110
101111101000010011011110110100101101100011001010110010000100000010001010110010101101100011100110010111001011111
101010001101000011001010010000001110011011011010110000101101100011011000010000001101111011011100110010101110011001000000110000101110010011001010010000001110000011100100110010101100110011001010111001001100001011000100110110001100101001011100010000001000100011011110010000001110100011010000110010101101101001000000110100101101110001000000110000100100000011100110110110101100001011011000110110000100000011100010111010101100001011011100111010001101001011101000111100100100000011011110110011000100000011101110110000101110100011001010111001000101100
11101110110100101110100011010000010000001100001001000000110011101101111011011110110010000100000011001000110010101100001011011000010000001101111011001100010000001110000011000010111001001110011011011000110010101111001001011000010000001110111011010000110100101100011011010000010000001110011011010000110111101110101011011000110010000100000011000100110010100100000011100110110010101110010011101100110010101100100001000000111010101110000001000000111011101101001011101000110100000100000011101000110100001100101011011010010000001100001011011100110010000100000011101000110100001100101
1101100011010010111000101110101011011110111001000101110
1010011011001010111001001110110011001010010000001100011011010000110111101110000011100000110010101100100001000000111000001100001011100100111001101101100011001010111100100100000011000010110111001100100001000000110001001110101011101000111010001100101011100100010000001100110011011110111001000100000011100110110000101110101011000110110010100101110
10111110100010101100101011011000010000001000010011100100110111101110100011010000101111100101100
101011001100101011100100111100100100000011011100110111101110101011100100110100101110011011010000110100101101110011001110010000001100110011011110111001000100000011101000110100001100101001000000111001101101001011000110110101100101110
10000010111001100100000011000010110001001101111011101100110010100111011001000000110001001110101011101000010000001110100011011110010000001100010011001010010000001110011011101000110010101110111011001010110010000100000011101000111011101101111001000000110100001101111011101010111001001110011001011000010000001100001011011100110010000100000011000010110111000100000011011110110111001101001011011110110111000100000011000010110111001100100001000000111000001100101011100000111000001100101011100100110001101101111011100100110111001110011
11000010110010001100100011001010110010000111010001000000111001101100001011011000111010000100000011101000110111100100000011101000110000101110011011101000110010100101110
1011111010000110110111101101100011011000110000101110010011001010110010000100000010001010110010101101100011100110010111001011111
1000010011011110110111001100101001000000110000100100000011011000110000101110010011001110110010100100000011001010110010101101100001011000010000001100010011101010111010000100000011001000110111100100000011011100110111101110100001000000111001101101011011010010110111000100000011010010111010000111010001000000110110101101001011110000010000001110000011001010111000001110000011001010111001000101100001000000111001101100001011011000111010000101100001000000110110101100001011000110110010100101100001000000111000001101001011011010110010101101110011101000110111100101100
11000010110111001100100001000000110000100100000011000110110110001101111011101100110010100100000011011110111001000100000011101000111011101101111001011000010000001101001011011100010000001110100011010000110010100100000011001100110100101101110011001010111001101110100001000000111000001101111011101110110010001100101011100100010110000100000011000010110111001100100001000000111001001110101011000100010000001101111011101100110010101110010001000000111010001101000011001010010000001110111011010000110111101101100011001010010000001101001011011100111001101101001011001000110010100111010
11100100110111101101100011011000010000001101001011101000010000001110100011010010110011101101000011101000010110000100000011000010110111001100100001000000110001001101001011011100110010000100000011010010111010000100000011101110110100101110100011010000010000001100001001000000110001101101111011000010111001001110011011001010010000001110100011000010111000001100101001011100010000001000010011011110110100101101100001000000110100101110100001000000110100101101110001000000111001101100001011011000111010000100000011000010110111001100100001000000111011101100001011101000110010101110010
11101000110100101101100011