1000100000011101000110100001110010011001010110010100100000011100000110111101110101011011100110010001110011001000000110111101100110001000000110010001110010011110010010000001100110011011000110111101110101011100100010110000100000011000010110111001100100001000000110011001101001011101100110010100100000011011110111010101101110011000110110010101110011
110111101100110001000000110011001101001011011100110010100100000010011000110100101110011011000100110111101101110001000000111001101110101011001110110000101110010001110110010000001100001011001000110010000100000011100110110100101111000001000000110111101110101011011100110001101100101011100110010000001101111011001100010000001100011011101010111001001110010011000010110111001110100011100110010110000100000011101110110000101110011011010000110010101100100001000000110000101101110011001000010000001100100011100100110100101100101011001000010110000100000011000010110111001100100
111001101101111011011010110010100100000011100000110100101101101011001010110111001110100011011110010000001100110011010010110111001100101011011000111100100100000011100000110111101110111011001000110010101110010011001010110010000101110001000000101000001110101011101000010000001110100011010000111001001100101011001010010000001110011011100000110111101101111011011100110011001110101011011000111001100100000011011110110011000100000011110010110010101100001011100110111010000100000011010010110111001110100011011110010000001100001
101011101101001011011100110001101101000011001010111001101110100011001010111001000100000011100000110100101101110011101000010000001101111011001100010000001101110011001010111011100100000011011010110100101101100011010110010000001110111011000010111001001101101011001010110010000101100001000000110000101101110011001000010000001101101011010010111100000100000011010010110111001110100011011110010000001100001001000000110110001101001011001110110100001110100001000000110010001101111011101010110011101101000001000000111011101101001011101000110100000100000011101000110100001100101
1100001011000100110111101110110011001010010111000100000010011010110000101101011011001010010000001101001011101000010000001101001011011100111010001101111001000000111010001110111011001010110110001110110011001010010000001100011011000010110101101100101011100110010110000100000011000010110111001100100001000000110001001100001011010110110010100100000011011110110111000100000011000010010000001100110011011000110111101110101011100100110010101100100001000000111010001101001011011100010000001101000011000010110110001100110001000000110000101101110
110100001101111011101010111001000101110
1011111010000100110010101101110011101000110111101101110001000000101010001100101011000010010000001000011011000010110101101100101011100110010111001011111
100110101101001011110000010000001100001001000000111000001100001011100110111010001100101001000000110111101100110001000000110011001101100011011110111010101110010001011000010000001100001001000000110110001101001011101000111010001101100011001010010000001100010011010010111010000100000011011110110011000100000011000100111010101110100011101000110010101110010001011000010000001100001011011100110010000100000011011010110100101101100011010110011101100100000011100100110111101101100011011000010000001100001011100110010000001110100011010000110100101101110001000000110000101110011
11100000110111101110011011100110110100101100010011011000110010100101100001000000110000101101110011001000010000001100010011000010110101101100101001000000110111101101110001000000110000100100000011000100110000101100011011010110010110101110011011101000110111101101110011001010010000001101111011101100110010101110010001000000111010001101000011001010010000001100110011010010111001001100101001011000010000001101111011100100010000001101111011011100010000001100001001000000110100001101111011101000010000001101000011001010110000101110010011101000110100000101110
10111110100000101101110011011110111010001101000011001010111001000100000011100110110111101110010011101000010110000100000011000010111001100100000010000100110100101110011011000110111010101101001011101000010111001011111
10100100111010101100010001000000110100101101110011101000110111100100000011000010010000001110000011011110111010101101110011001000010000001101111011001100010000001100110011011000110111101110101011100100010000001110011011010010111100000100000011011110111010101101110011000110110010101110011001000000110111101100110001000000110001001110101011101000111010001100101011100100010110000100000011000010110111001100100001000000111010001101000011100100110010101100101001000000110110001100001011100100110011101100101
11100110111000001101111011011110110111001100110011101010110110001110011001000000110111101100110001000000111100101100101011000010111001101110100001011000010000001100001011011100110010000100000011011010110000101101011011001010010000001101001011011100111010001101111001000000110000100100000011100000110000101110011011101000110010100101100001000000111011101101001011101000110100000100000011000010010000001110011011101010110011001100110011010010110001101101001011001010110111001110100001000000111000101110101011000010110111001110100011010010111010001111001001000000110111101100110
110111001100101011101110010000001101101011010010110110001101011001110110010000001101101011000010110101101100101001000000110100101101110011101000110111100100000011000100110100101110011011000110111010101101001011101000010110000100000011000010110111001100100001000000111000001110010011010010110001101101011001000000111010001101000011001010110110100100000011101110110100101110100011010000010000001100001001000000110001101101100011001010110000101101110001000000110011001101111011100100110101100101110
10111110100000101101110011011110111010001101000011001010111001000100000011100110110111101110010011101000010111001011111
10011010110010101101100011101000010000001110011011010010111100000100000011011110111001000100000011100110110010101110110011001010110111000100000011011110111010101101110011000110110010101110011001000000110111101100110001000000110001001110101011101000111010001100101011100100010000001110111011010010111010001101000001000000110000100100000011100110111010101100110011001100110100101100011011010010110010101101110011000110111100100100000011011110110011000100000011011100110010101110111001000000110110101101001011011000110101100100000011101110110000101110010011011010110010101100100
11101000110111100100000011011010110000101101011011001010010000001110011011001010111011001100101011011100010000001110000011011110111010101101110011001000111001100100000011011110110011000100000011001100110110001101111011101010111001000100000011010010110111001110100011011110010000001100001001000000111001101110100011010010110011001100110001000000111000001100001011100110111010001100101001110100010000001110010011011110110110001101100001000000111010001101000011010010110111000101100001000000110000101101110011001000010000001101101011000010110101101100101
1101001011011100111010001101111001000000110001001101001011100110110001101110101011010010111010000101110
10111110100100001100001011100100110010000100000010000100110100101110011011000110111010101101001011101000010111001011111
1010111011000010111001001101101001000000111010001110111011011110010000001101111011101010110111001100011011001010111001100100000011011110110011000100000011000100111010101110100011101000110010101110010001000000110100101101110001000000110000101110011001000000110110101110101011000110110100000100000011100110110101101101001011011010110110101100101011001000010000001101101011010010110110001101011001000000110000101110011001000000111011101101001011011000110110000100000011011010110000101101011011001010010000001100001001000000111000001101111011101010110111001100100
1101111011001100010000001100110011011000110111101110101011100100010000001101001011011100111010001101111001000000110000100100000011101100110010101110010011110010010000001110011011101000110100101100110011001100010000001110000011000010111001101110100011001010010110000100000011000100110010101100001011101000010000001101001011101000010000001110111011010010111010001101000001000000110000100100000011100100110111101101100011011000110100101101110011001110010000001110000011010010110111000101100001000000110000101101110011001000010000001110111011011110111001001101011
110100101110100001000000111011001100101011100100111100100100000011100110110110101101111011011110111010001101000001011100010000001010010011011110110110001101100001000000110100101110100001000000111010001101000011010010110111000101100001000000110000101101110011001000010000001100011011101010111010000100000011010010111010000100000011010010110111001110100011011110010000001110010011011110111010101101110011001000010000001100010011010010111001101100011011101010110100101110100001110110010000001110000011100100110100101100011011010110010000001110100011010000110010101101101
11001100111010101101100011011000010000001101111011001100010000001101000011011110110110001100101011100110010000001110111011010010111010001101000001000000110000100100000011001100110111101110010011010110010111000100000010000010110001001101111011101010111010000100000011100110110100101111000001000000110110101101001011011100111010101110100011001010111001100100000011101110110100101101100011011000010000001100010011000010110101101100101001000000111010001101000011001010110110100101110
1011111010001100110110001100001011101000010000001000011011000010110101101100101011100110010110000100000011101000110100001100001011101000010000001110111011010010110110001101100001000000110101101100101011001010111000000100000011011000110111101101110011001110010000001101001011011100010000001110100011010000110010100100000011010000110111101110101011100110110010100100000011001110110111101101111011001000010111001011111
1001101011010010111100000100000011101000111011101101111001000000111000001101111011101010110111001100100011100110010000001101111011001100010000001100110011011000110111101110101011100100010110000100000011011110110111001100101001000000111000001101111011101010110111001100100001000000110111101100110001000000111001101110101011001110110000101110010001011000010000001100001011011100110010000100000011011110110111001100101001000000110111101110101011011100110001101100101001000000110111101100110001000000110001101100001011100100111001001100001011101