1100100000011010000110100101100100011001010010000001110100011010000110010100100000011000100110000101100100001000000110001101101111011011000110111101110101011100100010000001101111011001100010110000100000001100010011000000111001
1100110011011110111001001100011011001010110110101100101011000010111010000100000011001100110111101110010001000000111000001101001011001010111001100100000011011110110011000100000011000010110111001111001001000000110101101101001011011100110010000101100001000000011100000110001
1100110011100100110100101100011011000010111001101110011011001010110010100100000011011110110011000100000011000110110100001101001011000110110101101100101011011100111001100101100001000000011011100111001
110000101101110011011110111010001101000011001010111001000100000011101110110100001101001011101000110010100100000011100110110000101110101011000110110010100101100001000000110110101101111011100100110010100100000011001010110000101110011011010010110110001111001001000000110110101100001011001000110010100101100001000000011011100110001
11000110110111101101100011011000110111101110000011100110010000001101111011001100010000001100011011011110110110001100100001000000110001101101000011010010110001101101011011001010110111000101100001000000011010000110101
11101000110111100100000011100000110111101110100001000000110001101101000011010010110001101101011011001010110111000100000011101110110100101110100011010000010000001101000011000010110110100101100001000000011010000110111
1011111010001100111001001100001011010010111001101100101010111110010110000100000001100010011100000110010
101111101000110011100100110010101101110011000110110100001011111001000000110001001100101011000010110111001110011001011000010000001110100011011110010000001110000011100100110010101110011011001010111001001110110011001010010000001110100011011110010000001100101011000010111010000100000011010010110111000100000011101000110100001100101001000000111011101101001011011100111010001100101011100100010110000100000001100010011001100110000
1100010011100100110010101100001011001000010110000100000001100100011001000111001
1110010011011110110110001101100011100110010110000100000001100100011001000110111
10111110100011001110010011010010110001101100001011011100110010001100101011000010111010101011111001011000010000000110101001101000010110000100000001100010011001000110111
10111110100011001110010011010010111010001110100011001010111001001110011010111110010110000100000001100010011100000110010
10100110111000001100001011011100110100101110011011010000010110000100000001100010011100000110011
11100000110111101110100011000010111010001101111011001010010110000100000001100010011100000110011
10111110100011001110010011011110111010001101000010111110010110000100000011101000110111100100000011100110110010101110100001000000110111101101110001000000110001101110010011001010110000101101101001011000010000001100011011101010111001101110100011000010111001001100100001011000010000001101111011100100010000001110100011100100110100101100110011011000110010100101100001000000111011101101000011010010110001101101000001000000110110001101111011011110110101101110011001000000110000101101110011001000010000001100101011000010111010001110011
11101110110010101101100011011000010110000100000001100010011011000110010
100011001010010010101010100100101010100010100110010000001010100010011110010000001001011010001010100010101010000001011000010000000110001001110000011011000100000011101000110111100100000001100100011000100110001
1011111010001100111010101110010011100110101111100101100001000000111010001101111001000000111000001110010011001010111001101100101011100100111011001100101001000000110011001110010011011110110110100100000011011010110111101110100011010000010110000100000001100100011011100110110
100011100101110
10111110100011101100101011011110111001001100111011001010101111100100000011100000111010101100100011001000110100101101110011001110010110000100000001100010011010100110011
1011111010001110110010101110010011011010110000101101110010111110010110000100000001100010011010000110101
1011111010001110110100101100010011011000110010101110100010111110010000001110000011110010110010100101100001000000011100000110101
111001101101111011101010111000000101100001000000011100100110011
1110011011101000110010101110111011001010110010000101100001000000011100000110101
1011111010001110110100101101100011001000110100101101110011001110101111100101100001000000111010001101111001000000111000001110010011001010111001101100101011100100111011001100101001000000110000101101110011001000010000001100011011011000110010101100001011011100010110000100000001100100011011100110011
1011111010001110110100101101110011001110110010101110010010111110010000001100100011100100110111101110000011100110010110000100000011000010010000001100111011011110110111101100100001000000111001101110100011011110110110101100001011000110110100001101001011000110010110000100000001100100011000000110010
111011101101001011011100110010100101100001000000110010101111000011000110110010101101100011011000110010101101110011101000010110000100000001100100011010000110010
11000010110111001101111011101000110100001100101011100100010110000100000001100100011010000110010
10111110100011101101001011011100110011101100101011100100110001001110010011001010110000101100100010111110010110000100000001100100011001000110101
110000101101110011011110111010001101000011001010111001000100000011100110110111101110010011101000010110000100000001100100011001000110101
111010001101111001000000110110101100001011010110110010100100000011001110110111101101111011001000010000001110111011010010111010001101000011011110111010101110100001000000110001001110101011101000111010001100101011100100010110000100000001100100011001000110110
101111101000111011011000110111101110101011000110110010101110011011101000110010101110010010111110010000001101010011001010110110001101100011110010010110000100000001100100011011000110001
1011111010001110110111101101100011001000110010101101110011100000110100101110000011100000110100101101110011100110101111100101100001000000111001101110100011001010111011101100101011001000010110000100000001100010011011100110101
10111110100011101101111011011110111001101100101010111110010110000100000011101000110111100100000011100100110111101100001011100110111010000101100001000000011100000110100
1100111011100100110010101100101011011100010000001110000011010010110010100101100001000000011100000110101
101111101000111011011110110111101110011011001010110001001100101011100100111001001101001011001010111001101011111001011000010000001110100011011110010000001110000011100100110010101110011011001010111001001110110011001010010110000100000001100010011100000110110
1100001011011100110111101110100011010000110010101110010001000000111011101100001011110010010110000100000001100010011100000110111
11000010110111001101111011101000110100001100101011100100010110000100000001100010011100000111000
11001100110111101101111011011000010110000100000001100010011011100110010
11010000110111101110000011100110010110000100000001100100011000000110101
1101010011000010110110100101100001000000110011001101111011100100010000001110100011000010111001001110100011100110010110000100000001100100011000000110000
11000010110111001101111011101000110100001100101011100100010110000100000001100100011000000110001
1110111011010000110100101110100011001010010110000100000001100100011000000110001
1110000011101010110010001100100011010010110111001100111001011000010000001100010011000010110101101100101011001000010110000100000001100010011010100110100
11101100110100101101110011001010110011101100001011100100010110000100000001100010011000100110110
10111110100011101110010011000010111000001100101011100110101111100101100001000000111010001101111001000000111000001110010011001010111001101100101011100100111011001100101001000000110100101101110001000000110001001110010011000010110111001100100011110010010110000100000001100100011000000110101
10111110100011101110010011000010111010001100101011100110101111100101100001000000111010001101111001000000110001101101100011001010110000101101110001000000111010001101000011001010010000001100010011000010110001101101011011100110010000001101111011001100010110000100000001100100011011100110001
1011111010001110111001001100001011101100111100101011111001011000010000001100011011011000110010101100001011100100010110000100000001100010011000000110010
1110100011011110010000001100100011100100110000101110111001000000111010001101000011000010111010000100000011101110110100101101100011011000010000001101011011001010110010101110000001000000110000100100000011101110110010101100101011010110010110000100000001100010011000000110010
11000010010000001110010011010010110001101101000001000000110111101101110011001010010110000100000001100010011000000110011
11101100110010101100001011011000010110000100000001100010011000000110100
111001101101111011101010111000000101100001000000011100100110101
1011111010001110111001001100101011001010110111001011111001011000010000001110100011011110010000001110011011101000110000101101001011011100010000001101010011001010110110001101100011010010110010101110011001011000010000001101001011000110110010101110011001011000010000001101111011100100010000001100011011000010110101101100101011100110010110000100000001100100011000000110011
10111110100011101110010011011110111010101110011011001010101111100101100001000000011100000110010
11101000110111100100000011100000110111101110100001000000111010001101000011001010110110100101100001000000011100000110010
100100000101110
1011111010010000110000101100100011001000110111101100011011010110101111100101100001000000011000100110100
1110011011101000111010101100110011001100110100101101110011001110010000001100110011011110111001000101100001000000011000100110110
1011111010010000110000101101101011100110101111100101100001000000111010001101111001000000110001101110101011100100110010100101100001000000011011000110001
11000010110111001101111011101000110100001100101011100100010000001110111011000010111100100101100001000000011011000110001
11000010110111001101111011101000110100001100101011100100010000001110111011000010111100100101100001000000011011000110010
1100001011011100110111101110100011010000110010101110010001000000111011101100001011110010010110000100000011101000110100001100001011101000010000001100111011010010111011001100101011100110010000001100001001000000110100001101001011001