011101000110010101110010011001100110010101101001011101000110010101100100
1110111011010010111010001101000001000000110001001100001011001000010000001100101011001100110011001100101011000110111010000101110
1001101011010010111100000100000011000010010000001101100011000010111001001100111011001010010000001110011011100000110111101101111011011100110011001110101011011000010000001101111011001100010000001110100011010000110010100100000011100000110111101110111011001000110010101110010001000000111011101101001011101000110100000101100001000000110000100100000011101000110010101100001011000110111010101110000001000000110111101100110001000000110001101101111011011000110010000100000011101110110000101110100011001010111001000101100001000000110001001111001
11001000110010101100111011100100110010101100101011100110010110000100000011000010110111001100100001000000111000101110101011010010111010001100101001000000111001101101101011011110110111101110100011010000010111000100000010100000111010101110100001000000111001001100001011101000110100001100101011100100010000001101101011011110111001001100101001000000111010001101000011000010110111000100000011000010010000001110000011010010110111001110100001000000110111101100110001000000111011101100001011101000110010101110010001000000110111101110110011001010111001000100000011101000110100001100101
1100110011010010111001001100101001011000010000001110111011010010111010001101000001000000111001101101111011011010110010100100000011101110110100001101001011101000110010100100000011100110111010101100111011000010111001000101100001000000111001101100011011100100110000101110000011001010110010000100000011011100111010101110100011011010110010101100111001011000010000001100001011011100110010000100000011000010010000001110011011100000110111101101111011011100110011001110101011011000010000001100001011011100110010000100000011000010010000001101000011000010110110001100110
11011110110011000100000011000100111001001100001011011100110010001111001001011000010000001101111011100100010000001110100011101110110111100101110001000000101010001101000011001010010000001101101011011110110110101100101011011100111010000100000011010010111010000100000011000100110111101101001011011000111001100101100001000000111000001101111011101010111001000100000011101000110100001100101001000000111000001101111011101110110010001100101011100100010000001100001011011100110010000100000011101110110000101110100011001010111001000100000011010010110111000101100
111001101110100011010010111001001110010011010010110111001100111001000000110100101110100001000000111011101100101011011000110110000111011001000000110000101101110011001000010000001110111011010000110010101101110001000000110100101110100001000000110001001101111011010010110110001110011001000000111010101110000001000000110100101110100001000000110100101110011001000000110010001101111011011100110010100101110
101010001101000011010010111001100100000011010010111001100100000011000010010000001110110011001010111001001111001001000000111010101110011011001010110011001110101011011000010000001110100011010000110100101101110011001110010000001101001011011100010000001100001001000000110100001101111011101010111001101100101001110110010000001100001011011100110010000100000011010010110111000100000011101000110100001100101001000000110000101100010011011110111011001100101001000000110110101101111011001000110010100100000011000010010000001110011011010010110001101101011
111000001100101011100100111001101101111011011100010000001101101011000010111100100100000011000100110010100100000011100110111010101110000011100000110110001101001011001010110010000100000011101110110100101110100011010000010000001100001001000000110011001101001011011100110010100100000011100110111010101110000011100000110111101110010011101000110100101101110011001110010000001101101011001010110000101101100001000000110100101101110001000000110000100100000011001100110010101110111001000000110110101101001011011100111010101110100011001010111001100101110
101010001101000011010010111001100100000011000010110111001100100001000000111010001101000011001010010000001100110011011110110110001101100011011110111011101101001011011100110011100100000011000010111001001100101001000000111000001100001011100100111010001101001011000110111010101101100011000010111001001101100011110010010000001100111011011110110111101100100001000000110100101101110001000000110001001101111011101110110010101101100001000000110001101101111011011010111000001101100011000010110100101101110011101000111001100101110
101111101000001001000000100011001101100011011110111010101110010001000000100001101100001011101010110010001101100011001010010111001011111
1001001011011100111010001101111001000000110011001101001011101100110010100100000011011000110000101110010011001110110010100100000011100110111000001101111011011110110111001100110011101010110110001110011001000000110111101100110001000000111010001101000011001010010000001110000011101010111001001100101011100110111010000100000011101110110000101110100011001010111001000101100001000000111001001110101011000100010000001110011011011010110111101101111011101000110100000100000011011110110111001100101
1100100011001010111001101110011011001010111001001110100011100110111000001101111011011110110111001100110011101010110110000100000011011110110011000100000011001100110100101101110011001010010000001100110011011000110111101110101011100100010111000100000010100110110010101110100001000000110111101110110011001010111001000100000011101000110100001100101001000000110011001101001011100100110010100100000011001100110100101110110011001010010000001110011011100000110111101101111011011100110011001110101011011000111001100100000011011110110011000100000011011100110010101110111
110110101101001011011000110101100101100001000000110000101101110011001000010000001110000011101010111010000100000011101000111011101101111001000000110001001101001011101000111001100100000011011110110011000100000011100110111010101100111011000010111001000100000011010010110111001110100011011110010000001101001011101000011101100100000011101000110100001100101001000000110110101101111011011010110010101101110011101000010000001101001011101000010000001100010011011110110100101101100011100110010110000100000011100000110111101110101011100100010000001101001011011100111010001101111
11010010111010000101100001000000111010001101000011001010010000001100110011011000110111101110101011100100010000001100001011011100110010000100000011101110110000101110100011001010111001000101100001000000110000101101110011001000010000001110011011101000110100101110010001000000110100101110100001000000110111101110110011001010111001000100000011000010010000001110011011011000110111101110111001000000110011001101001011100100110010100100000011101000111011101100101011011100111010001111001001000000110110101101001011011100111010101110100011001010111001100101110
1011111010000010010000001010010011010010110001101100101001000000100001101100001011101010110010001101100011001010010111001011111
1010011011011110110000101101011001000000111001101101111011011010110010100100000010000110110000101110010011011110110110001101001011011100110000100100000011100100110100101100011011001010010000001101001011011100010000001110111011000010111010001100101011100100010000001100001011011100010000001101000011011110111010101110010001011000010000001110011011101000111001001100001011010010110111000100000011010010111010000101100001000000110000101101110011001000010000001110000011101010111010000100000011101000111011101101111
111001101110000011011110110111101101110011001100111010101101100011100110010000001101111011001100010000001110100011010000110010100100000011100100110100101100011011001010010000001101001011011100111010001101111001000000110000100100000011100000110100101101110011101000010000001100001011011100110010000100000011000010010000001110001011101010110000101110010011101000110010101110010001000000110111101100110001000000110110101101001011011000110101100111011001000000111001101101001011011010110110101100101011100100010000001110100011010010110110001101100001000000110100101110100
11101110110100101101100011011000010000001110000011101010110110001110000001000000111010001101000011100100110111101110101011001110110100000100000011000010010000001110011011010010110010101110110011001010010110000100000011101000110100001100101011011100010000001110000011101010111010000100000011101000110100001100101001000000111000001110101011011000111000000100000011000010110111001100100001000000110110101101001011011000110101100100000011010010110111001110100011011110010000001110100011010000110010100100000011100110110000101110101011000110110010101110000011000010110111000101100
11101110110100101110100011010000010000001100001001000000110001001110010011101010110100101110011011001010110010000100000011000110110110001101111011101100110010100100000011000010110111001100100001000000110000100100000011000100110100101110100001000000110111101100110001000000111011101101000011010010111010001100101001000000111001101110101011001110110000101110010001011100010000001010011011010010110110101101101011001010111001000100000011101000110010101101110001000000110110101101001011011100111010101110100011001010111001100111011001000000110100101100110
111010001101111011011110010000001110100011010000110100101100011011010110010110000100000011000010110010001100100001000000110000100100000011100110111000001101111011011110110111001100110011101010110110000100000011011110111001000100000011101000111011101101111001000000110111101100110001000000110110101101001011011000110101100101100001000000110000101101110011001000010000001110011011001010111001001110110011001010010000001110111011010010111010001101000001000000111010001101000011010010110111000100000011101000110111101100001011100110111010000101110
1011111010001110110110001101111011101010110001101100101011100110111010001100101011100100010000001101010011001010110110001101100011110010010111001011111
101010001100001011010110110010100100000011100100110100101100011011001010010110000100000011100110110000101100111011011110010110000100000011100000110010101100001011100100110110001100010011000010111001001101100011001010111100100101100001000000110100001100001011100100111010001110011011010000110111101110010011011100010000001110011011010000110000101110110011010010110111001100111011100110010000001100001011011100110010000100000011001010111001001101001011011100110011101101111