001011100110010000001110000011101010111010000100000011011110110111000100000011101000110100001100101001000000111010001101111011100000010110000100000011000010110111001100100001000000111000001101111011101010110111001100100011001010110010000100000011000110110100101101110011011100110000101101101011011110110111000100000011000010110111001100100
11100110111010101100111011000010111001000101110
1011111010100110111010001100001011001100110011001101111011100100110010001110011011010000110100101110010011001010010000001010011011110010110110001101100011000010110001001110101011000100010111001011111
101000001110101011101000010000001100001001000000111000001101001011011100111010000100000011011110110011000100000011000110111100101100100011001010111001000101100001000000110000101101110011001000010000001100001001000000110011101101100011000010111001101110011001000000110111101100110001000000110001001110010011000010110111001100100011110010010110000100000011100110111010101100111011000010111001000101100001000000110000101101110011001000010000001101110011101010111010001101101011001010110011100100000011010010110111001110100011011110010000001100001
11000100110111101110111011011000010110000100000011000010110111001100100001000000110110101101001011011000110101100100000011010010110111001110100011011110010000001101001011101000011101100100000011011110111001000100000011100000110111101110101011100100010000001110111011000010111001001101101001000000110110101101001011011000110101100100000011001100111001001101111011011010010000001100001001000000110110001100001011100100110011101100101001000000111010001100101011000010111000001101111011101000010000001110011011011110110110101100101
11010000110010101101001011001110110100001110100001000000110100101101110011101000110111100100000011010010111010000101110
101111101000100011001010111011001101111011011100111001101101000011010010111001001100101001000000100101001110101011011100110101101100101011101000010111001011111
10100000111010101110100001000000111011101100001011100100110110100100000011011010110100101101100011010110010000001101001011011100111010001101111001000000110000100100000011000100110111101110111011011000011101100100000011101000111010101110010011011100010000001101001011101000010000001110111011010010111010001101000001000000111001001110101011011100110111001100101011101000011101100100000011101000110100001100101011011100010000001110000011101010111010000100000011100110110111101101101011001010010000001110011011000110110000101101100011001000110010101100100
1100011011100100110010101100001011011010010110000100000011100110111010101100111011000010111001000100000011000010110111001100100001000000110001101101001011011100110111001100001011011010110111101101110001000000110111101101110001000000111010001101000011001010010000001110100011011110111000000101100001000000111011101101001011101000110100001101111011101010111010000100000011000100111001001100101011000010110101101101001011011100110011100100000011101000110100001100101001000000110001101110101011100100110010000101110
1011111010000010010000001110110011001010111001001111001001000000110011001101001011011100110010100100000010100110110111101101101011001010111001001110011011001010111010001110011011010000110100101110010011001010010000001010011011110010110110001101100011000010110001001110101011000100010111001011111
10010010110111000100000011000010010000001101100011000010111001001100111011001010010000001000011011010000110100101101110011000010010000001100010011011110111011101101100001000000111000001110101011101000010000001100001001000000111000001101001011011100111010000100000011011110110011000100000011100000110111101110010011101000010110000100000011000010110111001100100001000000110000100100000011100000110100101101110011101000010000001101111011001100010000001110011011010000110010101110010011100100111100100101100001000000110111101110010001000000110111101110100011010000110010101110010
111011101101000011010010111010001100101001000000111011101101001011011100110010100111011001000000111001101110101011001110110000101110010001000000111010001101111001000000111010001100001011100110111010001100101001011100010000001001101011010010110110001101011001000000111010001101000011001010010000001100010011011110111011101101100001000000110011001110101011011000110110000101110001000000100100101101110001000000111010001110111011001010110111001110100011110010010000001101101011010010110111001110101011101000110010101110011001000000110001101101111011101100110010101110010
110100101110100001000000111000001110010011001010111010001110100011110010010000001101000011010010110011101101000001000000111011101101001011101000110100000100000011000110110110001101111011101010111010001100101011001000010000001100011011100100110010101100001011011010011101100100000011001110111001001100001011101000110010100100000011011110111011001100101011100100010000001101001011101000010000001101110011101010111010001101101011001010110011100111010001000000111000001110101011101000010000001110000011011110111010101101110011001000110010101100100
1100011011010010110111001101110011000010110110101101111011011100010000001100001011011100110010000100000011011100110111101101110011100000110000101110010011001010110100101101100001000000110001101101111011011010110011001101001011101000111001100101110
1011111010100110110000101100011011010110010000001000011011100100110010101100001011011010010111001011111
1000010011011110110100101101100001000000110000100100000011100000110100101101110011101000010000001101111011001100010000001110010011000010111011100100000011000110111001001100101011000010110110100101100001000000111010001101000011001010010000001111001011001010110110001101011001000000110111101100110001000000110000101101110001000000110010101100111011001110010000001110111011001010110110001101100001000000110001001100101011000010111010001100101011011100010110000100000011101000111011101101111001000000110111101110010001000000111010001101000011100100110010101100101
111001101110000011011110110111101101110011001100111010101101100011100110010000001101111011001100010000001110111011010000110100101110100011001010010000001110111011010010110111001100101001011000010000001110011011101010110011101100001011100100010110000100000011000010110111001100100001000000110110001100101011011010110111101101110011100000110010101100101011011000011101100100000011100110111010001101001011100100010000001101001011101000010000001101111011101100110010101110010001000000110000100100000011001110110010101101110011101000110110001100101
1100110011010010111001001100101001000000111010001101001011011000110110000100000011010010111010000100000011000100110010100100000011000010111001100100000011101000110100001101001011000110110101100100000011000010111001100100000011100100110100101100011011010000010000001100011011100100110010101100001011011010011101100100000011100000111010101110100001000000110100101110100001000000110100101101110001000000110000100100000011001000110100101110011011010000010110000100000011000010110111001100100001000000111001101100101011100100111011001100101001000000110100101110100
1100011011011110110110001100100001011000010000001100111011000010111001001101110011010010111001101101000011001010110010000100000011101110110100101110100011010000010000001110010011101010111001101101011011100110010000001101111011100100010000001110011011010010111000001110000011001010111010001110011001000000110111101100110001000000111010001101111011000010111001101110100011001010110010000100000011000100111001001100101011000010110010000101110
10111110100000100100000010001100111001001101111011101000110100000100000011101000110111100100000011100110110010101110100001000000110111101101110001000000100001101110010011001010110000101101101001011000010000001000011011101010111001101110100011000010111001001100100001011000010000001101111011100100010000001010100011100100110100101100110011011000110010100101100001000000111011101101000011010010110001101101000001000000110110001101111011011110110101101110011001000000110000101101110011001000010000001100101011000010111010001110011
11101110110010101101100011011000010111001011111
101001101110111011001010110010101110100011001010110111000100000011010000110000101101100011001100010000001100001001000000111000001101111011101010110111001100100001000000110111101100110001000000111010001101000011001010010000001110000011101010110110001110000001000000110111101100110001000000110010001100001011011010111001101101111011011100111001100101100001000000110111101110010001000000110000101101110011110010010000001101111011101000110100001100101011100100010000001110011011011110111001001110100001000000110111101100110
11100110110001101100001011011000110010001100101011001000010000001100110011100100111010101101001011101000011101000100000011100000111010101110100001000000111010001101111001000000110100101110100001000000111010001101000011001010010000001110111011010000110100101110100011001010111001100100000011011110110011000100000011001100110111101110101011100100010000001100101011001110110011101110011001000000110001001100101011000010111010001100101011011100010110000100000011000010110111001100100001000000110001001100101011000010111010000100000011101000110100001100101
11100000111010101101100011100000010000001110111011010010111010001101000001000000111010001101000011001010110110100101100001000000111010101101110011101000110100101101100001000000110100101110100001000000111011101101001011011000110110000100000011100110111010001100001011011100110010000100000011000010111001100100000011010000110100101100111011010000010000001100001011100110010000001111001011011110111010100100000011000110110100001101111011011110111001101100101001110110010000001100001011011100110010000100000011000100110010101101001011011100110011100100000011100000111010101110100
1101111011011100010000001110100011010000110010100100000011000110111001001100101011000010110110100101100001000000010011001100011001011100010000001110111011010010111010001101000001000000110000100100000011100110111000001101111011011110110111000101100001000000110100101110100001000000111011101101001011011000110110000100000011101000110000101101011011001010010000001100001011011100111100100100000011001100110111101110010011011010010111000100000010010010111010000100000011100110110100001101111011101010110110001100100001000000110001001100101
111001001101111011101010110011101101