1010000110010100100000011100110110100101100011011010110010110000100000001100100011010100110100
10111110101010001101111011011100110011101110101011001010111001101011111001011000010000001110100011011110010000001110000011010010110001101101011011011000110010100100000011001100110111101110010001000000110001001101111011010010110110001101001011011100110011100101100001000000011010000110001
11000010110111001101111011101000110100001100101011100100010000001110111011000010111100100101100001000000011010000110001
101100001000000110000100100000011100000110100101100011011010110110110001100101001000000110011001101111011100100010000001110100011010000110010101101101001011000010000001110100011010000110000101110100001000000111011101101001011011000110110000100000011010110110010101100101011100000010000001100110011011110111001000100000011110010110010101100001011100100111001100101100001000000011011000111000
101100001000000110000101101110001000000110010101111000011000110110010101101100011011000110010101101110011101000010000001101101011011110110010001100101001000000110111101100110001000000110010001101111011010010110111001100111001000000111010001101000011001010110110100100000011101000110111100100000011001010110000101110100001000000110001101101111011011000110010000101100001000000011010000110010
1011000010000001110011011101000110010101110111011001010110010000101100001000000011010000110010
101100001000000110000101101110011001000010000001110101011001000110010001100101011100100010110000100000011101000110111100100000011100100110111101100001011100110111010000101100001000000011010000110000
1011111010101000111001001101001011001100110110001100101010111110010110000100000011000010110111000100000011001010111100001100011011001010110110001101100011001010110111001110100001000000110111101101110011001010010110000100000001100010011011100110000
1011000010000001100001001000000110011001110010011011110111010001101000001000000111010001101111001000000111001101100101011101000010000001101111011011100010110000100000011101110110100001101001011000110110100000100000011011000110111101101111011010110111001100100000011000010110111001100100001000000110010101100001011101000111001100100000011101110110010101101100011011000010110000100000001100010011011000110010
101111101010100011100100110100101110000011001010101111100101100001000000011010000110010
1011111010101000111010101101110011000100111001001101001011001000110011101100101001000000110001101100001011010110110010101110011010111110010110000100000001100100011001000110101
101111101010100011101010111001001100010011011110111010001011111001011000010000001110100011011110010000001100010011011110110100101101100001011000010000000110001
1110000011010010110010100101100001000000011000100110001
10111110101010001110101011100100110101101100101011110010101111100101100001000000111010001101111001000000110001001101111011010010110110000101100001000000011011100110000
1100001011011100010000001100101011110000110001101100101011011000110110001100101011011100111010000100000011100110110000101110101011000110110010100100000011001100110111101110010001000000110100101110100001000000110001001101111011010010110110001100101011001000010110000100000001100010011000000110110
11101000110111100100000011100100110111101100001011100110111010000101100001000000011011100110110
1110000011101010110110001101100011001010110010000101100001000000011011100110111
111000001100001011101000111010001101001011001010111001100101100001000000011011100110111
1011111010101000111010101110010011011100110100101110000010111110010000001110000011010010110010100101100001000000011100000111000
111001101101111011101010111000000101100001000000011100100110011
10111110101010001110101011100100111010001101100011001010111001101011111001011000010000001101100011010010111010001110100011011000110010100100000011001010110011101100111011100110010000001100110011011110111001000100000011101000110100001100101011011010010110000100000001100010011000100110001
101010100101110
101111101010101011001000110010001100101011100100101111100100000011000010110111001100100001000000111010001101111011011100110011101110101011001010010110000100000011101000110111100100000011100100110111101100001011100110111010000101100001000000011010000110000
101011000101110
10111110101011001100101011000010110110001011111001011000010000001100010011100100110010101100001011100110111010000100000011011110110011000101100001000000011010000110111
111001001101111011011000110110001100101011001000010000001100010011100100110010101100001011100110111010000101100001000000011010000111000
1100010011100100110111101110100011010000010110000100000001100100011010100111001
111011001100101011100100111100100100000011011100110111101110101011100100110100101110011011010000110100101101110011001110010110000100000001100100011010000111001
110001101101111011011000110110001101111011100000111001100101100001000000011010000110101
1100011011011110110110001101100011011110111000001110011001000000110111101100110001000000110001101101111011011000110010000101100001000000011010000110101
110011001110010011010010110001101100001011011100110010001100101011000010111010100101100001000000011010100110100
1100111011100100110000101110110011110010010110000100000001100010011000000110100
110101101101110011101010110001101101011011011000110010100101100001000000011010000110011
1101100011001010110011100101100001000000011010000110011
110111001100101011000110110101100101100001000000011010000110111
1101111011011000110100101110110011001010111001100101100001000000011010100110101
111000001100001011101000111010001101001011001010111001100101100001000000011010100110100
101100001000000111000001101111011101000111010001100101011001000010110000100000010111110110000101110100001000000110001001101111011101000111010001101111011011010101111100101100001000000011010000110110
101100001000000111010001101111001000000111000001101111011101000010110000100000011101110110100101110100011010000010000001101000011000010110110100101100001000000011010000110111
11100110110000101110101011100110110000101100111011001010111001100101100001000000011010100110110
11100110110100001101111011101010110110001100100011001010111001000101100001000000011010000111000
10111110101011001100101011001110110010101110100011000010110001001101100011001010111001101011111001011000010000000110001001100100011100000100000011101000110111100100000001100010011001100110001
101100001000000111010001101111001000000110001001101111011010010110110000100000011101000110100001100101011011010010000001100111011100100110010101100101011011100010110000100000001100010011001100110001
111001101101111011101010111000000101100001000000011100100111000
101100001000000110000101101110011011110111010001101000011001010111001000101100001000000011100100111000
1011111010101100110010101101110011010010111001101101111011011100101111100101100001000000111010001101111001000000110101101100101011001010111000000101100001000000011001000110011
10110000100000011101000110111100100000011001000111001001100101011100110111001100101100001000000011001000110011
1101000011000010111001101101000011001010110010000101100001000000011001000110111
11010000110000101110101011011100110001101101000001011000010000001101110011001010110001101101011001011000010000000100110011000110010111000101100001000000011001000110101
1011000010000001110011011101000110010101110111011001010110010000100000011100110110100001101111011101010110110001100100011001010111001000101100001000000011001000110101
10110000100000011101000110111100100000011100000111001001100101011100000110000101110010011001010010000001100110011011110111001000100000011100000110000101110011011101000111100100101100001000000011001000110101
11100000110000101110011011101000111100100101100001000000011001000110110
101100001000000110001101110010011101010111001101110100001000000110011001101111011100100010110000100000001100010011010000110001
10110000100000011000010110111000100000011010010110110101101001011101000110000101110100011010010110111101101110001000000110111101100110001000000111011001100101011011100110100101110011011011110110111000100000011100000110000101110011011101000111100100101100001000000011001000110111
1110100011011110010000001101101011000010110101101100101001000000110000100100000011100000110000101110011011101000111100100100000011011110110011000100000011000100110010101100101011001100010000001101111011100100010000001101101011101010111010001110100011011110110111000101100001000000111010001101111001000000110010101100001011101000010000001100001011100110010000001110111011001010110110001101100001000000110000101110011001000000111011001100101011011100110100101110011011011110110111000101100001000000011001000110100
1011111010101100110010101110010011001000110010101110010010111110010110000100000011011110111001000100000011011010110100101101100011010110010000001110000011101010110111001100011011010000010110000100000001100100011010000110110
101111101010110011010010110111001100101011001110110000101110010010111110010110000100000011000110110000101101101011100000010110000100000001100010011000100110010
11001110110111101101111011100110110010101100010011001010111001001110010011110010010110000100000001100010011000100110110
111001001100001011100110111000001100010011001010111001001110010011110010010110000100000001100100011010000110000
111001101101000011000010110110001101111011101000010110000100000001100010011000100110010
1110011011101010110011101100001011100100010110000100000001100010011000100110101
11101110110100101101110011001010010110000100000001100010011000100110110
101111101010110011010010110111001100111011000010111001001100101011101000101111100101100001000000110011001101111011100100010000001100011011011110110110001100100001000000110011001101111011101110110110000100000011011110111001000100000011011010110010101100001011101000010110000100000001100010011000000110111
101011100101110
1011111010101110110000101100110011001010111001001110011010111110010110000100000001100100011001000110100
1011111010101110110000101101100011011100111010101110100011100110101111100101100001000000111010001101111001000000111000001101001011000110110101101101100011001010010110000100000001100010011001000110011
10111110101011101100001011101000110010101110010010111110010000001100011011000010110101101100101011100110010110000100000001100100011001000110011
1011111010101110110100001100101