1101110110000101110010011001000111001100101100001000000111010001101000011000010111010000100000011101000110100001100101001000000110001001101111011001000111100100100000011011010110000101111001001000000110110001101001011001010010000001110011011011010110111101101111011101000110100000101100
1010000011101010111010000100000011101000110100001100101001000000110001001101001011100100110010001110011001000000110100101101110011101000110111100100000011000010010000001110010011000010110100101110011011001010110010000100000011100000110100101100101001011000010000001101111011100100010000001110011011011010110000101101100011011000010000001110000011010010110010101100100011010010111001101101000001011000010000001100001011011100110010000100000011000110110111101110110011001010111001000100000011010010111010000100000011101110110100101110100011010000010000001100001
11101000110100001101001011000110110101101101001011100110110100000100000011100000110000101110011011101000110010100101110001000000100001001100001011010110110010100100000011010010110111000100000011000010010000001110011011011000110111101110111001000000110111101110110011001010110111000100000011101000110111100100000011001010110000101110100001000000110001101101111011011000110010000101110
1010100011010000110010100100000011011110110110001100100001000000101001101110100011000010110011001100110011011110111001001100100011100110110100001101001011100100110010100100000011100100110000101101001011100110110010101100100001000000111000001101001011001010111001100100000011101110110010101110010011001010010000001101101011000010110010001100101001000000110000101110011001000000110000101100010011011110111011001100101001011000010000001100010011101010111010000100000011000010010000001110100011101010111001001101011011001010111100100100000011101110110000101110011
1110000011101010111010000100000011011110111011001100101011100100010000001110100011010000110010100100000011001000111010101100011011010110010110000100000011000010110111001100100001000000110000100100000011001110110111101101111011100110110010100100000011011110111011001100101011100100010000001110100011010000110000101110100001011000010000001100110011011110111001001101101011010010110111001100111001000000110000100100000011101100110010101110010011110010010000001101100011000010111001001100111011001010010000001110000011010010110010100101110
101111101000111011011110110111101110011011001010010000001110100011011110010000001010010011011110110000101110011011101000010111001011111
100000101100110011101000110010101110010001000000110001001100101011010010110111001100111001000000110001101100001011100100110010101100110011101010110110001101100011110010010000001110000011010010110001101101011011001010110010000101100001000000111010001101000011001010010000001110000011011000111010101100111011100110010000001101111011001100010000001110100011010000110010100100000011001100110010101100001011101000110100001100101011100100111001100100000011100000111010101101100011011000110010101100100001000000110111101110101011101000010110000100000011000010110111001100100
11101000110100001100101001000000110100001100001011010010111001001110011001000000111001101101001011011100110011101100101011001000010110000100000011011000110010101110100001000000110100101110100001000000110001001100101001000000111011101100101011011000110110000100000011101110110000101110011011010000110010101100100001011000010000001100100011100100110100101100101011001000010110000100000011000010110111001100100001000000111001101100101011000010111001101101111011011100110010101100100001000000111011101101001011101000110100000100000011011110110111001101001011011110110111000101100
111001101100001011001110110010100101100001000000111000001100101011100000111000001100101011100100010110000100000011000010110111001100100001000000111001101100001011011000111010000111011001000000110011001100001011100110111010001100101011011100010000001101001011101000010000001110100011010010110011101101000011101000010000001100001011101000010000001110100011010000110010100100000011011100110010101100011011010110010000001100001011011100110010000100000011101100110010101101110011101000010110000100000011000010110111001100100001000000111001001101111011000010111001101110100
11010010111010000101110
101011101101000011001010110111000100000011010000110000101101100011001100010000001100100011011110110111001100101001011000010000001101100011001010111010000100000011000010010000001101110011000010111001001110010011011110111011100100000011100110111010001110010011010010111000000100000011011110110011000100000011100000110000101110000011001010111001000100000011000100110010100100000011100110110101101100101011101110110010101110010011001010110010000100000011011110110111000100000011101000110100001100101
11000100111001001100101011000010111001101110100011000100110111101101110011001010010111000100000010000100110000101110011011101000110010100100000011010010111010000100000011101110110010101101100011011000010110000100000011000010110111001100100001000000110111101100010011100110110010101110010011101100110010100100000011101000110111100100000011101000110000101101011011001010010000001101001011101000010000001110101011100000010000001110100011010000110010100100000011011010110111101101101011001010110111001110100001000000110100101110100001000000110100101110011
110010001101111011011100110010100101100001000000110111001101001011000110110010101101100011110010010000001100110011100100110111101110100011010000110010101100100001011100010000001010111011010000110010101101110001000000111010001101000011001010010000001100010011100100110010101100001011100110111010000100000011100100110100101110011011001010111001100101100001000000111010001100001011010110110010100100000011011110110011001100110001000000111010001101000011001010010000001110000011000010111000001100101011100100010110000100000011000010110111001100100
1101111011000100111001101100101011100100111011001100101001000000111010001101111001000000111001101100101011100100111011001100101001000000110100101110100001000000110001001100101011001100110111101110010011001010010000001101001011101000010000001100110011000010110110001101100001011000010000001101111011100100010000001101001011101000010000001110111011010010110110001101100001000000110001001100101001000000111001101110000011011110110100101101100011001010110010000101100001000000110000101101110011001000010000001100011011011110110110101100101001000000111010001101111
1110100011000010110001001101100011001010010000001100110011011000110000101110100011101000110010101101110011001010110010000101110001000000100001001100101011001100110111101110010011001010010000001101001011101000010000001101001011100110010000001100011011101010111010000100000011101010111000000101100001000000110001101110101011101000010000001110100011010000110010100100000011000010111000001110010011011110110111000100000011011110110011001100110001011000010000001100001011011100110010000100000011100000110111101110101011100100010000001101001011011100010000001100001
11101110110100101101110011001010110011101101100011000010111001101110011001000000110111101100110001000000111000001101111011100100111010000100000011101110110100101101110011001010010000001100001011011100110010000100000011000010010000001110100011001010110000101110011011100000110111101101111011011100110011001110101011011000010000001101111011001100010000001101101011101010111001101110100011000010111001001100100001011100010000001000011011101010111010000100000011101000110100001100101001000000110001001110010011001010110000101110011011101000010000001100110011100100110111101101101
1101111011011100110010100100000011100000110100101101110011010010110111101101110001000000111010001101111001000000111010001101000011001010010000001101111011101000110100001100101011100100010110000100000011010010110011000100000011001100110111101110010001000000110000100100000011011000110000101110010011001110110010100100000011100000110000101110010011101000111100100101100001000000111011101101001011101000110100001101111011101010111010000100000011011000110010101100001011101100110100101101110011001110010000001101101011001010110000101110100001000000111010001101111
1110100011010000110010100100000011101110110100101101110011001110110001001101111011011100110010100101110
100011101110010011000010111011001111001001011000010000001100001011011100110010000100000011000010111000001110000011011000110010100100000011100110110000101110101011000110110010100101110
10111110100011101110010011001010110010101101110001000000100011101101111011011110111001101100101001000000101000001101001011001010010111001011111
1000010011011110110111001100101001000000111010001110111011011110010000001100111011100100110010101100101011011100010000001100111011001010110010101110011011001010010110000100000011010000110000101110110011010010110111001100111001000000110011001101001011100100111001101110100001000000111001001100101011011010110111101110110011001010110010000100000011001010111011001100101011100100111100100100000011100000110110001110101011001110010110000100000011000010110111001100100001000000111001101101001011011100110011101100101011001000010000001110100011010000110010101101101
110111001101001011000110110010101101100011110010010111000100000010101110110000101110011011010000010000001110100011010000110010101101101001000000110001101101100011001010110000101101110001110110010000001110011011001010110000101110011011011110110111000100000011010000110100101100111011010000010000001110111011010010111010001101000001000000111001101100001011011000111010000101100001000000110110101100001011000110110010100101100001000000111000001100101011100000111000001100101011100100010110000100000011000010110111001100100
111000001101001011011010110010101101110011101000110111100111010001000000111000001110101011101000010000001101111011011100110010100100000011101110110100101110100011010000110100101101110001000000111010001101000011001010010000001101111011101000110100001100101011100100010110000100000011000010110111001100100001000000111000001110010011001010111001101110011001000000111010001101000011001010110110100100000011000110110110001101111011100110110010100100000011010010110111001110100011011110010000001111001011011110111010101110010
11100000110100101100101011001000110100101110011011010000011101100100000011100000111010101110100001000000110000100100000011001110110111101101111011001000010000001