11001001111001
1100111011001010110111001110100011011000111100100101110
1011111010101000110111100100000011100100110111101100001011100110111010000100000010101000110111101101110011001110111010101100101001000000110000101101110011001000010000001010101011001000110010001100101011100100010111001011111
1000001011001100111010001100101011100100010000001100011011011000110010101100001011011100110100101101110011001110010000001110100011010000110010100100000011101000110111101101110011001110111010101100101001000000111011101100101011011000110110000101100001000000111001101100001011011000111010000100000011010010111010000100000011101110110100101110100011010000010000001100011011011110110110101101101011011110110111000100000011100110110000101101100011101000010000001100001011011100110010000100000011100110110000101101100011101000111000001100101011101000111001001100101
111010001101000011100100110010101100101001000000110010001100001011110010111001100111011001000000111010001101000011001010110111000100000011000100110111101101001011011000010000001101001011101000010110000100000011000010110111001100100001000000110110001101001011010110110010101110111011010010111001101100101001000000110000100100000011001100110100101101110011001010010000001111001011011110111010101101110011001110010000001110101011001000110010001100101011100100010110000100000011000010110111001100100001000000111001101101111011011010110010100100000011001100110000101110100
11101000110111100100000011010010111010000101100001000000111010001101001011011000110110000100000011101000110111101101100011001010111001001100001011000100110110001111001001000000111010001100101011011100110010001100101011100100011101100100000011101000110100001100101011011100010000001110100011010010110010100100000011101000110100001100101001000000111010001101000011010010110001101101011001000000111000001100001011100100111010000100000011011110110011000100000011011110110111001100101001000000111010001101111001000000111010001101000011001010010000001110100011010000110100101101110
111000001100001011100100111010000100000011011110110011000100000011101000110100001100101001000000110111101110100011010000110010101110010001011000010000001100001011011100110010000100000011100100110111101100001011100110111010000100000011101000110100001100101001000000111010001101111011011100110011101110101011001010010000001100001011011100110010000100000011101010110010001100100011001010111001000100000011101000110111101100111011001010111010001101000011001010111001000101110
10100110110010101110010011101100110010100100000011101000110100001100101011011010010000001110111011010010111010001101000001000000110000100100000011001110110111101101111011001000010000001100111011100100110000101110110011110010010110000100000011000010110111001100100001000000110001101110101011100100111001001100001011011100111010001101010011001010110110001101100011110010010000001110011011000010111010101100011011001010010111000100000010000010010000001100110011001010111011100100000011000110110110001101111011101100110010101110011
111001101101000011011110111010101101100011001000010000001100010011001010010000001110011011101000111010101100011011010110010000001101001011011100010000001110100011010000110010100100000011101010110010001100100011001010111001000101110
101010001101000011010010111001100100000011010010111001100100000011000010110111000100000011001010111100001100011011001010110110001101100011001010110111001110100001000000110010001101001011100110110100000101110
101111101010100011011110010000001110000011010010110001101101011011011000110010100100000010101000110111101101110011001110111010101100101011100110010000001100110011011110111001000100000011000100110111101101001011011000110100101101110011001110010111001011111
100001101110101011101000010000001101111011001100110011000100000011101000110100001100101001000000111001001101111011011110111010000101100001000000110110001100101011000010111011001101001011011100110011100100000011000010010000001101100011010010111010001110100011011000110010100100000011011110110011000100000011101000110100001100101001000000110101101100101011100100110111001100101011011000010000001100001011011100110010000100000011001100110000101110100001011100010000001010011011100000111001001101001011011100110101101101100011001010010000001110011011011110110110101100101
1110011011000010110110001110100001011000010000001100001011011100110010000100000011011000110010101110100001000000110100101110100001000000110010001110010011000010110100101101110001000000110011001110010011011110110110100100000011101000110100001100101001000000111001101101100011010010110110101100101001000000111010001101001011011000110110000100000011011100110010101111000011101000010000001100100011000010111100100111010001000000111010001101000011001010110111000101100001000000110011001101111011100100010000001100101011000010110001101101000
1110100011011110110111001100111011101010110010100101100001000000110110101101001011110000010000001100001001000000110110001100001011100100110011101100101001000000111001101110000011011110110111101101110011001100111010101101100001000000110111101100110001000000110001101101111011011010110110101101111011011100010000001110011011000010110110001110100001011000010000001110100011010000110010100100000011100110110000101101101011001010010000001101111011001100010000001100011011011110110000101110010011100110110010100100000011100110111010101100111011000010111001000101100
110000101101110011001000010000001100001011000100110111101110101011101000010000001101000011000010110110001100110001000000110000101110011001000000110110101110101011000110110100000100000011011110110011000100000011100110110000101101100011101000111000001100101011101000111001001100101001110110010000001110010011101010110001000100000011010010111010000100000011101110110010101101100011011000010000001101001011011100010110000100000011000010110111001100100001000000110010001101111001000000111001101101111001000000110010101110110011001010111001001111001
11001000110000101111001001011100010000001001001011011100010000001100001001000000111011101100101011001010110101100100000011000010110010001100100001000000110000101101110011011110111010001101000011001010111001000100000011010000110010101100001011100000110010101100100001000000111001101110000011011110110111101101110011001100111010101101100001000000110111101100110001000000111001101100001011011000111010000101110001000000100100101100110001000000111001001110101011000100110001001100101011001000010000001100101011101100110010101110010011110010010000001100100011000010111100100101100
110000100100000011101000110111101101110011001110111010101100101001000000111011101101001011011000110110000100000011000100110010100100000011100100110010101100001011001000111100100100000011010010110111000100000011000010010000001100110011011110111001001110100011011100110100101100111011010000111010000111011001000000110001001110101011101000010000001101001011001100010000001101111011011100110110001111001001000000111010001110101011100100110111001100101011001000010000001101001011011100010000001110100011010000110010100100000011100000110100101100011011010110110110001100101
110010001100001011010010110110001111001001011000010000001101001011101000010000001110111011010010110110001101100001000000110101101100101011001010111000000100000011001100110111101110101011100100010000001101111011100100010000001100110011010010111011001100101001000000111011101100101011001010110101101110011001000000111011101101001011101000110100001101111011101010111010000100000011000100110010101101001011011100110011100100000011101000110111101101111001000000111001101100001011011000111010000101110
1001001011001100010000001111001011011110111010100100000011001000111001001111001001000000111010001101111011011100110011101110101011001010111001100101100001000000111011101110010011010010111010001100101001000000111010001101000011001010010000001100100011000010111010001100101001000000110111101101110001000000110000100100000011100000110000101110010011000110110100001101101011001010110111001110100001000000110000101101110011001000010000001110100011010010110010100100000011011110110111000101110001000000101001101101101011011110110101101100101
111010001101000011001010110110100101100001000000110111101110010001000000111000001101100011000010110100101101110011011000111100100100000011001000111001001111001001000000111010001101000011001010110110100101100001000000110100101100110001000000111100101101111011101010010000001101100011010010110101101100101001000000110001001100101011100110111010000101110
1010111011010000110010101101110001000000111010001101111001000000110001001100101001000000110010001110010011001010111001101110011011001010110010000101100001000000110001001101111011010010110110000100000011010010111010000100000011001010111100001110100011100100110010101101101011001010110110001111001001000000111010001100101011011100110010001100101011100100011101000100000011000010110110001101100011011110111011100100000011001100110100101110110011001010010000001101000011011110111010101110010011100110011101100100000011000010110111001100100001000000110100101100110
11001000110111101101110011001010010000001110011011011110110111101101110011001010111001000101100001000000110100101110100001000000110100101110011001000000110010101100001011100110110100101101100011110010010000001101011011001010111000001110100001000000110100001101111011101000010111000100000010101000110100001100101001000000110110001101111011011100110011101100101011100100010000001101011011001010111000001110100001000000110000101100110011101000110010101110010001000000110010001110010011110010110100101101110011001110010110000100000011101000110100001100101
110100001101001011001110110100001100101011100100010000001101001011101000010000001110111011010010110110001101100001000000110001001100101001110100010000001101001011001100010000001101000011000010111001001100100001011000010000001101001011101000010000001101101011000010111100100100000011100100110010101110001011101010110100101110010011001010010000001110011011011110110000101101011011010010110111001100111001000000111010001101000011100100110010101100101001000000110111101110010001000000110011001101111011101010111001000100000011010000110111101110101011100100111001100101110
101111101000001011011100110111101110100011010000110010101110010001000000111011101100001011110010010111001011111
10000110110110001