010011001010010000001101100011000010111001001100111011001010011101100100000011101000110100001100101001000000111000001100101011001010110110000100000011011110110011000100000011011110110111001100101001000000110110001100101011011010110111101101110001000000111001101101000011100100110010101100100001000000111011001100101011100100111100100100000011001100110100101101110011001010010110000100000011010000110000101101100011001100010000001110100011010000110010100100000011010100111010101101001011000110110010100101100
11100110110100101111000001000000111001101110000011011110110111101101110011001100111010101101100011100110010000001101111011001100010000001110011011101110110010101100101011101000010000001110111011010010110111001100101001011000010000001101101011000010110001101100101001011000010000001101110011101010111010001101101011001010110011100101100001000000111001101110101011001110110000101110010001011000010000001100001001000000111011001100101011100100111100100100000011011000110100101110100011101000110110001100101001000000111001101100001011011000111010000101100
11011110111001001100001011011100110011101100101001011000010000001101100011001010110110101101111011011100010110000100000011000010110111001100100001000000110001101101001011101000111001001101111011011100010000001100011011000010110111001100100011010010110010101100100001011100010000001001101011000010110101101100101001000000110000100100000011011000110100101100111011010000111010000100000011100000110000101110011011101000110010100100000011001100110111101110010001000000111010001101000011001010110110100101110
101111101010011011000010111011001101111011100100111100100100000010100100110100101100011011001010010111001011111
1010111011000010111001101101000001000000110000101101110011001000010000001110000011010010110001101101011001000000111001101101111011011010110010100100000011100100110100101100011011001010011101000100000011100110111010001100101011101110010000001101001011101000010000001110110011001010111001001111001001000000110011101100101011011100111010001101100011110010010000001101001011011100010000001100001001000000111001101101101011000010110110001101100001000000111000101110101011000010110111001110100011010010111010001111001001000000110111101100110
111011001100101011000010110110000101100001000000110111101110010001000000111001001101001011000110110100000100000011011010111010101110100011101000110111101101110001000000110001001110010011011110111010001101000001011000010000001110111011010010111010001101000001000000110000101101110001000000110111101101110011010010110111101101110001011000010000001100001001000000110001001101100011000010110010001100101001000000110111101100110001000000110110101100001011000110110010100101100001000000111000001100101011100000111000001100101011100100010110000100000011000010110111001100100
11100110110000101101100011101000010111000100000010101110110100001100101011011100010000001110011011101110110010101101100011011000110010101100100001011000010000001100010011101010111010000100000011011100110111101110100001000000110001001101111011010010110110001100101011001000010000001110100011011110010000001101101011000010111001101101000001011000010000001100100011100100111100100100000011010010111010000100000011011110110111000100000011101000110100001100101001000000111001101101000011000010110110001101100011011110111011100100000011001010110111001100100001000000110111101100110
11000010010000001110011011010010110010101110110011001010010000001100010011001010110011001101111011100100110010100100000011101000110100001100101001000000110011001101001011100100110010100101100001000000110000101101110011001000010000001100101011010010111010001101000011001010111001000100000011100110110010101110010011101100110010100100000011010010111010000100000011001000111001001111001001011000010000001101111011100100010000001110000011101010111010000100000011010010111010000100000011010010110111000100000011101000110100001100101
1101101011010010110010001100100011011000110010100100000011011110110011000100000011000010010000001100100011010010111001101101000001011000010000001100001011011100110010000100000011100000110111101110101011100100010000001110100011010000110010100100000011001110111001001100001011101100111100100100000011100100110111101110101011011100110010000101100001000000110100001100001011101100110100101101110011001110010000001101000011001010110000101110100011001010110010000100000011010010111010000101110
1011111010000100111010101110100011101000110010101110010011001010110010000100000010100100110100101100011011001010010111001011111
10100000111001001100101011100000110000101110010011001010010000001110011011011110110110101100101001000000111001001101001011000110110010100100000011000010111001100100000011000010110001001101111011101100110010100111010001000000110010001110010011000010110100101101110001011000010000001100001011011100110010000100000011100000111010101110100001000000110100101110100001000000111011101101001011101000110100000100000011100110110111101101101011001010010000001101110011001010111011100100000011011010110100101101100011010110010110000100000011001010110111001101111011101010110011101101000
11010100111010101110011011101000010000001110100011011110010000001110011011101110110010101101100011011000010000001101001011101000010110000100000011011110111011001100101011100100010000001110100011010000110010100100000011001100110100101110010011001010010111000100000010101110110100001100101011011100010000001110100011001010110111001100100011001010111001000101100001000000111000001101111011101010111001000100000011011110110011001100110001000000111010001101000011001010010000001101101011010010110110001101011001011000010000001100001011011100110010000100000011000010110010001100100
11000010010000001100010011010010111010000100000011011110110011000100000011000100111010101110100011101000110010101110010001011000010000001100001001000000110110001101001011101000111010001101100011001010010000001110011011101010110011101100001011100100010110000100000011000010110111001100100001000000111000001101111011101010110111001100100011001010110010000100000011000110110100101101110011011100110000101101101011011110110111000101110001000000101001101101000011000010110101101100101001000000110100101110100001011000010000001110100011010000110000101110100001000000110100101110100
110010001101111001000000110111001101111011101000010000001100010011101010111001001101110001011000010000001100001011011100110010000100000011100110110010101110010011101100110010100101110
101111101010010011010010110001101100101001000000110001001101111011010010110110001100101011001000010000001110100011011110010000001100101011000010111010000100000011101110110100101110100011010000010000001000011011101010111001001110010011110010010000001101111011100100010000001110010011011110110000101110011011101000010000001001101011001010110000101110100011100110010111001011111
10100000111001001100101011100000110000101110010011001010010000001100001011100110010000001100001011000100110111101110110011001010011101100100000011101000110100001100101011011100010000001110000011101010111010000100000011010010111010000100000011010010110111001110100011011110010000001100001001000000110110001100001011100100110011101100101001000000111000101110101011000010110111001110100011010010111010001111001001000000110111101100110001000000111011101100001011101000110010101110010001011000010000001100010011011110110100101101100001000000110100101110100
11100010111010101101001011000110110101100101100001000000111010001101000011100100110111101110111001000000110100101101110001000000110000100100000011011000110100101110100011101000110110001100101001000000111001101100001011011000111010000101100001000000110000101101110011001000010000001101111011000100111001101100101011100100111011001100101001000000111010001101000011001010010000001110110011001010111001001111001001000000110110101101111011011010110010101101110011101000010000001110111011010000110010101101110001000000110100101110100001000000110100101110011
111001101110111011001010110110001101100011001010110010000100000011011000110000101110010011001110110010100101100001000000110001001110101011101000010000001101110011011110111010000100000011101000110111101101111001000000110110101110101011000110110100000100000011100110110111101100110011101000110010101101110011001010110010000111011001000000111010001101000011001010110111000100000011001000111001001100001011010010110111000100000011011110110011001100110001000000111010001101000011001010010000001110111011000010111010001100101011100100010110000100000011000010110111001100100
1110000011011110111010101110010001000000111010001101000011001010010000001110010011010010110001101100101001000000110111101101110001000000111010001101000011001010010000001110011011010000110000101101100011011000110111101110111001000000110010101101110011001000010000001101111011001100010000001100001001000000111001101101001011001010111011001100101001110100010000001110011011001010111010000100000011010010111010000100000011000100110010101100110011011110111001001100101001000000110000100100000011001100110100101110010011001010010110000100000011000010110111001100100
110110001100101011101000010000001101001011101000010000001110011011101000110000101111001001000000111010101101110011101000110100101101100001000000110100101110100001000000111001101100101011100000110000101110010011000010111010001100101011100110010000001100001011011100110010000100000011001000111001001101001011001010111001100101110001000000101001101100101011100100111011001100101001000000110100101110100001000000111011101101001011101000110100001101111011101010111010000100000011100110110000101110101011000110110010100100000011011110110011000100000011000010110111001111001
110101101101001011011100110010000101110
101111101001111011011010110110001100101011101000010111001011111
10011010110000101101011011001010010000001100001001000000110001001100001011101000111010001100101011100100010000001101111011001100010000001100101011001110110011101110011001000000110000101101110011001000010000001101101011010010110110001101011001011000010000001100001011011100110010000100000011000010010000001110110011001010111001001111001001000000110110001101001011101000111010001101100011001010010000001100110011011000110111101110101011100100011101100100000011100000111010101110100001000000111010001101111001000000110100101110100
11000110110100001101