01100001010111110010110000100000001100100011010000110110
1011111010100100110010101100100010111110010110000100000011000010010000001100010011001010110000101110101011101000110100101100110011101010110110000100000011011110110111001100101001011000010000001110100011011110010000001110011011101000110000101101001011011100010000001101010011001010110110001101100011010010110010101110011001011000010000001101001011000110110010101110011001011000010000001101111011100100010000001100011011000010110101101100101011100110010110000100000001100100011000000110011
11010000110010101110010011100100110100101101110011001110111001100101100001000000111010001101111001000000110010001110010011001010111001101110011001011000010000000111000
10111110101001001100101011011100110111001100101011101000101111100101100001000000111010001101111001000000110001101110101011100100110010100100000011011010110000101110111011100110110101101101001011011100111001100101100001000000110011001101111011100100010110000100000001100100011001100110011
1011111010100100110010101110011011101000110111101110010011000010111010001101001011101100110010101011111001011000010000001100001001000000110011101110010011001010110000101110100001000000110111101101110011001010010110000100000001100100011010000111000
11000010110111001101111011101000110100001100101011100100010110000100000001100100011010000111000
11000010110111001101111011101000110100001100101011100100010110000100000001100100011010000111000
1100001011011100110111101110100011010000110010101110010001000000110110101101111011100110111010000100000011100000110110001100101011000010111001101100001011011100111010000100000011001000111001001100001011101010110011101101000011101000010110000100000001100100011010000111000
1011111010100100110100001110101011000100110000101110010011000100101111100100000011101000110000101110010011101000010110000100000001100010011100000110000
1011111010100100110100101100011011001010101111100101100001000000111001101100001011101100110111101110010011110010010110000100000001100010011001100110110
1100010011011110110100101101100011001010110010000100000011101000110111100100000011001010110000101110100001000000111011101101001011101000110100000100000011000110111010101110010011100100111100100100000011011110111001000100000011100100110111101100001011100110111010000100000011011010110010101100001011101000010110000100000001100010011001100110000
1100010011101010111010001110100011001010111001001100101011001000010110000100000001100010011001100110110
11000110110000101101011011001010010110000100000001100100011001000110011
10110000100000011000010110111001101111011101000110100001100101011100100010110000100000001100100011001000110011
110001101100001011101010110010001101100011001010010110000100000001100100011011000110001
101111101010010011010010110001101100101010111110010000001100011011000010111010101100100011011000110010100101100001000000110011001101111011100100010000001110100011010000110010100100000011100110110100101100011011010110010110000100000001100100011001000110101
1100110011011000111010101101101011011010110010101110010011110010010110000100000001100010011011000110000
11011010110100101101100011010110010110000100000001100010011011100110001
10110000100000011001110111001001101111011101010110111001100100001000000111001001101001011000110110010100100000011011010110100101101100011010110010110000100000001100100011011000110000
1110000011010010110010101100011011100100111010101110011011101000010110000100000001100010011010100110000
1110000011000010111001101110100011110010010000001100011011100100111010101110011011101000010110000100000001100010011010000110001
10111110111000001110101011001000110010001101001011011100110011101011111001011000010000001100010011000010110101101100101011001000010110000100000001100010011010000111001
1011000010000001100001011011100110111101110100011010000110010101110010001011000010000001100110011011110111001000100000011101000110100001100101001000000110011001100001011011010110100101101100011110010010110000100000001100010011010000111001
1000100011101010111010001100011011010000010110000100000001100010011010000110101
11101110110100101110100011010000010000001100110011100100111010101101001011101000010110000100000001100010011010000111001
1011000010000001110000011011000110000101101001011011100010110000100000001100010011010000111001
10110000100000011100100110100101100011011010000010110000100000001100010011010100110010
1110011011011010110000101101100011011000010110000100000001100010011010000111000
110011101110010011011110111010101101110011001000010110000100000001100010011010100111001
10111110101001001101111011000010111001101110100011010010110111001100111010111110010000001101101011001010110000101110100001011000010000001101111011000100111001101100101011100100111011001100001011101000110100101101111011011100111001100100000011011110110111000101100001000000011001000110001
11001100110111101110111011011000111001100101100001000000011001000110010
11010000110000101110010011001010111001100100000011000010110111001100100001000000111001001100001011000100110001001101001011101000111001100101100001000000011001000110010
1011111010100100110111101101100011011000111001101011111001011000010000001100101011110000110001101100101011011000110110001100101011011100111010000100000011011110110111001100101011100110010110000100000001100100011001000111000
101100001000000100001001110010011001010110111001110100011001100110111101110010011001000010110000100000001100100011001000110111
101100001000000100011001110010011001010110111001100011011010000010110000100000001100100011001000110111
10110000100000011100000110111101110100011000010111010001101111011001010010110000100000001100100011001000111000
10111110101001001110101011100110110101101110011010111110010110000100000001100100011001000110010
10111110101001001110101011100110111001101101001011000010110111000100000011100110110010101100101011001000101111100100000011100000111010101100100011001000110100101101110011001110010110000100000001100010011010100111001
101001100101110
101111101010011011000010110001101101011010111110010000001100011011100100110010101100001011011010010110000100000001100010011011000110010
101111101010011011000010110011001100110011100100110111101101110010111110010000001100011011000010110101101100101011100110010110000100000001100100011001000111000
101111101010011011000010110011101101111010111110010110000100000011101000110111100100000011100000111001001100101011100000110000101110010011001010010110000100000001100100011011000110000
11101000110111100100000011100000111001001100101011100000110000101110010011001010010000001110100011011110010000001100111011010010111011001100101001000000110000101110111011000010111100100100000011101000110111100100000011100000110111101101111011100100010000001100110011000010110110101101001011011000110100101100101011100110010110000100000001100100011011000110111
110110101101001011011000110101100101100001000000011000100110111001100010010110000100000001100100011011000110000
11100000111010101100100011001000110100101101110011001110010110000100000001100010011010000110010
10111110101001101100001011011000110110001100001011001000101111100101100001000000100011001110010011001010110111001100011011010000010110000100000001100010011001000111000
10110000100000011011000110111101100010011100110111010001100101011100100010110000100000001100010011001000111000
101111101010011011000010110110001101101011011110110111001011111001011000010000001110100011011110010000001100010011011110110100101101100001011000010000000110100
101100001000000110111001101111001000000111011001101001011011100110010101100111011000010111001000100000011101000110111100100000011000100110010100100000011000100110111101101001011011000110010101100100001000000111011101101001011101000110100000100000011010010111010000101100001000000011000100111000
11101000110111100100000011100000110100101100011011010110110110001100101001011000010000000110101
111010001101111001000000110001001110010011011110110100101101100001011000010000000110101
11101000110111100100000011100000110111101110100001011000010000000110101
11101000110111100100000011001000111001001111001001011000010000000110101
1011111010100110110000101101100011011110110111101110000010111110010110000100000001100100011011000110100
1011111010100110110000101101110011001000110010101110010011100110101111100101100001000000011001100111001
10100110100000101010101010000110100010101010011001011000010000000110001001100000011010000100000011101000110111100100000001100010011000100110001
111001001101111011000100110000101110010011101000010110000100000011001100110111101110010001000000111001001110101011011010111000001110011001000000110111101110010001000000111001101110100011001010110000101101011011100110010110000100000001100010011000000110110
110000100100000011101100110010101110010011110010010000001100111011011110110111101100100001000000111001101100001011101010110001101100101001000000110010101110011011100000110010101100011011010010110000101101100011011000111100100100000011101000110111100100000011010000110100101100100011001010010000001110100011010000110010100100000011000100110000101100100001000000110001101101111011011000110111101110101011100100010000001101111011001100010000001100110011011110111011101101100011100110010110000100000001100010011000000111001
10011110111010001101000011001010111001000100000011100110110000101110101011000110110010101110011001000000110000101110010011001010010000001110101011011100110010001100101011100100010000001110100011010000110010100100000011011100110000101101101011001010111001100100000011011110110011000100000011001000110100101100110011001100110010101110010011001010110111001110100001000000110010001101001011100110110100001100101011100110010110000100000011011110111001000100000011011110110011000100000011101000110100001100101
11100000111001001101001011011100110001101101001011100000110000101101100001000000110000101110010011101000110100101100011011011000110010101110011001000000111010001101000011001010010000001110011011000010111010101100011011001010111001100100000011000010111001001100101001000000110110101100001011001000110010100100000011011110110011000101110
1011111010100110110000101110101011100110110000101100111011001010111001101011111001011000010000001101101011101010111010001110100011011110110111000101100001000000011011100110001
1011000010000001110000011