00101110010001000000110111101100110011101000110010101101110001011000010000001110100011011110010000001101011011001010110010101110000001000000111001101100011011000010110110001100100011010010110111001100111001000000110100001101111011101000010111000100000010010010110011000100000011011100110111101110100001000000110011101110010011001010110010101101110001000000111011101101000011001010110111000100000011000110110111101101100011001000010110000100000011100110111010001110010011000010110100101101110001011000010000001101111011001100110011000100000011101000110100001100101
11011000110100101110001011101010110111101110010001011000010000001100001011011100110010000100000011100000110111101110101011100100010000001100010011011110110100101101100011010010110111001100111001000000110100001101111011101000010000001100001011001110110000101101001011011100011101100100000011010110110010101100101011100000110100101101110011001110010000001101001011101000010000001101000011011110111010000100000011000010111001100100000011000100110010101100110011011110111001001100101001011100010000001001111011100100010110000100000011010010110011000100000011110010110111101110101
1101001011011100111010001100101011011100110010000100000011101000110111100100000011011010110000101101011011001010010000001001001011011100110010001101001011000010110111000100000011100000110100101100011011010110110110001100101001011000010000001110100011010000110010100100000011000010110001001101111011101100110010100100000011100110110100001101111011011110111010001110011001000000110000101110010011001010010000001100001001000000110011101110010011001010110000101110100001000000110100101101101011100000111001001101111011101100110010101101101011001010110111001110100
111010001101111001000000110100101110100001110100010000001101001011011100010000001110111011010000110100101100011011010000010000001100011011000010111001101100101001000000111100101101111011101010010000001101110011001010110010101100100001000000110111101101110011011000111100100100000011100000110111101110101011100100010000001100010011011110110100101101100011010010110111001100111001000000111011001101001011011100110010101100111011000010111001000100000011000010110111001100100001000000110110101110101011100110111010001100001011100100110010001110011011001010110010101100100
110111101101110001000000111010001101000011001010110110100111011001000000110000101101110011001000010000001101011011001010110010101110000001000000111010001101000011001010110110100100000011101000110100101101100011011000010000001111001011011110111010101110010001000000110101001100001011100100010000001101111011001100010000001110000011010010110001101101011011011000110010101110011001000000111001101101000011000010110110001101100001000000110001001100101001000000111001001100101011000010110010001111001001000000111010001101111
1110010011001010110001101100101011010010111011001100101001000000111010001101000011001010110110100101110
1011111010011010110010101101100011011110110111000100000010011010110000101101110011001110110111101100101011100110010111001011111
10101000110100001100101011100100110010100100000011010010111001100100000011000010010000001110000011000010111001001110100011010010110001101110101011011000110000101110010001000000111001101101111011100100111010000100000011001100110111101110010001000000111010001101000011010010111001100100000011100000111010101110010011100000110111101110011011001010010000001110111011010000110100101100011011010000010000001110100011010000110010100100000011001110110000101110010011001000110010101101110011001010111001001110011001000000110101101101110011011110111011100101110
100001101110101011101000010000001100001001000000111001101110001011101010110000101110010011001010010000001110011011011010110000101101100011011000010000001110000011010010110010101100011011001010010000001101111011101010111010000100000011011110110011000100000011011110110111001100101001000000111001101101001011001000110010100101100001000000110000101101110011001000010000001110100011010000111001001101111011101010110011101101000001000000111010001101000011000010111010000100000011101000110000101101011011001010010000001101111011101010111010000100000011101000110100001100101
1110011011001010110010101100100011100110010110000100000011000010110111001100100001000000110110101101001011110000010000001110111011010010111010001101000001000000111010001101000011001010110110100100000011011010111010101110011011101000110000101110010011001000010000001110011011001010110010101100100011100110010000001100001011011100110010000100000011100110110100001110010011001010110010000100000011001110110000101110010011011000110100101100011011010110011101100100000011100110111010001110101011001100110011000100000011101000110100001100101
110110101100101011011000110111101101110001000000110000101110011001000000110011001110101011011000110110000100000011000010111001100100000011101000110100001100101001000000111001101110000011000010110001101100101001000000111011101101001011011000110110000100000011000010110110001101100011011110111011100101100001000000110000101101110011001000010000001110010011001010111000001101100011000010110001101100101001000000111010001101000011001010010000001110011011100010111010101100001011100100110010100100000011100000110100101100101011000110110010100101110
10000100110100101101110011001000010000001101001011101000010000001110101011100000010000001110111011010010111010001101000001000000110000100100000011100110110110101100001011011000110110000100000011011100110010101110111001000000111000001100001011000110110101101110100011010000111001001100101011000010110010000101110001000000100001001101111011010010110110000100000011000010010000001100111011011110110111101100100001000000111000101110101011000010110111001110100011010010111010001111001001000000110111101100110001000000111011001101001011011100110010101100111011000010111001000101100
1110100011011110010000001100001011011000110110001101111011101110010000001100110011011110111001000100000011101110110000101110011011101000110100101101110011001110010110000100000011101110110100101110100011010000010000001110000011001010111000001110000011001010111001001110011001011000010000001110011011000010110110001110100001011000010000001100111011010010110111001100111011001010111001000101100001000000110000101101110011001000010000001110000011011110111010101110010001000000110001001101111011010010110110001101001011011100110011100100000011010000110111101110100
1101111011101100110010101110010001000000111010001101000011001010010000001101101011000010110111001100111011011110110010101110011001000000110011001101111011101010111001000100000011100110111010101100011011000110110010101110011011100110110100101110110011001010010000001100100011000010111100101110011001110110010000001110100011010000110010100100000011011000110000101110011011101000010110000100000011100000111010101110100001000000110011001101100011011110111010101110010001000000110111101100110001000000110110101110101011100110111010001100001011100100110010000101100
11000010110111001100100001000000111001101100011011100100110000101110000011001010110010000100000011010000110111101110010011100110110010101110010011000010110010001101001011100110110100000100000011010010110111001110100011011110010000001110100011010000110010100100000011101100110100101101110011001010110011101100001011100100010000001101010011101010111001101110100001000000110000101110011001000000110100101110100001000000110001001101111011010010110110001110011001000000111010101110000001011100010000001010011011101000110111101110000
110001101101100011011110111001101100101001011100010000001001111011000100111001101100101011100100111011001100101001000000111010001101000011000010111010000100000011101000110100001100101011100100110010100100000011010010111001100100000011100000110110001100101011011100111010001111001001000000110111101100110001000000111011001101001011011100110010101100111011000010111001000101110001000000100000101101100011011000010000001110000011010010110001101101011011011000110010101110011001000000110000101110010011001010010000001110011011100000110111101101001011011000110010101100100
11010010110011000100000011011100110111101110100001000000111011101100101011011000110110000100000011000110110111101110110011001010111001001100101011001000010111000100000010011010110000101101110011001110110111101100101011100110010000001110011011010000110111101110101011011000110010000100000011000100110010100100000011001000110111101101110011001010010000001110011011011110110111101101110001000000110000101100110011101000110010101110010001000000111010001101000011001010111100100100000011000010111001001100101
11001110110000101110100011010000110010101110010011001010110010000101110
101111101010000011010010110001101101011011011000110010101100100001000000100111101101110011010010110111101101110011100110010111001011111
10010010110111000100000011101000110100001100101001000000110110101101111011011100111010001101000001000000110111101100110001000000101001101100101011100000111010001100101011011010110001001100101011100100010110000100000011000110110100001101111011011110111001101100101001000000111010001101000011001010010000001110011011011010110000101101100011011000010000001110111011010000110100101110100011001010010000001110010011011110111010101101110011001000010000001101111011011100110100101101111011011100111001100101100001000000111010001100001011010110110010100100000011011110110011001100110
111010001101000011001010010000001100010011100100110111101110111011011100010000001110011011010110110100101101110001110110010000001101000011000010111011001100101001000000111001001100101011000010110010001111001001000000110000100100000011101100110010101110010011110010010000001101110011010010110001101100101001000000111010001101001011011100010000001110011011101000110010101110111011100000110000101101110001000000110111101100110001000000110001001101111011010010110110001101001011011100110011100100000011101110110000101110100011001010111001000111011
111010001101000011100100110111101110111001000000110100101101110001000000110000101110011001000000110110101100001011011100111100100100000011011110110111001101001011011110110111001110011001000000110000101110011001000000111011101101001011011000110110000100000011000110110111101110110011001010111001000100000011101000110100001100101001000000111010001101111011100000010111000100000010000010111001100100