00101101100001000000110000101110011001000000111011101101000011001010110111000100000011001100111001001100101011100110110100000101110
101000001101111011101000110000101110100011011110110010101110011001000000111001101101000011011110111010101101100011001000010000001100010011001010010000001101011011001010111000001110100001000000110100101101110001000000111010001101000011001010010000001100101011000010111001001110100011010000010000001110100011010000110000101110100001000000110000101100100011010000110010101110010011001010111001100100000011101000110111100100000011101000110100001100101011011010010000001110111011010000110010101101110001000000110010001110101011001110011101100100000011000010110111001100100
11100000111001001100101011100110110010101110010011101100110010101100100001000000110011001110010011011110110110100100000011001100111001001101111011100110111010000101110
100001101100001011100100111001001101111011101000111001100101100001000000111000001100001011100100111001101101110011010010111000001110011001011000010000001100001011011100110010000100000011101000111010101110010011011100110100101110000011100110010000001110100011010000110010100100000011100110110000101101101011001010010110000100000011000010110111001100100001000000111000001110101011101000010000001101001011011100010000001101100011000010111100101100101011100100111001100100000011011110110011000100000011001000111001001111001001000000111001101100001011011100110010000101110
101001101101101011000010110110001101100001000000110001101101100011011110111001101100101001000000110001101100001011000100110001001100001011001110110010101110011001000000110110001100001011010010110010000100000011011110110111000100000011000010010000001110011011101000110111101101110011001010010000001100110011011000110111101101111011100100010000001100010011001010110011001101111011100100110010100100000011101000110100001100101001000000110011001110010011011110111001101110100001000000111001101100101011101000111001100100000011010010110111000101100
1110111011010010110110001101100001000000110001001101100011000010110111001100011011010000010000001100001011011100110010000100000011000100110010100100000011101100110010101110010011110010010000001100110011010010110111001100101001011000010000001100001011001100111010001100101011100100010000001101101011000010110111001111001001000000111011101100101011001010110101101110011111000101000000010011001001000000110101101100101011001010111000001101001011011100110011100101110
10111110101010001101111001000000110001001101111011010010110110000100000010101100110010101100111011001010111010001100001011000100110110001100101011100110010000001000111011100100110010101100101011011100010111001011111
10000100110010100100000011100110111010101110010011001010010000001110100011010000110010100100000011101110110000101110100011001010111001000100000011000100110111101101001011011000111001100100000011101110110100001100101011011100010000001111001011011110111010100100000011100000111010101110100001000000111010001101000011001010110110100100000011010010110111000111011001000000111011101101000011001010110111000100000011010010110111000101100001000000110110101100001011010110110010100100000011101000110100001100101011011010010000001100010011011110110100101101100
111011001100101011100100111100100100000011001100110000101110011011101000010111000100000010001000110111100100000011011100110111101110100001000000110001101101111011101100110010101110010001011000010000001100010011101010111010000100000011101110110000101110100011000110110100000100000011101000110100001100101011011010011101100100000011000010110111001100100001000000110100101100110001000000111010001101000011001010010000001110111011000010111010001100101011100100010000001101000011000010111001100100000011011100110111101110100
1110011011011000110000101100011011010110110010101101110011001010110010000101100001000000111100101101111011101010010000001101101011000010111100100100000011000100110010100100000011000010111001101110011011101010111001001100101011001000010000001110100011010000110010101111001001000000110000101110010011001010010000001100100011011110110111001100101001000000111011101101000011001010110111000100000011101000110100001100101011110010010000001100001011100100110010100100000011000100110010101100111011010010110111001101110011010010110111001100111001000000111010001101111
111001101101001011011100110101100111011001000000111010001100001011010110110010100100000011101000110100001100101011011010010000001101111011101010111010000100000011010010110110101101101011001010110010001101001011000010111010001100101011011000111100100101100001000000110111101110010001000000111010001101000011001010010000001100011011011110110110001101111011101010111001000100000011101110110100101101100011011000010000001100011011010000110000101101110011001110110010100101110
10111110101001101101101011000010110110001101100001000000100010001101001011100110110100001100101011100110010000001100110011011110111001000100000010100110111010101110000011100000110010101110010001011000010000000100110011000110010111001011111
100001001101111011010010110110000100000011001010110011101100111011100110010000001101000011000010111001001100100001011000010000001100011011101010111010000100000011101000110100001100101011011010010000001101001011011100010000001101000011000010110110001100110001011000010000001110100011000010110101101100101001000000110111101110101011101000010000001110100011010000110010100100000011110010110010101101100011010110111001100101100001000000111001101100101011101000010000001110100011010000110010100100000011101110110100001101001011101000110010101110011001000000110111101101110
11000010010000001100100011010010111001101101000001011000010000001100001011011100110010000100000011001100110100101101100011011000010000001110111011010010111010001101000001000000111010001101000011001010010000001100110011011110110110001101100011011110111011101101001011011100110011100100000011100110110010101110110011001010111001001100001011011000010000001101001011011100110011101110010011001010110010001101001011001010110111001110100011100110011101100100000011011110111001000100000011100000111010101110100001000000110000100100000011100110110000101110101011000110110010101110010
11101010111000001110011011010010110010001100101001000000110010001101111011101110110111000100000011011110110111000100000011000010010000001110000011011000110000101110100011001010010110000100000011000010110111001100100001000000111000001101100011000010110001101100101001000000111010001101000011001010110110100100000011010010110111000100000011100010111010101100001011100100111010001100101011100100111001100100000011100100110111101110101011011100110010000111010001000000110100101101110001000000110010101101001011101000110100001100101011100100010000001100011011000010111001101100101
11000010111001100100000011000010010000001110011011000010110110001101101011000010110011101110101011011100110010001101001001011100010000001000011011010000110111101110000011100000110010101100100001000000111011001100101011000010110110000101100001000000111100101100101011011000110101100100000011011110110011000100000011001010110011101100111001011000010000001100010011001010110010101110100011100100110111101101111011101000010110000100000011000010110111001100011011010000110111101110110011110010010110000100000011000010111000001110000011011000110010100101100
1101111011011100110100101101111011011100010110000100000011010000110000101101101001011000010000001100001011011100110010000100000011100000110000101110010011100110110110001100101011110010010111000100000010000010010000001110110011001010111001001111001001000000111001101101101011000010110110001101100001000000110001001101001011101000010000001101111011001100010000001110100011010000110010100100000011101110110100001101001011101000110010100100000011011110110011000100000011101000110100001100101001000000110010101100111011001110010000001101101011101010111001101110100
110001001100101001000000110001101110101011101000010000001101111011001100110011000101100001000000111010001101111001000000110110101100001011010110110010100100000011010010111010000100000011100110111010001100001011011100110010000100000011011110110111000100000011101000110100001100101001000000110010001101001011100110110100000100000011000010111001100100000011000010010000001100011011101010111000000101110
1011111010011110111001001100001011011100110011101100101001000000100001001110101011101000111010001100101011100100010111001011111
1000010011011110110100101101100001000000111001101101001011110000010000001100101011001110110011101110011001000000110100001100001011100100110010000111010001000000110001001100101011000010111010000100000011101000110100001100101001000000111100101100101011011000110101101110011001000000110100101101110001000000110000100100000011011010110111101110010011101000110000101110010001000000111011101101001011101000110100000100000011001100110100101101110011001010010000001110011011101010110011101100001011100100010110000100000011011110111001001100001011011100110011101100101
11001100110110001101111011101110110010101110010001000000111011101100001011101000110010101110010001011000010000001100110011011110111010101110010001000000110111101110101011011100110001101100101011100110010000001101111011001100010000001100010011101010111010001110100011001010111001000101100001000000110000101101110011001000010000001110100011101110110111100100000011011110111010101101110011000110110010101110011001000000110111101100110001000000110000101101100011011010110111101101110011001000111001100100000011000100110010101100001011101000110010101101110001000000111010001101111
1100001001000000111000001100001011100110111010001100101001011100010000001010111011010000110010101101110001000000110000101101100011011000010000001101001011100110010000001101101011010010111100001100101011001000010110000100000011100100111010101100010001000000110100101110100001000000111010001101000011100100110111101110101011001110110100000100000011000010010000001100011011011110110110001100001011011100110010001100101011100100010000001101111011011100010000001100001001000000110010001101001011100110110100000101110
101001001101111011011000110110000100000011000100111010101110100011101000110010101110010001000000110100101101110001000000110010001101001011001100110011001100101011100100110010101101110011101000010000001100110011011110111001001101