000011000010111001101110100011001010010000001100001011101000010000001110100011010000110010100100000011000100110111101110100011101000110111101101101001000000110111101100110001000000111010001101000011001010010000001100100011010010111001101101000001011100010000001000010011000010110101101100101
11101000111011101100101011011100111010001111001001000000110110101101001011011100111010101110100011001010111001100101110
101111101000001011011100010000001100101011110000110001101100101011011000110110001100101011011100111010000100000010011000110010101101101011011110110111000100000010100000111010101100100011001000110100101101110011001110010111001011111
10000100110010101100001011101000010000001110100011010000110010100100000011110010110010101101100011010110111001100100000011011110110011000100000011001100110111101110101011100100010000001100101011001110110011101110011001110110010000001100001011001000110010000100000011001100110111101110101011100100010000001101111011101010110111001100011011001010111001100100000011011110110011000100000011101110110100001101001011101000110010100100000011100110111010101100111011000010111001000101100001000000111010001101000011001010010000001110010011010010110111001100100001000000110111101100110
110000100100000011011000110010101101101011011110110111000100000011000100110010101101001011011100110011100100000011100100111010101100010011000100110010101100100001000000111011101101001011101000110100000100000011100110110111101101101011001010010000001101100011101010110110101110000011100110010000001101111011001100010000001101001011101000010000001110100011011110010000001110100011000010110101101100101001000000111010001101000011001010010000001100101011100110111001101100101011011100110001101100101001110100010000001110100011010000110010101101110
1110000011001010110010101101100001011000010000001100001011011100110010000100000011000100110010101100001011101000010000001101001011101000010000001101001011011100010000001100001001000000110110101101111011100100111010001100001011100100010000001110111011010010111010001101000001000000111010001101000011001010010000001101010011101010110100101100011011001010010000001101111011001100010000001100001001000000110110001100001011100100110011101100101001000000110110001100101011011010110111101101110001011000010000001100001011011100110010000100000011011010110100101111000
110000101101100011011000010000001110111011010010111010001101000001000000110011001101111011101010111001000100000011011110111001000100000011001100110100101110110011001010010000001101111011101010110111001100011011001010111001100100000011011110110011000100000011000100111010101110100011101000110010101110010001000000111011101100001011100100110110101100101011001000010111000100000010100000111010101110100001000000110000100100000011000110111001001110101011100110111010000100000011010010110111001110100011011110010000001100001
11100110110100001100001011011000110110001101111011101110010000001100100011010010111001101101000001110110010000001101110011010010110001101101011001000000111010001101000011001010010000001100101011001000110011101100101011100110010110000100000011000010110111001100100001000000111000001110101011101000010000001110100011010000110010100100000011000010110001001101111011101100110010100100000011010010110111001110100011011110010000001101001011101000010111000100000010101110110100001100101011011100010000001110011011001010111001001110110011001010110010000101100
11101000111010101110010011011100010000001110100011010000110010100100000011100000111010101100100011001000110100101101110011001110010000001101111011101010111010000100000011011110110011000100000011101000110100001100101001000000110010001101001011100110110100000101110
1011111010000010010000001110110011001010111001001111001001000000110011001101001011011100110010100100000010000010110110101100010011001010111001000100000010100000111010101100100011001000110100101101110011001110010111001011111
10100000111010101110100001000000110000100100000011100000110111101110101011011100110010000100000011011110110011000100000011000100111010101110100011101000110010101110010001000000110100101101110011101000110111100100000011000010010000001110011011000010111010101100011011001010111000001100001011011100010110000100000011101110110100101110100011010000010000001110100011010000111001001100101011001010010000001110001011101010110000101110010011101000110010101110010011100110010000001101111011001100010000001100001001000000111000001101111011101010110111001100100001000000110111101100110
110110001101111011000010110011000100000011100110111010101100111011000010111001000101100001000000110011001101001011011100110010101101100011110010010000001110000011011110111011101100100011001010111001001100101011001000011101100100000011011010110010101101100011101000010000001110100011010000110010100100000011000100111010101110100011101000110010101110010001000000110000101101110011001000010000001101101011010010111100000100000011101110110010101101100011011000010000001110111011010010111010001101000001000000110100101110100001110100010000001110100011010000110010101101110
110000101100100011001000010000001110100011010000110010100100000011110010110010101101100011010110111001100100000011011110110011000100000011001100110100101100110011101000110010101100101011011100010000001100101011001110110011101110011001000000111011101100101011011000110110000100000011000100110010101100001011101000110010101101110001011000010000001100001011011100110010000100000011000010111001100100000011011010111010101100011011010000010000001100110011100100110010101110011011010000010000001100011011000010110111001100100011010010110010101100100
11011110111001001100001011011100110011101100101001011000010000001100001011100110010000001110111011010010110110001101100001000000110000101100100011001000010000001100011011011110110110001101111011101010111001000100000011000010110111001100100001000000110011001101100011000010111011001101111011101010111001000100000011101000110111100100000011010010111010000101100001000000110001001100101011010010110111001100111001000000110011001101001011100100111001101110100001000000110001001100101011000010111010001100101011011100010000001110100011011110010000001100001
11001100110100101101110011001010010000001110000011000010111001101110100011001010010111000100000010011000110100101101110011001010010000001110100011010000110010100100000011001000110100101110011011010000010000001110111011010010111010001101000001000000111000001100001011100110111010001100101001000000110011001101111011100100010000001110100011101010111001001101110011010010110111001100111001000000110111101110101011101000011101100100000011000010110111001100100001000000111011101101000011001010110111000100000011001100110100101101100011011000110010101100100
1110111011010010111010001101000001000000111010001101000011001010010000001100001011000100110111101110110011001010010110000100000011011000110000101111001001000000110000100100000011000110111001001110101011100110111010000100000011011110111011001100101011100100010110000100000011000010111001100100000011110010110111101110101001000000111011101101111011101010110110001100100001000000110000100100000011100000110100101100101001011000010000001100001011011100110010000100000011000100110000101101011011001010010000001101001011101000010000001101001011011100010000001100001
1110011011011000110111101110111001000000110111101110110011001010110111000101110
100100101110100001000000110100101110011001000000110000101110011001000000110011101101111011011110110010000100000011000110110111101101100011001000010000001100001011100110010000001101000011011110111010000101110
1011111010000100110000101101011011001010110010000100000010000010111000001110000011011000110010100100000010100000111010101100100011001000110100101101110011001110010111001011111
10100000110000101110010011001010010000001100001011011100110010000100000011100010111010101100001011100100111010001100101011100100010000001100110011011110111010101110010001000000110110001100001011100100110011101100101001000000110000101110000011100000110110001100101011100110011101100100000011000100110111101101001011011000010000001110100011010000110010101101101001000000111010001100101011011100110010001100101011100100010110000100000011101110110100101110100011010000010000001110100011010000110010100100000011100100110100101101110011001000010000001101111011001100010000001100001
110110001100101011011010110111101101110001011000010000001101001011011100010000001110011011011110010000001101100011010010111010001110100011011000110010100100000011101110110000101110100011001010111001000100000011101000110100001100001011101000010000001110111011010000110010101101110001000000110010001101111011011100110010100101100001000000110111001101111011011100110010100100000011011010110000101111001001000000111001001100101011011010110000101101001011011100011101000100000011000100110010101100001011101000010000001110100011010000110010101101101
1110001011101010110100101110100011001010010000001100110011010010110111001100101001000000110100101101110001000000110000100100000011011010110111101110010011101000110000101110010001110100010000001100001011001000110010000100000011101000110100001100101001000000110001101110010011101010110110101100010011100110010000001101111011001100010000001100001001000000111001101101101011000010110110001101100001000000111001001101111011011000110110000101100001000000110011001101111011101010111001000100000011011110111010101101110011000110110010101110011001000000110111101100110
11000100111010101110100011101000110010101110010001000000110110101100101011011000111010001100101011001000010110000100000011101000110100001100101001000000111100101100101011011000110101101110011001000000110111101100110001000000110011001101001011101100110010100100000011000010110111001100100001000000111011101101000011010010111010001100101011100110010000001101111011001100010000001110100011010000111001001100101011001010010000001100101011001110110011101110011001011000010000001101010011101010110100101100011011001010010000001101111011001100010000001101000011000010110110001100110
11000010010000001101100011001010110110101101111011011100010110000100000011000010110111001100100001000000111001101110101011001110110000101110010001000000111010001101111001000000111010001100001011100110111010001100101001011100010000001000010011001010110000101110100001000000110000101101