1001011100110010000001110010011001010110110101100001011100100110101100100000011001010111100001110100011001010110111001100100011100110010000001110100011011110010000001100001011101010111010001101000011011110111001001110011001000000110100101101110001000000110000101101100011011010110111101110011011101000010000001100101011101100110010101110010011110010010000001100100011001010111000001100001011100100111010001101101011001010110111001110100001000000110111101100110001000000111001101100011011010010110010101101110011000110110010100100000011000010110111001100100
1101101011011110111001001100001011011000111001100111010001000000110001001110101011101000010000001101001011101000010000001101001011100110010000001110000011001010110001101110101011011000110100101100001011100100110110001111001001000000110000101110000011100000110110001101001011000110110000101100010011011000110010100100000011101000110111100100000011101000110100001100101001000000100010101100100011010010111010001101111011100100010000001101111011001100010000001100001001000000100010001101001011000110111010001101001011011110110111001100001011100100111100100101110
1001001011001100010000001100001001000000111011101101111011100100110010000100000011010000110000101110011001000000110001001100101011001010110111000100000011011110110111001100011011001010010000001100101011110000111000001101100011000010110100101101110011001010110010000100000011101110110100101110100011010000010000001100001011000110110001101110101011100100110000101100011011110010010110000100000011000010110111001100100001000000110100101110100011100110010000001110110011000010111001001101001011011110111010101110011
11011010110010101100001011011100110100101101110011001110111001100100000011001000110100101110011011000110111001001101001011011010110100101101110011000010111010001100101011001000010000001110111011010010111010001101000001000000110001101110010011010010111010001101001011000110110000101101100001000000110000101100011011101010110110101100101011011100010110000100000011011100110111101110100011010000110100101101110011001110010000001110010011001010110110101100001011010010110111001110011001000000110011001101111011100100010000001100001
1110011011101010110001101100011011001010110010101100100011010010110111001100111001000000111011101110010011010010111010001100101011100100010110000100000011000100111010101110100001000000111010001101111001000000110001101101111011011000110110001100101011000110111010000100000011000010110111001100100001000000110000101110010011100100110000101101110011001110110010100100000011101000110100001100101001000000110110001100001011000100110111101110101011100100111001100100000011011110110011000100000011010000110100101110011
111000001110010011001010110010001100101011000110110010101110011011100110110111101110010011100110010110000100000011010010110111000100000011000010010000001101101011000010110111001101110011001010111001000100000011101110110100001101001011000110110100000100000011000110110111101101001011011100110001101101001011001000110010101110011001000000111011101101001011101000110100000100000011010000110100101110011001000000110111101110111011011100010000001110000011000010111001001110100011010010110001101110101011011000110000101110010001000000111000001101100011000010110111000101110
10100110111010101100011011010000010000001101001011100110010000001110100011010000110010100100000011101010111001101100101001000000111011101101000011010010110001101101000001000000110100001100001011100110010000001100010011001010110010101101110001000000110110101100001011001000110010100100000011010010110111000100000011101000110100001100101001000000111000001110010011001010111001101100101011011100111010000100000011101110110111101110010011010110010000001101111011001100010000001110100011010000110010100100000011011000110000101100010011011110111001001101001011011110111010101110011
110000101101110011001000010000001100011011001010110110001100101011000100111001001100001011101000110010101100100001000000110001101101111011011010111000001101001011011000110000101110100011010010110111101101110001000000110111101100110001000000100010001110010001011100010000001001010010011110100100001001110010100110100111101001110001011000010000001110111011010000110100101100011011010000010000001101001011100110010000001110100011010000110010100100000011011010110111101110011011101000010000001110000011001010111001001100110011001010110001101110100
110110101101111011001000110010101101100001000000110100101101110001000000110100101110100011100110010000001101011011010010110111001100100001011100010000001000001011011100110010000100000011010010110011000100000011101000110100001101001011100110010000001110100011000010111001101101011001000000110100001100001011100110010000001100010011001010110010101101110001000000111000001100101011100100110011001101111011100100110110101100101011001000010000001110111011010010111010001101000001000000110111101101110011011000111100100100000011000110110111101101101011011010110111101101110
110100101101110011001000111010101110011011101000111001001111001001000000110000101101110011001000010000001100011011000010111001001100101001011000010000001101001011101000010000001110111011010010110110001101100001000000110011001101111011011000110110001101111011101110010000001110100011010000110000101110100001000000111010001101000011010010111001100100000011100110110110101100001011011000110110000100000011101100110111101101100011101010110110101100101001000000110001101101111011011100111010001100001011010010110111001110011001000000110100101101110
111001101110101011000100111001101110100011000010110111001100011011001010010000001110100011010000110010100100000011100010111010101101001011011100111010001100101011100110111001101100101011011100110001101100101001000000110111101100110001000000110110001100101011110000110100101100011011011110110011101110010011000010111000001101000011110010010110000100000011000010110111001100100001000000110100101110011001000000110000101100100011000010111000001110100011001010110010000100000011001100110111101110010001000000110010101110110011001010111001001111001
111000001110101011100100111000001101111011100110110010100100000011000010111001100100000011000010010000001100010011011110110111101101011001000000110111101100110001000000111001001100101011001100110010101110010011001010110111001100011011001010010111000100000010010010111010000100000011010000110000101110011001000000110000101101100011100110110111100100000011101000110100001101001011100110010000001110011011101010111000001100101011100100110100101101111011100100010000001100001011001000111011001100001011011100111010001100001011001110110010100101100
111010001101000011000010111010000100000011101000110100001100101001000000110110101101111011100100110010100100000011011110110001001110011011011110110110001100101011101000110010100100000011001010111100001100011011100100110010101110011011000110110010101101110011000110110010101110011001000000110111101100110001000000100101001001111010010000100111001010011010011110100111000101100001000000110000101101110011001000010000001101111011101000110100001100101011100100010000001100101011011010110100101101110011001010110111001110100
11011000110010101111000011010010110001101101111011001110111001001100001011100000110100001100101011100100111001100101100001000000110000101110010011001010010000001101000011001010111001001100101001000000110010101111000011000110110100001100001011011100110011101100101011001000010000001100110011011110111001000100000011011010110000101101110011110010010000001100001011001000110010001101001011101000110100101101111011011100110000101101100001000000111001101100011011010010110010101101110011101000110100101100110011010010110001100100000011000010110111001100100
11011000110100101110100011001010111001001100001011100100111100100100000011101000110010101110010011011010111001100100000011011100110111101110100001000000110001101110101011100100111001001100101011011100111010000100000011010010110111000100000011101000110100001100101011010010111001000100000011101000110100101101101011001010010111000100000010010010110111000100000011001100110000101100011011101000010110000100000011011100110111100100000011100000110000101101001011011100111001100100000011010000110000101110110011001010010000001100010011001010110010101101110
111001101110000011000010111001001100101011001000010000001110100011011110010000001110010011001010110111001100100011001010111001000100000011101000110100001101001011100110010000001110111011011110111001001101011001000000110000101110011001000000110001101101111011011010111000001101100011001010111010001100101001000000110000101110011001000000110100101110100011100110010000001101100011010010110110101101001011101000111001100100000011101110110111101110101011011000110010000100000011000010110010001101101011010010111010000101110
10000010110111000100000011001010111000001101001011101000110111101101101011001010010000001101111011001100010000001110100011010000110010100100000010010000110010101100001011101000110100001100101011011100010000001001101011110010111010001101000011011110110110001101111011001110111100100100000011001100110111101101100011011000110111101110111011100110010000001110100011010000110010100100000010001000110100101100011011101000110100101101111011011100110000101110010011110010010110000100000011011010110111101110010011001010010000001100011011011110111000001101001011011110111010101110011
11000010110111001100100001000000110001101101111011100100111001001100101011000110111010000100000011101000110100001100001011011100010000001101000011000010111001100100000011010000110100101110100011010000110010101110010011101000110111100100000011000010111000001110000011001010110000101110010011001010110010000100000011010010110111000100000011000010110111001111001001000000111001101101001011011010110100101101100011000010111001000100000011100000111001001101111011001000111010101100011011101000110100101101111011011100011101100100000011000010110111001100100
111010001101000011001010010000001000011011010000111001001101111011011100110111101101100011011110110011101111001001000000110000101101110011011100110010101111000011001010110010000100000011001010111100001101000011010010110001001101001011101000111001100100000011101000110100001100101001000000110011101100101011011100110010101110010011000010110110000100000011011110111010101110100011011000110100101101110011001010111