111011011110010000001110000011011110111010101101110011001000111001100100000011000010110111001100100001000000110000100100000011010000110000101101100011001100010000001101111011001100010000001100110011100100110010101110011011010000010000001100010011101010111010001110100011001010111001000100000011010010110111000100000011101110110000101110100011001010111001000100000011001100110100101110010011100110111010000101100001000000110000101101110011001000010000001110100011010000110010101101110001000000110100101101110
11100100110111101110011011001010111011101100001011101000110010101110010001110110010000001100010011001010110000101110100001000000111010001101000011001010010000001100010011101010111010001110100011001010111001000100000011101000110111100100000011000010010000001100011011100100110010101100001011011010011101000100000011000100110010101100001011101000010000001110100011101110110010101101110011101000111100100100000011001010110011101100111011100110010110000100000011110010110010101101100011010110010000001100001011011100110010000100000011101110110100001101001011101000110010101110011
1110011011001010111000001100001011100100110000101110100011001010110110001111001001011000010000001101000011000010110110001100110001000000110000101101110001000000110100001101111011101010111001000100000011001010110000101100011011010000010111000100000010010000110000101110110011001010010000001110010011001010110000101100100011110010010000001110100011101110110111100100000011100000110111101110101011011100110010001110011001000000110000101101110011001000010000001100001001000000110100001100001011011000110011000100000011011110110011000100000011101000110100001100101
1100110011010010110111001100101011100110111010000100000011001100110110001101111011101010111001000101100001000000111011101100101011011000110110000100000011001000111001001101001011001010110010000101100001000000110000101101110011001000010000001101011011001010111000001110100001000000110100001101111011101000010110000100000011011000110100101101011011001010111011101101001011100110110010100100000011000010010000001110000011011110111010101101110011001000010000001100001011011100110010000100000011000010010000001101000011000010110110001100110001000000110111101100110
111001101110101011001110110000101110010001000000111000001101111011101010110111001100100011001010110010000100000011000010110111001100100001000000111001101101001011001100111010001100101011001000010110000100000011011110110111001100101001000000110111101110101011011100110001101100101001000000110111101100110001000000111001101110000011010010110001101100101001000000110100101101110001000000110011001101001011011100110010101110011011101000010000001110000011011110111011101100100011001010111001000101100001000000111010001101000011100100110010101100101
11100000110111101110101011011100110010001110011001000000110111101100110001000000110001101110101011100100111001001100001011011100111010001110011001000000110111001101001011000110110010101101100011110010010000001100011011011000110010101100001011011100110010101100100001000000110000101101110011001000010000001100100011100100111100100101100001000000110100001100001011011000110011000100000011000010010000001110000011011110111010101101110011001000010000001101111011001100010000001100001011011000110110101101111011011100110010001110011
110001001101100011000010110111001100011011010000110010101100100001011000010000001100001011011100110010000100000011101000110100001110010011001010110010100100000011100010111010101100001011100100111010001100101011100100111001100100000011011110110011000100000011000010010000001110000011011110111010101101110011001000010000001101111011001100010000001110011011101110110010101100101011101000110110101100101011000010111010001110011001000000110001101110101011101000010000001101110011011110111010000100000011101000110111101101111001000000111010001101000011010010110111000101110
100110001100101011101000010000001100001011011000110110000100000011000100110010100100000011010110110010101110000011101000010000001100010011110010010000001110100011010000110010100100000011001100110100101110010011001010010110000100000011011010110100101111000001000000110000101101100011011000010000001110100011010000110010100100000011001000111001001111001001000000110100101101110011001110111001001100101011001000110100101100101011011100111010001110011001110110010000001110000011011110111010101110010001000000111010001101000011001010010000001100101011001110110011101110011
11100110111010001110010011000010110100101101110011001010110010000100000011101000110111100100000011101000110100001100101001000000110001001110101011101000111010001100101011100100011101100100000011011010110100101111000001000000110100001100001011011000110011000100000011000010010000001110000011010010110111001110100001000000110111101100110001000000111001101110111011001010110010101110100001000000111011101101001011011100110010100100000011101110110100101110100011010000010000001100001001000000110110001100001011100100110011101100101001000000110011101101100011000010111001101110011
1101111011001100010000001100010011100100110000101101110011001000111100100101100001000000111000001101111011101010111001000100000011010010111010000100000011101000110111100100000011101000110100001100101001000000110001001110101011101000111010001100101011100100010000001100001011011100110010000100000011001010110011101100111011100110010110000100000011011010110100101111000001000000111011101100101011011000110110000101100001000000111010001101000011001010110111000100000011010000110000101110110011001010010000001100001011011000110110000100000011101000110100001100101
110010001110010011110010010000001110100011010000110100101101110011001110111001100100000011100000111010101110100001000000110100101101110001000000110001001111001001000000110010001100101011001110111001001100101011001010111001100111011001000000110001001100101011000010111010000100000011101000110100001100101011011010010000001110110011001010111001001111001001000000111010001101000011011110111001001101111011101010110011101101000011011000111100100111011001000000111100101101111011101010010000001100011011000010110111000100000011010000110000101110010011001000110110001111001
110010001101111001000000110100101110100001000000111010001101111011011110010000001101101011101010110001101101000001011100010000001001000011000010111011001101001011011100110011100100000011010000110000101101100011001100010000001100001001000000111000001101111011101010110111001100100001000000110111101100110001000000111001101110100011011110110111001100101011001000010000001101010011000010111001000100000011100100110000101101001011100110110100101101110011100110010000001100011011010000110111101110000011100000110010101100100001000000110000101110011
1100110011010010110111001100101001000000110000101110011001000000111000001101111011100110111001101101001011000100110110001100101001011000010000001101101011010010111100000100000011101000110100001100101011011010010000001100011011000010111001001100101011001100111010101101100011011000111100100101100001000000111001101101111001000000111010001101000011000010111010000100000011101000110100001100101011100100110010100100000011100110110100001100001011011000110110000100000011000100110010100100000011011100110111100100000011011000111010101101101011100000111001100101110
100001001100101011000010111010000100000011101000110100001100101001000000110100101101110011001110111001001100101011001000110100101100101011011100111010001110011001000000111010001101111011001110110010101110100011010000110010101110010001000000110000100100000011001100111010101101100011011000010000001101000011011110111010101110010001000000110000101110100001000000110110001100101011000010111001101110100001011100010000001001000011000010111011001100101001000000110000100100000011010000110111101101111011100000010000001110111011001010110110001101100
11000100111010101110100011101000110010101110010011001010110010000101100001000000110111101110010001000000110100101100110001000000111100101101111011101010010000001101000011000010111011001100101001000000110111001101111011011100110010100101100001000000110000100100000011101000110100101101110001011000010000001101111011100100010000001100011011011110111000001110000011001010111001000100000011000110110000101101011011001010111000001100001011011100011101100100000011101000110000101101011011001010010000001100001001000000111011101101000011010010111010001100101
1110000011000010111000001100101011100100010110000100000011001000110111101110101011000100110110001100101011001000010000001100001011011100110010000100000011000100111010101110100011101000110010101110010011001010110010000101100001000000110000101101110011001000010000001110000011101010111010000100000011010010110111000100000011101000110100001100101001000000111000001100001011011100010000001110010011011110111010101101110011001000010000001110100011010000110010100100000011001010110010001100111011001010010110000100000011010010110011000100000011101000110100001100101
1100011011000010110101101100101001000000110001001100001011101000111010001100101011100100010000001100110011010010110110001101100001000000110100101110100001000000110110101101111011100100110010100100000011101000110100001100001011011100010000001110100011010000111001001100101011001010010000001110000011000010111001001110100011100110010110000100000011001100110111101110010001000000111001101110000011000010110001101100101001000000111001101101000011011110111010101101100011001000010000001100010011001010010000001100001011011000110110001101111011101110110010101100100
110011001101111011100100010000001110010011010010111001101101001011011100110011100101110001000000100001001100001011010110110010100100000011010010110111000100000011000010010000001110001011101010110100101100011011010110010000001101111011101100110010101101110001011100010000001001001011101000010000001110111011010010110110001101100001000000111001001100101011100010111010101101001011100100110010100100000011101000110100001110010011001010110010100100000011010000110111101110101011100100111001100101110
10111110100000101101110001000000110010101111000011000110110010101101100011011000110010101101110011101000010000001100001011011100110010000100000011011000110010101110011011100110010000001100101011110000111000001100101011011100111001101101001011101100110010100100000010000110110000101101011011001010010111001011