110100011011110110110100100000011011110110011000100000011101000110100001100101001000000110010001101001011100110110100000101100001000000110000101101110011001000010000001110011011011110110110101100101
1100010011101010111010001110100011001010111001000101100001000000111010001101000011001010110111000100000011101000110100001100101001000000110110101100101011000010111010000100000011011100110100101100011011001010110110001111001001000000111000001100001011000110110101101100101011001000010110000100000011101000110100001100001011101000010000001101001011101000010000001101101011000010111100100100000011000100110010100100000011100110111010101100110011001100110100101100011011010010110010101101110011101000110110001111001001000000110010001101111011011100110010100101100
11000100111010101110100001000000110111001101111011101000010000001101100011010010110010100100000011010000110111101101100011011000110111101110111001000000111010001101111001000000110100001100001011100100110010001100101011011100010000001100001011101000010000001110100011010000110010100100000011001010110010001100111011001010111001100101110
10101000110100001100101001000000111011001100101011011100110100101110011011011110110111000100000011000100110111101101110011001010111001100100000011100110110100001101111011101010110110001100100001000000110001001100101001000000110001001101111011010010110110001100101011001000010000001110111011010010111010001101000001000000111001101101111011011010110010100100000011001100110100101101110011001010010000001101111011011000110010000100000011011010111010101110100011101000110111101101110001011100010000001001111011001100010000001110100011010000110100101110011
1100111011100100110000101110110011110010010000001110000011101010111010000100000011010000110000101101100011001100010000001100001001000000111000001101001011011100111010000100000011000110110111101101100011001000010000001101001011011100111010001101111001000000111010001101000011001010010000001100100011010010111001101101000001011000010000001110100011010000110010101101110001000000110110001100001011110010010000001100010011101010111010001110100011001010111001000100000011011110110111000100000011101000110100001100101
11101100110010101101110011010010111001101101111011011100010110000100000011000010110111001100100001000000110001101101111011101100110010101110010001011000010000001100001011100110010000001110111011001010110110001101100001000000110000101110011001000000110110001101001011011100110010100100000011101000110100001100101001000000111001101101001011001000110010101110011001000000111011101101001011101000110100000100000011000010010000001110100011010000110100101100011011010110010000001100011011100100111010101110011011101000011101100100000011000100111010101110100001000000110010001101111
110111001101111011101000010000001110000011101010111010000100000011011110110111001100101001000000111010101101110011001000110010101110010001000000111010001101000011001010010000001101101011001010110000101110100001011100010000001001011011001010110010101110000001000000111010001101000011001010010000001110010011001010110110101100001011010010110111001100100011001010111001000100000011011110110011000100000011101000110100001100101001000000110011101110010011000010111011001111001001000000111010001101001011011000110110000100000011101000110100001100101
111000001100001011100110111010001111001001000000110001101101111011011010110010101110011001000000110011001110010011011110110110100100000011101000110100001100101001000000110111101110110011001010110111000111011001000000111000001110101011101000010000001101001011101000010000001101001011011100111010001101111001000000111010001101000011001010010000001101101011010010110010001100100011011000110010100100000011000100111100100100000011000010010000001100110011101010110111001101110011001010110110000101100001000000111000101110101011010010111010001100101
1101000011011110111010000101100001000000110000101101110011001000010000001110011011010000110000101101011011001010010000001110100011010000110010100100000011001000110100101110011011010000010000001110100011011110010000001101101011010010111100000100000011101110110010101101100011011000010111000100000010010010111010000100000011100110110100001101111011101010110110001100100001000000110001001100101001000000111001101100101011000010111001101101111011011100110010101100100001000000111011101101001011101000110100000100000011100000110010101110000011100000110010101110010
11000010110111001100100001000000111001101100001011011000111010000101110
101111101000001011011100010000001101001011011010110100101110100011000010111010001101001011011110110111000100000011011110110011000100000010101100110010101101110011010010111001101101111011011100010000001010000011000010111001101110100011110010010111001011111
100001101101000011011110110111101110011011001010010000001100001001000000110110001100001011100100110011101100101001000000111011101100101011011000110110000100000011001100110010101100100001000000110110001101111011010010110111000100000011011110110011000100000011011010111010101110100011101000110111101101110001110110010000001101000011000010110111001100111001000000110100101110100001000000111010001100101011011100010000001100100011000010111100101110011001011000010000001110100011010000110010101101110001000000110001001101111011011100110010100100000011010010111010000101100
1101100011001010110000101110110011010010110111001100111001000000111010001101000011001010010000001101101011001010110000101110100001000000110000101110011001000000111011101101000011011110110110001100101001000000110000101110011001000000111000001101111011100110111001101101001011000100110110001100101001011100010000001000011011011110111011001100101011100100010000001101001011101000010000001110111011010010111010001101000001000000110001001110010011011110111011101101110001000000111001101110101011001110110000101110010001000000110000100100000011001000110000101111001
11000010110111001100100001000000110111001101001011001110110100001110100001110110010000001110100011010000110010101101110001000000110110001100001011110010010000001101001011101000010000001101001011011100010000001100001001000000111000001101001011000110110101101101100011001010010000001101111011001100010000001101000011000010110110001100110001000000110000100100000011100000110100101101110011101000010000001101111011001100010000001110000011011110111001001110100001000000111011101101001011011100110010100101100001000000110000101101110011001000010000001101000011000010110110001100110
110000100100000011100000110100101101110011101000010000001101111011001100010000001110010011000010111000001100101001000000110111101110010001000000110001101101111011011010110110101101111011011100010000001110110011010010110111001100101011001110110000101110010001011000010000001110100011101110110010101101110011101000111100100100000011001100110111101110101011100100010000001101000011011110111010101110010011100110010000001101101011011110111001001100101001110100010000001110100011010000110010101101110001000000111001101101000011000010110101101100101001000000110100101110100
111011101100101011011000110110000100000011010010110111000100000011010010111010000100000011101000110111100100000011101000110000101101011011001010010000001101111011001100110011000100000011101000110100001100101001000000111001101110101011001110110000101110010001011000010000001100010011101010111010000100000011001000110111100100000011011100110111101110100001000000111011101100001011100110110100000101100001000000110111101101110011011000111100100100000011101110110100101110000011001010010000001101001011101000010111000100000010100110110010101100001011100110110111101101110
11000010111001100100000011000010110001001101111011101100110010100101100001000000110000101101110011001000010000001100010011000010110101101100101001110110010000001101101011000010110101101101001011011100110011100100000011000010010000001100111011100100110000101110110011110010010000001101111011001100010000001110100011010000110010100100000011000100110111101101110011001010111001100101110
100001101110010011101010111001101110100001000000110011001101111011100100010000001110100011010000110010100100000011100000110000101110011011101000111100100101100001000000111001101100101011001010010000001110101011011100110010001100101011100100010000001110100011010000110010100100000011000010111001001110100011010010110001101101100011001010010000001101111011001100010000001100011011100100111010101110011011101000111001100101110
101111101001000011000010111001101101000011001010110010000100000010101100110010101101110011010010111001101101111011011100101111100101100
10100110110100001101111011101010110110001100100001000000110001001100101001000000111011101100001011100100110110101100101011001000010000001110111011010010111010001101000001000000110100101110100011100110010000001101111011101110110111000101100001000000110111101110010001000000110011101110010011000010111011001111001001000000111011101101001011101000110100001101111011101010111010000100000011100110110010101100001011100110110111101101110011010010110111001100111001011000010000001100001011100110010000001100010011001010110011001101111011100100110010100101100
1100001011011100110010000100000011011110110111001101100011110010010000001110111011000010111001001101101011001010110010000100000011101000110100001110010011011110111010101100111011010000010110000100000011011100110111101110100001000000110001001101111011010010110110001100101011001000010111000100000010010010110011000100000011101000110100001100101011100100110010100100000011000100110010100100000011011100110111100100000011001100110000101110100001000000110110001100101011001100111010000101100001000000110001101110101011101000010000001110011011011110110110101100101
11100110110110001101001011000110110010101110011001000000110111101100110001000000110110101110101011101000111010001101111011011100010000001100110011000010111010000101100001000000111001101100101011101000010000001101111011011100010000001110100011010000110010100100000011001100110100101110010011001010010110000100000011101110110100101110100011010000010000001100001001000000110110001101001011101000111010001101100011001010010000001110000011011110111001001110100001000000111011101101001011011100110010100100000011000010110111001100100
111001101110101011001110110000101110010001110100010000001110011011010010110110101101101011001010111001000