1001010111001001111001001011000010000001100001011011100110010000100000011000010010000001101100011010010111010001110100011011000110010100100000011101000111010101110010011011100110100101110000001011000010000001100001011011100110010000100000011000010110010001100100001000000111010001101111
111100101101111011101010111001000100000011011000110100101101011011010010110111001100111001110110010000001100001011011100110010000100000011100110111010001100101011101110010000001110100011010000110010101101101001000000111010001100101011011100110010001100101011100100010000001101001011011100010000001110100011010000110010100100000011100110110111101110101011100000010111000100000010010010110011000100000011000010111000001110000011100100110111101110110011001010110010000101100001000000111100101101111011101010010000001101101011000010111100100100000011000010110010001100100
1100001011011100010000001100001011011100110001101101000011011110111011001111001001011000010000001100001011011100110010000100000011000010010000001110011011100000110111101101111011011100110011001110101011011000010000001101111011001100010000001100011011000010111010001110011011101010111000000101110
10111110101001101110000011010010110111001100001011000110110100000100000010100110110111101110101011100000010111001011111
1010011011010000111001001100101011001000010000001110100011101110110111100100000011010000110000101101110011001000110011001110101011011000111001100100000011011110110011000100000011100110111000001101001011011100110000101100011011010000010110000100000011000010010000001110100011101010111001001101110011010010111000000101100001000000111010001110111011011110010000001101111011011100110100101101111011011100111001100101100001000000110000100100000011010000110010101100001011001000010000001101111011001100010000001100011011001010110110001100101011100100111100100101100
111010001110111011011110010000001100011011000010111001001110010011011110111010001110011001011000010000001100001011011100110010000100000011000010010000001101100011010010111010001110100011011000110010100100000011101000110100001111001011011010110010100100000011000010110111001100100001000000111000001100001011100100111001101101100011001010111100100101110001000000101000001110101011101000010000001100001011011000110110000100000011010010110111001110100011011110010000001100001001000000111001101110100011001010111011101110000011011110111010000101100
111011101101001011101000110100000101100001000000110000100100000011000100110100101110100001000000110111101100110001000000110001001110101011101000111010001100101011100100010000001110100011010000110010100100000011100110110100101111010011001010010000001101111011001100010000001100001001000000111011101100001011011000110111001110101011101000010110000100000011000010110111001100100001000000110000100100000011100000110100101101110011101000010000001101111011001100010000001100010011100100110111101110100011010000010110000100000011011110111001000100000011101000110100001100101
111011101100001011101000110010101110010001000000110100101101110001000000111011101101000011010010110001101101000001000000110110101100101011000010111010000100000011010000110000101110011001000000110001001100101011001010110111000100000011000100110111101101001011011000110010101100100001110110010000001110011011101000110010101110111001000000111010001101001011011000110110000100000011101000110100001100101001000000111011001100101011001110110010101110100011000010110001001101100011001010111001100100000011000010111001001100101001000000111000101110101011010010111010001100101
111010001100101011011100110010001100101011100100011101000100000011101110110111101110010011010110010000001110100011010000110010101101101001000000111010001101000011100100110111101110101011001110110100000100000011000010010000001100011011011110110000101110010011100110110010100100000011000110110110001101111011101000110100000100000011011110111001000100000011100110110100101100101011101100110010100100000011101110110100101110100011010000010000001100001001000000111001101110000011011110110111101101110001110110010000001110100011010000110010101101110
111011101101001011101000110100000100000011101000110100001100101001000000111000001110101011011000111000000100000011011110110011000100000011101000110100001100101001000000111011001100101011001110110010101110100011000010110001001101100011001010111001100101100001000000110000101101110011001000010000001101100011010010111000101110101011011110111001000101100001000000110000100100000011100010111010101100001011100100111010000100000011011110110011000100000011001100111001001100101011100110110100000100000011101110110000101110100011001010111001000101100
111000001100101011100000111000001100101011100100010000001100001011011100110010000100000011100110110000101101100011101000010110000100000011000100110111101101001011011000010000001100001011011000110110000100000011101000110111101100111011001010111010001101000011001010111001000101110001000000100100001100001011101100110010100100000011100100110010101100001011001000111100100100000011100110110111101101101011001010010000001110011011101010110010101110100001000000110010001110101011011010111000001101100011010010110111001100111011100110010110000100000011101000110100001100101
111001101101001011110100110010100100000011011110110011000100000011000010010000001110111011000010110110001101110011101010111010000101100001000000110000101101110011001000010000001100010011001010110011001101111011100100110010100100000011110010110111101110101001000000111000001110101011101000010000001110100011010000110010100100000011100110110111101110101011100000010000001101001011011100111010001101111001000000111010001101000011001010010000001110100011101010111001001100101011001010110111000101100001000000111000001110101011101000010000001110100011010000110010101101101
1101001011011100111010001101111001000000110100101110100001011100010000001010100011010000110010100100000011100110111010101100101011101000010000001101101011101010111001101110100001000000110111001101111011101000010000001100010011001010010000001110011011010000111001001100101011001000010000001110100011011110110111100100000011001100110100101101110011001010011101100100000011000010110111001100100001000000111010001100001011010110110010100100000011000110110000101110010011001010010000001110100011010000110000101110100001000000110100101110100001000000110100101110011
1110000011001010111001001100110011001010110001101110100011011000111100100100000011001100111001001100101011100110110100000101110
1011111010100110110001101101111011101000110001101101000001000000100110001100101011001010110101100100000010100110110111101110101011100000010111001011111
1010000011101010111010000100000011101000110100001100101001000000110001001101111011010010110110001101001011011100110011100100000011011110110011000100000011000010010000001101100011001010110011100100000011011110110011000100000011011010111010101110100011101000110111101101110001000000110100101101110011101000110111100100000011000010010000001110011011101000110010101110111001000000111000001101111011101000010110000100000011101110110100101110100011010000010000001100001001000000111000101110101011000010110111001110100011010010111010001111001001000000110111101100110
1100011011010000110111101110000011100000110010101100100001000000110110001100101011001010110101101110011001011000010000001100001011011100110010000100000011100000110010101110000011100000110010101110010001000000110000101101110011001000010000001110011011000010110110001110100001110110010000001110011011010010110110101101101011001010111001000100000011101000110100001100101011011010010000001100001011011100010000001101000011011110111010101110010001011000010000001110100011010000110010101101110001000000110110101101001011110000010000001110011011011110110110101100101
11011110110000101110100011011010110010101100001011011000010000001110111011010010111010001101000001000000110000100100000011011000110100101110100011101000110110001100101001000000110001101101111011011000110010000100000011101110110000101110100011001010111001000100000011100010111010101101001011101000110010100100000011100110110110101101111011011110111010001101000001011000010000001110000011011110111010101110010001000000110100101110100001000000110100101101110011101000110111100100000011101000110100001100101001000000111001101101111011101010111000000101100
110000101101110011001000010000001110011011001010111010001110100011010010110111001100111001000000110100101110100001000000110111101101110001000000110000100100000011100110110110001101111011101110010000001110000011000010111001001110100001000000110111101100110001000000111010001101000011001010010000001100110011010010111001001100101001011000010000001101100011001010111010000100000011010010111010000100000011100110110100101101101011011010110010101110010001000000110011101100101011011100111010001101100011110010011101100100000011000100111010101110100
1110100011000010110101101100101001000000110001101100001011100100110010100100000011101000110100001100001011101000010000001101001011101000010000001100100011011110110010101110011001000000110111001101111011101000010000001100010011101010111001001101110001000000111010001101111001000000111010001101000011001010010000001100010011011110111010001110100011011110110110100101110
10111110100100001100001011100100110010100100000010100110110111101110101011100000010111001011111
10101000110000101101011011001010010000001100001011011100010000001101111011011000110010000100000011010000110000101110010011001010010000001110100011010000110000101110100001000000110100101110011001000000110011101101111011011110110010000100000011001100110111101110010001000000110111001101111011101000110100001101001011011100110011100100000011001010110110001110011011001010010000001110100011010000110000101101110001000000111001101101111011101010111000000101100001000000110001101110101011101000010000001101001011011100010000001110000011010010110010101100011011001010111001100101100
1100001011011100110010000100000011100000111010101110100001000000110100101110100001000000111011101101001011101000110100000100000011000010010000001110000011011110111010101101110011001000010000001100001011011100110010000100000011000010010000001101000011000010110110001100110001000000110111101100110001000000110110001100101011000010110111000100000011000100110010101100101011001100010110000100000011101000111011101