1011000110110111101110100011000110110100000101100001000000011100100111001
1011111010011000110010101101101011011110110111001110011010111110010110000100000011101000110111100100000011010110110010101100101011100000010000001100110011011110111001000100000011100000111010101100100011001000110100101101110011001110111001100101100001000000010011001100011001011100010110000100000001100010011100000110110
1110100011011110010000001110000011100100110010101110011011001010111001001110110011001010010000001101001011011100010000001101010011001010110110001101100011110010010110000100000001100100011000000110111
1100011011010000110010101100101011100110110010101100011011000010110101101100101011100110010110000100000001100010011100000110100
11000010110111001101111011101000110100001100101011100100010110000100000001100010011100000110101
110001101110010011001010110000101101101001011000010000001111001011001010110110001101100011011110111011100100000011101110110100101110100011010000110111101110101011101000010000001100011011100100110010101100001011011010010110000100000001100010011011000110011
1110111011010000110100101110100011001010010000001100100011010010111010001110100011011110010110000100000001100010011011000110100
1100011011101010111001101110100011000010111001001100100011100110010110000100000001100010011010100111001
1100100011100100110111101110000011100110010110000100000001100100011000000110011
110100001101111011011100110010101111001011000110110111101101101011000100010110000100000001100010011011100110001
1101010011101010110100101100011011001010010110000100000011101000110111100100000011010110110010101100101011100000010110000100000001100100011000000111001
111000001101001011000110110101101101100011001010010110000100000001100010011000100110010
10111110100110001100101011011010110111101101110010111110010110000100000011100000111010101100100011001000110100101101110011001110010110000100000011000010110111000100000011001010111100001100011011001010110110001101100011001010110111001110100001000000110111101101110011001010010110000100000001100010011010000110011
1110011011000010111010101100011011001010010110000100000001100010011000000111000
1110011011110010111001001110101011100000010110000100000001100100011010000110111
1110111011000010111010001100101011100100010110000100000001100100011010100110100
10111110100110001100101011011010110111101101110011000010110010001100101010111110010110000100000001100100011010100110100
111010001101111001000000110001001100101001000000110110101100001011001000110010100100000011000010010000001100100011000010111100100100000011000100110010101100110011011110111001001100101001000000111011101100001011011100111010001100101011001000010110000100000001100100011001100111001
1100001011011100110111101110100011010000110010101110010001000000111011101100001011110010010110000100000001100100011010000110000
101111101001100011001010110111001110100010111110010000001110000011011110111010001100001011101000110111101100101011100110010110000100000001100010011011000110000
101111101001100011010010110011101101000011101000101111100101100001000000110111101110010001000000100011101100101011100100110110101100001011011100010000001110000011101010110010001100100011010010110111001100111011100110010110000100000001100010011010000110101
10111110100110001101001011101100110010101110010010111110010000001110011011000010111010101100011011001010010110000100000001100010011000000111001
101111101001100011011110110001001110011011101000110010101110010011100110101111100101100001000000110001001110101011101000111010001100101011100100110010101100100001011000010000000110111
1100011011101010111001001110010011110010010000001101111011001100010000001110100011010000110010101101101001011000010000000110111
11100000110000101110100011101000110100101100101011100110010110000100000001100010011001100110100
11100000110100101100101001011000010000000110111
111010001101111001000000111000001101111011101000010000001110100011010000110010101101101001011000010000000110110
11000010110111001101111011101000110100001100101011100100010000001110111011000010111100100101100001000000110000101110011001000000110000101110100001000000101011101101111011011110110010011100010100000001001100101110011001000000110100001101111011101000110010101101100001011000010000000110110
111001101100001011011000110110001100001011001000010110000100000001100010011001000111000
1110011011000010111010101100011011001010010110000100000001100010011000000110111
1100001011011100110111101110100011010000110010101110010001000000111011101100001011110010010110000100000001100010011000000110111
111001101110100011001010111011101100101011001000010110000100000011000010111001100100000011000010010000001110110011001010111001001111001001000000110100001101001011001110110100000100000011100100110010101101100011010010111001101101000001011000010000000110111
1011111010011000110111101101111011010110110100101101110011001110110011101101100011000010111001101110011011001010111001101011111001011000010000001110100011011110010000001100011011011000110010101100001011011100010110000100000001100100011011100110011
100110100101110
1011111010011010110000101100011011000010111001001101111011011110110111001110011010111110010110000100000001100100011001000110100
10111110100110101100001011000110110101101100101011100100110010101101100010111110010110000100000011000100110111101101001011011000110010101100100001011000010000000110011
1100010011100100110111101101001011011000110010101100100001011000010000000110011
110001101101111011011000110110001100001011100100110010101100100001011000010000000110011
11100000110111101110100011101000110010101100100001011000010000000110011
1110000011010010110001101101011011011000110010101100100001011000010000000110011
111000001101001011000110110101101101100011001010110010000101100001000000110001101100001011011000110110001100101011001000010000001100011011000010111011001100101011000010110001101101000001011000010000000110100
1011111010011010110000101100111011011100111010101101101001000000110001001101111011011100111010101101101010111110010000001110000011011000111010101101101011100110010110000100000001100100011000000110100
101111101001101011000010110100001101111011001110110000101101110011110010101111100101100001000000111010001101111001000000110011101101001011101100110010100100000011000010010000001100110011010010110111001100101001000000110001101101111011011000110111101110101011100100010000001110100011011110010110000100000001100100011011100110100
101111101001101011000010110100101100100011100110101111100101100001000000011000100110111
10111110100110101100001011100100110001001101100011001010101111100101100001000000111010001101111001000000111010001100001011010110110010100100000011100110111010001100001011010010110111001110011001000000110111101110101011101000010000001101111011001100010110000100000001100100011011100110101
101111101001101011000010111001001101101011000010110110001100001011001000110010101011111001011000010000001100001011100000111000001101100011001010010110000100000001100010011011100110111
110111101110010011000010110111001100111011001010010110000100000001100010011100100111000
111000101110101011010010110111001100011011001010010110000100000001100010011100100111001
1110100011100100110000101101110011100110111000001100001011100100110010101101110011101000010110000100000001100100011000000110111
1001101011000010111001001110010011011110111011100100000011000100110111101101110011001010111001100101100001000000011001100111000
10111110100110101100001011101110111001101101011011010010110111001110011010111110010110000100000011101000110111100100000011000110111010101110010011001010010110000100000011001100110111101110010001000000111001001100101011011100110111001100101011101000010110000100000001100100011001100110011
10011010100010101000001010101000101001100101100001000000011001000110000001000000111010001101111001000000011011100110110
1101111011000100111001101100101011100100111011001100001011101000110100101101111011011100111001100100000011011110110111000100000011001000111001001100101011100110111001101101001011011100110011100101100001000000011001000110000
1010000111001001101111011000010111001101110100001010010010000001110010011010010110001101100101001000000110001001101111011010010110110001100101011001000010000001110100011011110010000001100101011000010111010000100000011101110110100101110100011010000010110000100000001100010011001100110110
101111101001101011001010110110001101111011011100101111100100000011011010110000101101110011001110110111101100101011100110010110000100000001100010011001000110001
10111110100110101101001011011000110101101110000011011110111001001110010011010010110010001100111011001010101111100101100001000000110011001101111011100100010000001110100011010000110010100100000011100110110100101100011011010110010110000100000001100100011010100110101
100011001110010011001010110111001100011011010000010110000100000001100100011010100110101
1011111010011010110100101101100011010110111000001110101011011100110001101101000010111110010110000100000001100100011010000110110
10111110100110101101001011011000110110001100101011101000101111100100000011100000111010101100100011001000110100101101110011001110010110000100000001100010011010100110011
10111110100110101101001011011100110001101100101011100000110100101100101010111110010110000100000001100010011001100110100
111011101101001011101000110100001101111011101010111010000100000011011010110010101100001011101000010110000100000001100010011001100110101
1101100011001010110110101101111011011100010110000100000001100010011001100110101
110010101100111011001110010110000100000001100010011001100110101
111000001100001011101000111010001101001011001010111001100100000011100100110010101110011011001010110110101100010011011000110100101101110011001110010110000100000001100010011001100110100
101111101001101011011110110001101101011001000000111010001110101011100100111010001101100011001010101111100101100001000000011010000111001
110000100100000011000110110100001100101011000010111000001100101011100100010000001110111011000010111100100101100001000000011010100110000
11001100110111101110010011000110110010101101101011001010110000101110100001000000110000101110011001000000110011001101111011100100010000001110100011101010111001001110100011011000110010100101100001000000110000101110100001000000111010001101000011001010010000001000010