110000101101101011000010110100101100011011000010010000001110000011001010111000001110000011001010111001001110011001011000010000001100001011011100110010000100000011101000111011101100101011011100111010001111001001000000110001001101100011000010110001101101011001011000010000001100001
11101000111010101110010011011100110100101110000001011000010000001100001001000000110001101100001011100100111001001101111011101000010110000100000011000010110111001100100001000000110011001101111011101010111001000100000011001110110000101101100011011000110111101101110011100110010000001101111011001100010000001110111011000010111010001100101011100100010111000100000010000110110111101110110011001010111001000100000011101110110100101110100011010000010000001100010011100100110111101110111011011100010000001110000011000010111000001100101011100100010110000100000011000010110111001100100
110001001100001011010110110010100101110
1011111010100110110000101100111011011110010111001011111
1010000011101010111010000100000011000010010000001110100011001010110000101100011011101010111000001100110011101010110110000100000011011110110011000100000011100110110000101100111011011110010000001101001011011100111010001101111001000000110000100100000011100010111010101100001011100100111010000100000011011110110011000100000011101110110000101110100011001010111001000101100001000000110000101101110011001000010000001100001001000000110001001101001011101000010000001101111011001100010000001101100011001010110110101101111011011100111000001100101011001010110110000111011
11101110110100001100101011011100010000001110100011010000110100101100011011010110110010101101110011001010110010000101100001000000110011101110010011000010111010001100101001000000111001101101111011011010110010100100000011001110110100101101110011001110110010101110010001011000010000001100001011011100110010000100000011000010110010001100100001000000110100001100001011011000110011000100000011000010010000001110000011010010110111001110100001000000110111101100110001000000111001001100001011010010111001101101001011011100111011101101001011011100110010100101100
11000100111001001101111011101110110111000100000011100110111010101100111011000010111001000101100001000000110000101101110011001000010000001110100011101110110111100100000011100110111000001101111011011110110111001100110011101010110110001110011001000000110111101100110001000000100011101100101011011100110010101110110011000010010111000100000010000100110111101101001011011000010000001100001011011000110110000100000011101010111000000100000011101000110111101100111011001010111010001101000011001010111001000101110
10010010111010000100000011010010111001100100000011000010010000001101101011011110111001101110100001000000111001101110101011100000111000001101111011100100111010001101001011011100110011100100000011101000110100001101001011011100110011100100000011001100110111101110010001000000111010001101000011011110111001101100101001000000111011101101000011011110110110100100000011001000110100101110011011001010110000101110011011001010010000001101000011000010111001100100000011011000110010101100110011101000010000001110110011001010111001001111001
1100110011001010110010101100010011011000110010100101110
101111101000011011000010111010101100100011011000110010100100000011001100110111101110010001000000111010001101000011001010010000001010011011010010110001101101011001000000110000101101110011001000010000001001100011110010110100101101110011001110010000001101001011011100010111001011111
101001101100101011101000010000001110100011010000111001001100101011001010010000001110001011101010110000101110010011101000111001100100000011011110110011000100000011101110110000101110100011001010111001000100000011011110110111000100000011101000110100001100101001000000110011001101001011100100110010100101100001000000110110101101001011110000010000001110011011011010110111101101111011101000110100000100000011000010111001100100000011011010111010101100011011010000010000001101111011000010111010001101101011001010110000101101100001000000110000101110011
11101110110100101101100011011000010000001110100011010000110100101100011011010110110010101101110001000000111010001101000011001010010000001110111011010000110111101101100011001010010000001110111011010010111010001101000001000000110000100100000011100000110100101101110011101000010000001101111011001100010000001100011011011110110110001100100001000000111011101100001011101000110010101110010001110110010000001110111011010000110010101101110001000000110001001101111011010010110110001101001011011100110011100101100001000000111000001101111011101010111001000100000011101000110100001100101
110110001100001011101000111010001100101011100100010000001101001011011100010110000100000011000010110111001100100001000000111010001110111011001010110111001110100011110010010000001001010011000010110110101100001011010010110001101100001001000000111000001100101011100000111000001100101011100100111001100100000011010010110111000100000011001100110100101101110011001010010000001110000011011110111011101100100011001010111001000111011001000000110001001101111011010010110110000100000011101000110111100100000011000010010000001100111011011110110111101100100
110110101101001011001000110010001101100011010010110111001100111001000000111010001101000011010010110001101101011011011100110010101110011011100110010110000100000011101000110100001100101011011100010000001100001011001000110010000100000011100110111010101100111011000010111001000101100001000000110100001100001011011000110011000100000011000010010000001110000011010010110111001110100001000000110111101100110001000000111011101100101011011000110110000100000011001100110010101110010011011010110010101101110011101000110010101100100001000000111010001100001011000100110110001100101
110001001100101011001010111001000101100001000000110000101101110011001000010000001100001001000000110011101101100011000010111001101110011001000000110111101100110001000000110011101101001011011100010111000100000010000100110111101101001011011000010000001100001011011000110110000101110
101010001101000011010010111001100100000011011010110010101110011011100110010000001110100011101110110100101100011011001010010110000100000011000010110111001100100001000000110111101101110011000110110010100100000011011110111001000100000011101000111011101101001011000110110010100100000011011110110011000100000011000100111001001101111011101000110100000101100001000000111011101101001011011000110110000100000011000100110010100100000011011110110011000100000011010010110111001100011011000010110110001100011011101010110110001100001011000100110110001100101
111001101100101011100100111011001101001011000110110010100101110
101010001101000011001010111001001100101001000000110100101110011001000000110111001101111011101000010000001100001001000000110001001100101011101000111010001100101011100100010000001101111011000110110001101100001011100110110100101101111011011100010000001100110011011110111001000100000011000110110100001100001011100100110100101110100011000010110001001101100011001010010000001100011011011110110110101101101011010010111001101100101011100100110000101110100011010010110111101101110001000000111010001101000011000010110111000100000011101110110100001100101011011100010000001100001
111000001100101011100100111001101101111011011100010000001101001011100110010000001110011011010010110001101101011001011100010000001000001001000000110001001101001011101000010000001101111011001100010000001101101011001010110000101110100001000000110111101110010001000000111000001110101011001000110010001101001011011100110011100100000011100110110010101101110011101000010000001110101011011100110010101111000011100000110010101100011011101000110010101100100011011000111100100100000011010000110000101110011001000000110111101100110011101000110010101101110
110001001100101011001010110111000100000011101000110100001100101001000000110110101100101011000010110111001110011001000000110111101100110001000000111001001100101011000110110000101101100011011000110100101101110011001110010000001101100011011110110111001100111001000000110110001101111011100110111010000100000011000010111000001110000011001010111010001101001011101000110010100101110
10011100110111101110010001000000110000101110010011001010010000001110100011010000110010100100000011010010110111001100100011010010110011101100101011011100111010000100000011000010110110001101111011011100110010100100000011101000110100001100101001000000110011101110010011000010111010001100101011001100111010101101100001000000111001001100101011000110110010101101001011101100110010101110010011100110011101100100000011001100110111101110010001000000110100101101110001000000111010001101000011001010010000001101000011010010110011101101000011001010111001101110100
11010000110111101110101011100110110010101110011001000000110000100100000011100100110010101100001011011000010000001100111011011110110111101100100001000000111001101101001011000110110101100101101011000110110111101101111011010110010000001101001011100110010000001110010011000010111001001100101011011000111100100100000011011010110010101110100001000000111011101101001011101000110100000111011001000000110000101101110011001000010000001101101011000010110111001111001001000000111011101101000011011110010000001110000011011110111001101110011011001010111001101110011
110000101101100011011000010000001110100011010000110010100100000011001110110111101101111011001000111001100100000011011110110011000100000011001100110111101110010011101000111010101101110011001010010110000100000011010000110000101110110011001010010000001100001011101000111010001110010011010010110001001110101011101000110010101100100001000000111010001101000011001010010000001100110011010010111001001110011011101000010000001110010011001010111010001110101011100100110111000100000011011110110011000100000011010000110010101100001011011000111010001101000001000000111010001101111
1110011011011110110110101100101001000000101111101101011011010010111010001100011011010000110010101101110001000000111000001101000011110010111001101101001011000110101111100101110
101010101010011010001010100011001010101010011000010000001000100010010010101001001000101010000110101010001001001010011110100111001010011001000000101010001001111001000000100011101001001010101100100010100100000010101000100111100100000010100110100010101010010010101100100000101001110010101000101001100101110
101111101010100011011110010000001100111011010010