0000110100101101110001011000010000001100001011011100110010000100000011000010010000001110000011010010110111001110100001000000110111101100110001000000110001101101111011011000110010000100000011101110110000101110100011001010111001000101100001000000110000101101110011001000010000001101100011001010111010000100000011101000110100001100101011011010010000001100010011011110110100101101100001000000110000101100111011000010110100101101110
11101000110100101101100011011000010000001101110011001010110000101110010001000000110010001101111011011100110010100101110001000000101000001101111011101010111001000100000011011110110011001100110001000000111010001101000011001010010000001110111011000010111010001100101011100100010110000100000011000010110111001100100001000000111000001110101011101000010000001100001001000000110001101101100011001010110000101101110001000000110001101101100011011110111010001101000001000000110111101110110011001010111001000100000011101000110100001100101011011010010110000100000011000010110111001100100
1110100011010000110010101101110001000000111010001101000011001010010000001110011011000010111010101100011011001010111000001100001011011100010000001100011011011110111011001100101011100100010110000100000011000010110111001100100001000000111001101100101011101000010000001110100011010000110010101101101001000000110001001111001001000000111010001101000011001010010000001100110011010010111001001100101001000000111010001101111001000000111001101110100011001010110000101101101001000000111010001101001011011000110110000100000011100100110010101100001011001000111100100101110
10011010110000101101110011110010010000001110101011100110110010100100000011100110111010001100101011000010110110101100101011100100111001100101110
101111101010100011011110010000001100010011100100110111101101001011011000010000001010000011011110111010001100001011101000110111101100101011100110010111001011111
10100000110000101110010011000100110111101101001011011000010110000100000011101000110100001100101011011100010000001110011011011000110100101100011011001010010000001100001011011100110010000100000011000100111001001101111011010010110110000100000011101000110100001100101011011010011101100100000011011110111001000100000011100000110000101110010011000100110111101101001011011000010110000100000011000010110111001100100001000000111001101100101011101000010000001110100011010000110010101101101001000000111011101101000011011110110110001100101001000000110111101101110
11101000110100001100101001000000110011101110010011010010110010001101001011100100110111101101110001000000110111101110110011001010111001000100000011000010010000001110110011001010111001001111001001000000111001101101100011011110111011100100000011001100110100101110010011001010011101100100000011000010110111001100100001000000111011101101000011001010110111000100000011101000110100001101111011100100110111101110101011001110110100001101100011110010010000001100100011011110110111001100101001011000010000001110011011001010110111001100100001000000111010101110000
11101110110100101110100011010000010000001110100011010000110010101101001011100100010000001110011011010110110100101101110011100110010000001101111011011100010111000100000010101000110100001100101001000000110110001100001011101000111010001100101011100100010000001101001011100110010000001100100011011110110111001100101001000000110100101101110001000000110110101100001011011100111100100100000010010010111001001101001011100110110100000100000011001100110000101101101011010010110110001101001011001010111001100101110
101111101010100011011110010000001110010011011110110000101110011011101000010000001010000011011110111010001100001011101000110111101100101011100110010111001011111
100100001100001011011000110011000100000011000100110111101101001011011000010110000100000011101000110000101101011011001010010000001101111011001100110011000100000011101000110100001100101001000000111010001101000011010010110111000100000011100000110010101100101011011000010110000100000011000010110111001100100001000000111001001101111011000010111001101110100001000000111010001101000011001010110110100100000011011110110011000100000011000010010000001100010011001010110000101110101011101000110100101100110011101010110110000100000011000100111001001101111011101110110111000101110
10111110101010001101111001000000110011001110010011110010010000001010000011011110111010001100001011101000110111101100101011100110010111001011111
101001101101100011010010110001101100101001000000111001001100001011101110010000001110000011011110111010001100001011101000110111101100101011100110010000001100001011001100111010001100101011100100010000001110100011010000110010100100000011100110110101101101001011011100010000001101001011100110010000001110010011001010110110101101111011101100110010101100100001011000010000001100001011011100110010000100000011001100111001001111001001000000110010101101001011101000110100001100101011100100010000001101001011011100010000001100010011101010111010001110100011001010111001000101100
11011110111001000100000011101000110100001101001011011100010000001100010011000010111010001110100011001010111001000101110
1011111010101000110111100100000011011010110000101110011011010000010000001010000011011110111010001100001011101000110111101100101011100110010111001011111
100001001101111011010010110110000101100001000000111000001100101011001010110110000101100001000000110000101101110011001000010000001100010011100100110010101100001011010110010000001110100011011110010000001110000011000010111001101110100011001010010000001110100011010000110010100100000011100000110111101110100011000010111010001101111011001010111001100111011001000000111010001101000011001010110111000101100001000000111010001101111001000000111010001110111011011110010000001110000011011110111010101101110011001000111001100101100001000000110000101100100011001000010000001100001
1110001011101010110000101110010011101000110010101110010001000000110111101100110001000000110000100100000011100000110100101101110011101000010000001101111011001100010000001101101011010010110110001101011001011000010000001100001011011100110010000100000011000010010000001101100011010010111010001110100011011000110010100100000011100110110000101101100011101000010110000100000011101110110100101110100011010000010000001110100011101110110111100100000011011110111001000100000011101000110100001110010011001010110010100100000011011110111010101101110011000110110010101110011
110111101100110001000000110001001110101011101000111010001100101011100100010110000100000011000010110111001100100001000000111001101110100011010010111001000100000011000010110110001101100001000000111011101100101011011000110110000100000011011110111011001100101011100100010000001110100011010000110010100100000011001100110100101110010011001010010111000100000010100110110010101110010011101100110010100100000011101000110100001110101011100110010110000100000011011110111001000100000011000100111001001101111011101110110111000100000011101000110100001100101
1110100011011110111000000101100001000000111011101101000011001010110111000100000011100000110110001100001011000110110010101100100001000000110111101101110001000000111010001101000011001010010000001100100011010010111001101101000001000000110100101101110001000000110000100100000011001100110111101110010011011010010110000100000011101110110100101110100011010000010000001100001001000000111001101100001011011000110000101101101011000010110111001100100011001010111001000111011001000000110111101110010001000000110100101101110
11100110110001101101111011011000110110001101111011100000111001100101110
1011111010101000110111100100000011011010110000101110011011010000010000001010000011000010111001001110011011011100110100101110000011100110010111001011111
10000100110111101101001011011000010000001110100011001010110111001100100011001010111001000111011001000000111001101100011011100100110000101110000011001010010000001110100011010000110010101101101001110110010000001110100011010000110010101101110001000000110110101100001011100110110100000100000011010010110111001110100011011110010000001100001001000000111001101110100011001010111011101110000011000010110111000101100001000000111011101101001011101000110100000100000011000010010000001101100011010010111010001110100011011000110010100100000011000110111001001100101011000010110110100101100
110000100100000011001110110111101101111011001000010000001110000011010010110010101100011011001010010000001101111011001100010000001100010011101010111010001110100011001010111001000101100001000000111000001100101011100000111000001100101011100100010110000100000011000010110111001100100001000000111001101100001011011000111010000101110
10111110101010001101111001000000110101101100101011001010111000000100000010001110111001001100101011001010110111000100000010100000110010101100001011100110010111001011111
101001101101000011001010110110001101100001011000010000001100001011011100110010000100000011100000111010101110100001000000111010001101000011001010110110100100000011010010110111001110100011011110010000001100001001000000110101101100101011101000111010001101100011001010010000001101111011001100010000001110111011000010111010001100101011100100010000001110111011010000110010101101110001000000110100101110100001000000110001001101111011010010110110001110011001110100010000001100111011010010111011001100101001000000111010001101000011001010110110100100000011101000111011101101111
11011110111001000100000011101000110100001110010011001010110010100100000011101110110000101110010011011010111001100100000011011110110111001101100011110010010110000100000011000010110111001100100001000000111000001101111011101010111001000100000011101000110100001100101011011010010000001101001011011100111010001101111001000000110000100100000011000110110111101101100011000010110111001100100011001010111001000101110001000000101011101101000011001010110111000100000011101000110100001100101001000000111011101100001011101000110010101110010
11001000111001001100001011010010110111001110011001000000110111101100110011001100010110000100000011101000111010101110010011011100010000001110100011010000110010101101101001000000110111101101110001000000110000100100000011001000111001001100101011100110111001101100101011100100010000001100011011011110111011001100101011100100110010101100100001000000111011101101001011101000110100000100000011000110110110001101111011101000110100000111011001000000111000001101111011101010111001000100