10001110010011010010110011001101100011001010010111001011111
1001100011000010111100100100000011011010110000101100011011000010111001001101111011011110110111001110011001000000110000101101110011001000010000001110010011000010111010001100001011001100110100101100001001000000110010001110010011011110111000001110011001000000110111101110110011001010111001000100000011101000110100001100101001000000110001001101111011101000111010001101111011011010010000001101111011001100010000001111001011011110111010101110010001000000110010001101001011100110110100000101100001000000110000101101110011001000010000001110000011011110111010101110010
11010010110111000100000011000010111001100100000011011010111010101100011011010000010000001110010011000010110100101110011011010010110111000100000011101110110100101101110011001010010000001100001011100110010000001110100011010000110010101111001001000000111011101101001011011000110110000100000011100110111010101100011011010110010000001110101011100000011101100100000011101110110100001101001011000110110100000101100001000000111011101101000011001010110111000100000011101000110100001100101011110010010000001101000011000010111011001100101001000000110010001101111011011100110010100101100
11100000110111101110101011100100010000001101111011011100010000001110100011010000110010101101101001000000110001101101111011011000110010000100000011100100110100101100011011010000010000001100011011101010111001101110100011000010111001001100100001011000010000001101101011000010110010001100101001000000111011101101001011101000110100000100000011011010110111101110010011001010010000001100101011001110110011101110011001000000111010001101000011000010110111000100000011001000110100101110010011001010110001101110100011001010110010000100000011010010110111000100000011101000110100001100101
110011001101111011100100110010101100111011011110110100101101110011001110010000001110000011000010110011101100101011100110010110000100000011000010110111001100100001000000111001101101111011011010110010100100000011100100110100101100011011001010010000001100110011011000110111101110101011100100010111000100000010010010111010000100000011011010111010101110011011101000010000001110011011101000110000101101110011001000010000001110100011101110110111100100000011011110111001000100000011101000110100001110010011001010110010100100000011010010110111001100011011010000110010101110011
111010001101000011010010110001101101011001011100010000001001111011011100010000001110100011010000110000101110100001000000111000001110101011101000010000001100001001000000110110001100001011110010110010101110010001000000110111101100110001000000111001001100001011100110111000001100010011001010111001001110010011110010010000001101010011000010110110100101100001000000110000101101110011001000010000001100011011011110111011001100101011100100010000001110100011010000110010100100000011101110110100001101111011011000110010100100000011101110110100101110100011010000010000001100001
111011001100101011100100111100100100000011010000110100101100111011010000010000001110111011010000110100101110000001000000110110101100001011001000110010100100000011101000110100001100101001000000110010001100001011110010010000001100010011001010110011001101111011100100110010100101100001000000110111101100110001000000111001001101001011000110110100000100000011000110111001001100101011000010110110100101100001000000111010001101000011001010010000001110111011010000110100101110100011001010111001100100000011011110110011000100000011101000111011101101111
111011101100101011011000110110000100000011000100110010101100001011101000110010101101110001000000110010101100111011001110111001100101100001000000111001101110101011001110110000101110010001011000010000001101100011001010110110101101111011011100111000001100101011001010110110000101100001000000110000101101110011001000010000001110010011000010110100101110011011010010110111000100000011101110110100101101110011001010010111000100000010010010110011000100000011011010110000101100100011001010010000001110100011010000110010100100000011001000110000101111001
110001001100101011001100110111101110010011001010010000001110101011100110110010101100100001011000010000001101001011101000010000001101000011000010111001100100000011100010111010101101001011101000110010100100000011000010010000001100100011010010110011001100110011001010111001001100101011011100111010000100000011101000110000101110011011101000110010100101100001000000110000101101110011001000010000001101001011100110010000001110011011011110110110001101001011001000010000001100001011011100110010000100000011001100110000101110010
1100010011001010111010001110100011001010111001000101110
101111101000010011101010111001001101110011101000010000001000011011100100110010101100001011011010010111001011111
100001001101111011010010110110000100000011000010010000001110000011010010110111001110100001000000110111101100110001000000110001101110010011001010110000101101101001000000111011101101001011101000110100000100000011000010010000001110011011101000110100101100011011010110010000001101111011001100010000001100011011010010110111001101110011000010110110101101111011011100010110000100000011000010110111001100100001000000111001101101111011011010110010100100000011011000110010101101101011011110110111001110000011001010110010101101100001110110010000001110100011000010110101101100101
11010010111010000100000011011110110011001100110001000000111010001101000011001010010000001100110011010010111001001100101001011000010000001100001011011100110010000100000011100000110111101110101011100100010000001101001011101000010000001110110011001010111001001111001001000000111001101101100011011110111011101101100011110010010000001101001011011100111010001101111001000000111010001101000011001010010000001111001011001010110110001101011011100110010000001101111011001100010000001100110011011110111010101110010001000000110010101100111011001110111001100101100
11100110111010001101001011100100111001001101001011011100110011100100000011101000110100101101100011011000010000001101000011000010110110001100110001000000110001101101111011011000110010000111010001000000111001101110111011001010110010101110100011001010110111000101100001000000110000101101110011001000010000001110100011000010110101101100101001000000110111101110101011101000010000001110100011010000110010100100000011100110111000001101001011000110110010100101100001000000010011001100011001011100010000001010000011011110111010101110010001000000110100101110100
1101001011011100111010001101111001000000111010001101000011001010010000001100100011010010111001101101000001110110010000001110111011010000110010101101110001000000110001101101111011011000110010000101100001000000111001101110100011100100110010101110111001000000111011101101000011010010111010001100101001000000111000001101111011101010110111001100100011001010110010000100000011100110111010101100111011000010111001000100000011011110111011001100101011100100010110000100000011000010110111001100100001000000110001001110010011011110111011101101110001000000110100101110100
11101110110100101110100011010000010000001100001001000000111001101100001011011000110000101101101011000010110111001100100011001010111001000101110
10111110101001001101001011000110110010100100000011000010110111001100100001000000101001101100001011001110110111100100000010011010110100101101100011010110111001101011111
100000101110010011001010010000001101101011000010110010001100101001000000110001001111001001000000111011101100001011100110110100001101001011011100110011100100000011101000110100001100101001000000111001101100101011001010110010001110011001000000110111001101001011000110110010101101100011110010010110000100000011000010110111001100100001000000110111101110110011001010111001000100000011000010010000001110011011011000110111101110111001000000110011001101001011100100110010100100000011100110110100101101101011011010110010101110010011010010110111001100111
111011101101001011101000110100000100000011011010110100101101100011010110010000001110100011010010110110001101100001000000111001101110101011001100110011001101001011000110110100101100101011011100111010001101100011110010010000001100100011011110110111001100101001011100010000001010100011010000110010100100000011001100110111101110010011011010110010101110010001000000111001101101111011100100111010000100000011100100110010101110001011101010110100101110010011001010111001100100000011011000110010101101101011011110110111000101100001000000111001101110000011010010110001101100101
1100001011011100110010000100000011100110111010101100111011000010111001000111011001000000111010001101000011001010010000001101100011000010111010001110100011001010111001000100000011010010111001100100000011001100110100101101110011001010010000001110111011010010111010001101000011011110111010101110100001000000110000101101110011110010111010001101000011010010110111001100111001000000111010001101111001000000110011001101100011000010111011001101111011101010111001000100000011010010111010000101110
10111110100110001100101011011010110111101101110001000000100100001101111011011100110010101111001011000110110111101101101011000100010111001011111
101001101110111011001010110010101110100011001010110111000100000011101000110100001100101001000000110101001110101011010010110001101100101001000000110111101100110001000000110000100100000011011000110010101101101011011110110111000100000011101000110111100100000011110010110111101110101011100100010000001110100011000010111001101110100011001010010110000100000011000010110111001100100001000000111000001110101011101000010000001101001011101000010000001101001011011100010000001110100011010000110010100100000011001000110100101110011011010000010000001110100011010000110000101110100
1111001011011110111010100100000011100110110010101110010011101100110010100100000011010010111010000100000011010010110111000101110001000000100110101101001011110000010000001110100011010000110010100100000011101110110100001101001011101000110010100100000011011110110011000100000011000010110111000100000011001010110011101100111001000000111010001101000011000010111010000100000011010010111001100100000011000100110010101100001011101000110010101101110001000000111011101101001011101000110100000100000011000010010000001110000011010010110111001110100001000000110111101100110
11100100110100101100011011010000010000001100011011100100110010101100001011011010010110000100000011000010110111001100100001000000110000100100