00001110100011010000110010101101101001000000110111101101110
1100001011011100110111101110100011010000110010101110010001000000110001101101100011011110111010001101000001000000111010001101111001000000110010001110010011110010010000001110000011001010111001001100110011001010110001101110100011011000111100100111010001000000111010001101000011001010110111000100000011000100110111101110100011101000110110001100101001000000111010001101000011001010110110100100000011010010110111000100000011101110110100101100100011001010110110101101111011101010111010001101000001000000110001001101111011101000111010001101100011001010111001100101100
11011000110010101100001011101100110100101101110011001110010000001101111011011100110110001111001001000000111001001101111011011110110110100100000011101000110111100100000011100000110111101110101011100100010000001100011011011000110000101110010011010010110011001101001011001010110010000100000011011010111010101110100011101000110111101101110001000000111001101110101011001010111010000100000011101010111000001101111011011100010000001110100011010000110010101101101001000000110000101101110001000000110100101101110011000110110100000100000011101000110100001101001011000110110101100101100
110000101101110011001000010000001100110011011110111001000100000011101000110100001100101001000000110001101101111011100100110101100111011001000000111001001101111011100110110100101101110001000000110100101110100001000000110010001101111011101110110111000101100001000000110000101101110011001000010000001101011011001010110010101110000001000000110100101101110001000000110000100100000011000110110010101101100011011000110000101110010001011000010000001101111011100100010000001101001011011100010000001110100011010000110010100100000011001010110000101110010011101000110100000101100
11000010111001100100000011011110111001001100100011001010111001001100101011001000010000001100110011011110111001000100000011001110110111101101111011100110110010101100010011001010111001001110010011010010110010101110011001011100010000001000010011011110110100101101100001000000111010001101000011001010110110100101100001000000111011101101001011101000110100000100000011000010010000001100010011010010111010000100000011011110110011000100000011000100111010101110100011101000110010101110010001011000010000001100001001000000111001101110000011011110110111101101110011001100111010101101100
1101111011001100010000001110011011101010110011101100001011100100010110000100000011000010110111001100100001000000110000100100000011000100110100101110100001000000110111101100110001000000110110101101001011011100111010000101100001000000111010001101001011011000110110000100000011101000110010101101110011001000110010101110010001011000010000001110111011010000110010101101110001000000111010001101111001000000110001001100101001000000111010101110011011001010110010000101110
101111101000001011011100110111101110100011010000110010101110010001000000111011101100001011110010010110000100000011000010111001100100000011100000111001001100001011000110111010001101001011100110110010101100100001000000110100101101110001000000111010001101000011001010010000001000101011011010111000001100101011100100110111101110010001000000110111101100110001000000101001001110101011100110111001101101001011000011110001010000000100110010111001100100000010010110110100101110100011000110110100001100101011011100010111001011111
101001101101000011001010110110001101100001011000010000001110011011000110110000101101100011001000010110000100000011000010110111001100100001000000110010001110010011110010010000001100001011100110010000001100001011000100110111101110110011001010010111000100000010100000111010101110100001000000111010001101000011001010110110100100000011011110110111000100000011101000110100101101110011100110010000001101111011100100010000001100101011000010111001001110100011010000110010101101110001000000110010001101001011100110110100001100101011100110010000001101001011011100010000001100001
1100011011011110110111101101100001000000110111101110110011001010110111000100000011101000110111100100000011010000110000101110010011001000110010101101110001011000010000001101111011011100110001101100101001000000110111101110010001000000111010001110111011010010110001101100101001011100010000001001011011001010110010101110000001000000111010001101000011001010110110100100000011010010110111000100000011100000110000101110000011001010111001000100000011000100110000101100111011100110010000001101000011101010110111001100111001000000111010101110000001000000110100101101110
11101000110100001100101001000000110101101101001011101000110001101101000011001010110111000101110001000000101011101101000011001010110111000100000011101000110111100100000011000100110010100100000011101010111001101100101011001000010110000100000011011000110010101110100001000000111010001101000011001010110110100100000011011000110100101100101001000000110000101101110001000000110100001101111011101010111001000100000011010010110111000100000011101110110000101110100011001010111001000111011001000000111010001101000011001010110111000100000011100110110010101110100
11101000110100001100101011011010010000001101111011011100010000001110111011010010111010001101000001000000110001101101111011011000110010000100000011101110110000101110100011001010111001000101100001000000110000101101110011001000010000001100001001000000110001001101001011101000010000001101111011001100010000001100010011101010111010001110100011001010111001000101100001000000110000101101110011001000010000001100010011011110110100101101100001000000111010001101001011011000110110000100000011100100110010101100001011001000111100100101110001000000101000001110101011101000010000001100001
111001101110000011100100110100101100111001000000110111101100110001000000110010001110010011010010110010101100100001000000110110101101001011011100111010000100000011101000110111100100000011000100110111101101001011011000010000001110111011010010111010001101000001000000111010001101000011001010110110100101110
1011111010101000110111100100000011100000111001001100101011100110110010101110010011101100110010100100000010001100111001001100101011011100110001101101000001000000100001001100101011000010110111001110011001011000010000001110100011011110010000001100101011000010111010000100000011010010110111000100000011101000110100001100101001000000101011101101001011011100111010001100101011100100010111001011111
10100000110100101100011011010110010000001110100011010000110010101101101001000000111100101101111011101010110111001100111001011000010000001100001011011100110010000100000011101000110100001110010011011110111011100100000011010010110111001110100011011110010000001100001001000000110110001101001011101000111010001101100011001010010000001110111011011110110111101100100011001010110111000100000011010110110010101100111001000000110000100100000011011000110000101111001011001010111001000100000011101000110100001110010011001010110010100100000011010010110111001100011011010000110010101110011
11001000110010101100101011100000011101100100000011101000110100001100101011011100010000001110011011100000111001001101001011011100110101101101100011001010010000001110111011010010111010001101000001000000111001101100001011011000111010000111010001000000111000001110101011101000010000001100001011011100110111101110100011010000110010101110010001000000110110001100001011110010110010101110010001000000110111101100110001000000110001001100101011000010110111001110011001011000010000001100001011011100110010000100000011001000110111100100000011101000110100001100101
1110011011000010110110101100101001000000110000101110011001000000110100001101001011001110110100000100000011000010111001100100000011110010110111101110101001000000111010001101000011010010110111001101011001000000111000001110010011011110111000001100101011100100010110000100000011000010110110001110100011001010111001001101110011000010111010001100101011011000111100100100000011101110110100101110100011010000010000001110011011000010110110001110100001110110010000001100010011101010111010000100000011001000110111100100000011011100110111101110100001000000110001001100101
11101000110111101101111001000000110110001101001011000100110010101110010011000010110110000100000011011110110011000100000011101000110100001100101001000000110110001100001011101000111010001100101011100100011101000100000011011000110000101111001001000000110000100100000011100000110110001100001011101000110010100101100001000000110111101110010001000000110001101101111011101100110010101110010001000000110111101100110001000000111011101101111011011110110010000100000011101000110100001100001011101000010000001110111011010010110110001101100001000000110011101101111
1101001011011100111010001101111001000000111010001101000011001010010000001101011011001010110011100101100001000000110000101101110011001000010000001110000011101010111010000100000011011110110111000100000011010010111010000100000011000010010000001101000011001010110000101110110011110010010000001110011011101000110111101101110011001010010111000100000010000010010000001110000011010010110001101101011011011000110010100100000011101110110100101101100011011000010000001110010011010010111001101100101001000000110011001110010011011110110110100100000011101000110100001100101
1100010011001010110000101101110011100110010000001100001011011100110010000100000011100110110000101101100011101000010111000100000010010010110011000100000011101000110111101101111001000000111001101100001011011000111010000101100001000000111010001101000011001010010000001110011011011110110000101101011011010010110111001100111001000000110000101101110011001000010000001100010011011110110100101101100011010010110111001100111001000000111011101101001011011000110110000100000011011100110111101110100001000000110001001100101
11100110111010101100110011001100110100101100011011010010110010101101110011101000010000001110100011011110010000001101101011000010110101101100101001000000111010001101000011001010110110100100000011100000110110001100101011000010111001101100001011011100111010000100000011101000110111100100000011101000110100001100101001000000111010001100001011100110111010001100101001011100010000001010111011010000110010101101110001000000111010001101111001000000110001001100101001000000110010101100001011101000110010101101110001011000010000001100011011101010111010000101100
1110011011011110110000101101011001011000010000001100001011011100110010000100000011000100110111101101