10101110100011010000110010101100100001000000110001001101111011101000111010001101100011001010111001100111011
11100000111010101110100001000000111010001101000011001010010000001100011011011110111001001101011011100110010000001101100011011110110111101110011011001010110110001111001001000000110100101101110001011000010000001100001011011100110010000100000011100110110010101110100001000000111010001101000011001010010000001100010011011110111010001110100011011000110010101110011001000000111010101110000001000000111010001101111001000000111010001101000011001010010000001101110011001010110001101101011001000000110100101101110001000000111011101100001011101000110010101110010001000000110100101101110
11000010010000001100010011011110110100101101100011001010111001000101110001000000101011101101000011001010110111000100000011101000110100001100101001000000110011001110010011101010110100101110100001000000110110001101111011011110110101101110011001000000111001101100011011000010110110001100100011001010110010000101100001000000111010001100001011010110110010100100000011101000110100001100101011011010010000001101111011101010111010000111011001000000110000101101110011001000010000001110111011010000110010101101110
11100000110010101110010011001100110010101100011011101000110110001111001001000000110001101101111011011000110010000101100001000000110001101101111011100100110101100100000011000110110110001101111011100110110010100101100001000000110000101101110011001000010000001110010011011110111001101101001011011100010000001110100011010000110010100100000011101000110111101110000001011100010000001000100011010010110011100100000011000010010000001110100011100100110010101101110011000110110100000100000011010010110111000100000011000010010000001110000011000010111001001110100001000000110111101100110
1110100011010000110010100100000011001110110000101110010011001000110010101101110001000000110110001100101011000010111001101110100001000000111010101110011011001010110010000101100001000000111001101110101011001100110011001101001011000110110100101100101011011100111010001101100011110010010000001100100011001010110010101110000001000000110011001101111011100100010000001100001011011000110110000100000011101000110100001100101001000000110001001101111011101000111010001101100011001010111001100100000011101000110111100100000011100110111010001100001011011100110010000101100
11000010110111001100100001000000111010001101000011001010010000001100101011000010111001001110100011010000010000001100010011001010010000001110100011010000111001001101111011101110110111000100000011011110111011001100101011100100010110000100000011101000110111100100000011000110110111101110110011001010111001000100000011101000110100001100101011011010010000001100001001000000110011001101111011011110111010000100000011000010110111001100100001000000110000100100000011010000110000101101100011001100010111000100000010101110110100001100101011011100010000001100001
1100110011100100110111101110011011101000010000001100011011011110110110101100101011100110010000001101111011011100010110000100000011000010010000001101100011010010111010001110100011011000110010100100000011001100111001001100101011100110110100000100000011011000110100101110100011101000110010101110010001000000110011001110010011011110110110100100000011101000110100001100101001000000111001101110100011000010110001001101100011001010010000001110111011010010110110001101100001000000111000001110010011001010111011001100101011011100111010000100000011101000110100001100101
110011101110010011011110111010101101110011001000010000001100110011100100110111101101101001000000110100001100001011100100110010001100101011011100110100101101110011001110010110000100000011100110110111100100000011101000110100001100001011101000010000001110100011010000110010100100000011001100111001001110101011010010111010000100000011000110110000101101110011011100110111101110100001000000110001001100101001000000110010001110101011001110010000001110101011100000010111000100000010011110111001000101100001000000111001101100011011000010110110001100100001000000110000101110011
110000101100010011011110111011001100101001110110010000001110111011010000110010101101110001000000110001101101111011011000110010000101100001000000110011001101001011011000110110000100000011101000110100001100101001000000110001001101111011101000111010001101100011001010111001100100000011101110110100101110100011010000010000001100011011011110110110001100100001000000111011101100001011101000110010101110010001110110010000001100011011011110111001001101011001000000111010001101000011001010110110100101100001000000110000101101110011001000010000001101011011001010110010101110000
1110100011010000110010101101101001000000110100101101110001000000110000100100000011001000110000101101101011100000010110000100000011011110111001000100000011001000111001001111001001000000111000001101100011000010110001101100101001110100010000001110100011010000110010101111001001000000111011101101001011011000110110000100000011011100110111101110100001000000110001001100101001000000111001101110000011011110110100101101100011001010110010000101110
101111101000001011011100110111101110100011010000110010101110010001000000111011101100001011110010010111001011111
1001001011011100010000001110100011010000110010100100000011100110110100101111010011001010010000001100001011011100110010000100000011100000111001001100101011100000110000101110010011000010111010001101001011011110110111000100000011000010111001100100000011000010110001001101111011101100110010100101110001000000101011101101000011001010110111000100000011001000110111101101110011001010010110000100000011010000110000101110110011001010010000001100010011011110110100101101100011010010110111001100111001000000111011101100001011101000110010101110010
111001001100101011000010110010001111001001011000010000001100101011010010111010001101000011001010111001000100000011010010110111000100000011000010010000001100010011011110110100101101100011001010111001000100000011011110111001000100000011011000110000101110010011001110110010100100000011010110110010101110100011101000110110001100101001011000010000001100001011011100110010000100000011010010110111001110100011011110010000001101001011101000010000001110000011101010111010000100000011000010111001100100000011011010111010101100011011010000010000001110010011011110110001101101011
110000101101100011101010110110100100000011000010111001100100000011101110110100101101100011011000010110000100000011101110110100001100101011011100010000001100100011010010111001101110011011011110110110001110110011001010110010000101100001000000110100001100001011100100110010001100101011011100010000001110100011010000110010100100000011101110110000101110100011001010111001000101100001000000111011101101000011010010110001101101000001000000111100101101111011101010010000001110111011010010110110001101100001000000111010001100001011100110111010001100101001000000110001001111001
110000100100000010111110110110001101001011101000111010001101100011001010101111100100000011100100110111101110101011001110110100001101110011001010111001101110011001110100010000001101001011001100010000001110100011010000110010101110010011001010010000001100010011001010010000001110100011011110110111100100000011011010111010101100011011010000010000001101001011101000010000001110111011010010110110001101100001000000111001101110000011011110110100101101100001000000111010001101000011001010010000001100110011100100111010101101001011101000010111000100000010100000111010101110100
110000101110011001000000110110101100001011011100111100100100000011001110110111101101111011100110110010101100010011001010111001001110010011010010110010101110011001000000110100101101110011101000110111100100000011000010010000001101100011000010111001001100111011001010010000001110011011010010110010101110110011001010010000001100001011100110010000001110111011010010110110001101100001000000110110001101001011001010010000001100001011101000010000001110100011010000110010100100000011000100110111101110100011101000110111101101101
11101110110100101110100011010000110111101110101011101000010000001100011011011110111011001100101011100100110100101101110011001110010000001101111011011100110010100100000011000010110111001101111011101000110100001100101011100100010111000100000010010000110111101101100011001000010000001110100011010000110010100100000011100110110100101100101011101100110010100100000011010010110111000100000011101000110100001100101001000000111011101100001011101000110010101110010001000000111010001101001011011000110110000100000011101000110100001100101001000000110011001110010011101010110100101110100
110001001100101011001110110100101101110011100110010000001110100011011110010000001101100011011110110111101101011001000000111001101100011011000010110110001100100011001010110010000100000011011110110111000100000011101000110100001100101001000000110111101110101011101000111001101101001011001000110010100111010001000000111010001101000011001010110111000100000011101000111010101110010011011100010000001110100011010000110010101101101001000000110011101100101011011100111010001101100011110010010000001101111011101010111010000100000011011110110011000100000011101000110100001100101
111001101101001011001010111011001100101001000000110111101101110001000000110000100100000011000110110110001101111011101000110100000100000011011110110111000100000011101000110100001100101001000000110010001110010011001010111001101110011011001010111001000111010001000000110001101101111011101100110010101110010001000000111010001101000011001010110110100100000011101110110100101110100011010000010000001100001011011100110111101110100011010000110010101110010001000000110001101101100011011110111010001101000001011000010000001100001011011100110010000100000011100000111010101110100
1110011011011110110110101100101001000000110110101101111011100100110010100100000011101000110111100100000011000100110010100100000011100110110001101100001011011000110010001100101011001000011101100100000011000010110111001100100001000000111001101101111001000000110111101101110001000000111010001101001011011000110110000100000011000010110110001101100001000000111001101101000011000010110110001101100001000000110001001100101001000000110011001101001011011100110100101110011011010000110010101100100001011100010000001001111011000100111001101100101011100100111011001100101
110111001101111011101000010000001110100011011110010000001110000011101010111010000100