0000010000001110100011010000110010100100000011100110111100101110010011101010111000000100000011001100110111101110010001000000111010001110111011011110010000001101111011100100010000001110100011010000111001001100101011001010010000001100100011000010111100101110011001011000010000001110100011010000110010101101110001000000111000001101111011101010111001000100000011011110110011001100110
1100001011100110010000001101101011101010110001101101000001000000110111101100110001000000110100101110100001000000110000101110011001000000111011101101001011011000110110000100000011000100110010100100000011011100110010101100011011001010111001101110011011000010111001001111001001011000010000001100001011011100110010000100000011000100110111101101001011011000010000001110111011010010111010001101000001000000110110101101111011100100110010100100000011100110111010101100111011000010111001000100000011101000110111100100000011011010110000101101011011001010010000001100001
1110010011010010110001101101000001000000111001101111001011100100111010101110000001011000010000001100001011011100110010000100000011100000111010101110100001000000110000100100000011011000110100101110100011101000110110001100101001000000111001101101100011010010110001101100101011001000010000001100111011010010110111001100111011001010111001000100000011010010110111001110100011011110010000001101001011101000010111000100000010101110110100001100101011011100010000001100011011011110110110001100100001011000010000001100001011011100110010000100000011101000110100001100101
111010001101000011010010110111000100000011100110111100101110010011101010111000000100000011010000110000101110011001000000110000101101100011011000010000001100010011001010110010101101110001000000110010001110010011000010110100101101110011001010110010000100000011001100111001001101111011011010010000001110100011010000110010100100000011001100111001001110101011010010111010000101100001000000111000001101111011101010111001000100000011101000110100001100101001000000111010001101000011010010110001101101011001000000110111101110110011001010111001000100000011010010111010000101110
10111110101010001101111001000000111000001110010011001010111001101100101011100100111011001100101001000000101001101110100011100100110000101110111011000100110010101110010011100100110100101100101011100110010000001110111011010000110111101101100011001010010111001011111
10001110110010101110100001000000111010001101000011001010010000001100110011010010110111001100101011100110111010000100000011100110110001101100001011100100110110001100101011101000111001100100000011000100110010101100110011011110111001001100101001000000111010001101000011001010111100100100000011000010111001001100101001000000111010001101111011011110010000001110010011010010111000001100101001011000010000001110111011010010111010001101000001000000111010001101000011001010110100101110010001000000111001101110100011000010110110001101011011100110010000001101011011001010111000001110100
11011110110111000111011001000000110110001100001011110010010000001110100011010000110010101101101001000000111001101100101011100000110000101110010011000010111010001100101011011000111100100100000011011110110111000100000011000010010000001000011011010000110100101101110011000010010000001100100011010010111001101101000001110110010000001100010011001010110000101110100001000000110000101101110011001000010000001110011011010010110011001110100001000000111010001110111011010010110001101100101001000000111010001101000011001010110100101110010
1110111011001010110100101100111011010000111010000100000011011110110011000100000011001000110111101110101011000100110110001111001001000000111001001100101011001100110100101101110011001010110010000100000011100110111010101100111011000010111001000100000011011110111011001100101011100100010000001110100011010000110010101101101001110110010000001110100011010000110010101101110001000000110001001110010011101010110100101110011011001010010000001100001001000000110011001100101011101110010000001110010011010010111000001100101
1110011011101000111001001100001011101110110001001100101011100100111001001101001011001010111001100101100001000000111011101101001011101000110100000100000011101000110100001100101011010010111001000100000011101110110010101101001011001110110100001110100001000000110111101100110001000000110010001101111011101010110001001101100011110010010000001110010011001010110011001101001011011100110010101100100001000000111001101110101011001110110000101110010001011000010000001101001011011100010000001100001001000000100001101101000011010010110111001100001
1100010011000010111001101101111011011100010110000100000011000110110111101110110011001010111001000100000011010010111010000100000011000110110110001101111011100110110010100101100001000000110000101101110011001000010000001110011011001010111010000100000011010010111010000100000011010010110111000100000011000010010000001110011011000010111010101100011011001010111000001100001011011100010000001101111011001100010000001100010011011110110100101101100011010010110111001100111001000000111011101100001011101000110010101110010001000000111011101101000011010010110001101101000
111011101101001011011000110110000100000011010100111010101110011011101000010000001101000011011110110110001100100001000000110100101110100001000000111010001101001011011000110110000100000011101000110100001100101001000000110101001110101011010010110001101100101001000000110001101101111011011010110010101110011001000000110111101110101011101000010000001100001011011100110010000100000011000100110010101100011011011110110110101100101011100110010000001110100011010000110100101100011011010110011101100100000011100110111010001110010011000010110100101101110001000000110100101110100
111010001101000011100100110111101110101011001110110100000100000011011010111010101110011011011000110100101101110001000000110100101101110011101000110111100100000011000010010000001110011011101110110010101100101011101000110110101100101011000010111010000100000011100000110000101101110001011000010000001100010011011110110100101101100001000000110100101110100001000000111010101110000001000000110000101101110011001000010000001110011011010110110100101101101001000000110100101110100001011100010000001010111011010000110010101101110001000000110001101101111011011000110010000101100
11100000111010101110100001000000110100101101110001000000111010001101000011001010010000001110011011101000111001001100001011101110110001001100101011100100111001001101001011001010111001100101100001000000111001101100101011101000010000001110100011010000110010101101101001000000110111101110110011001010111001000100000011000010010000001110011011101000110111101110110011001010010000001110100011010010110110001101100001000000110110101101001011011000110101100100000011101110110000101110010011011010010110000100000011101000110100001100101011011100010000001110100011000010110101101100101
1110100011010000110010100100000011100000110000101101110001000000110111101100110011001100010000001110100011010010110110001101100001000000111010001101000011001010111100100100000011000010111001001100101001000000110001101101111011011000110010000101100001000000111001101100101011101000010000001110100011010000110010101101101001000000110111101101110001000000110000101100111011000010110100101101110001011000010000001100001011011100110010000100000011011000110010101110100001000000111010001101000011001010110110100100000011000100110010101100011011011110110110101100101
111001001100001011101000110100001100101011100100010000001101000011011110111010001110100011001010111001000101100001000000110000101101110011001000010000001110011011011110010000001100110011011110111001000100000011100110110010101110110011001010111001001100001011011000010000001110100011010010110110101100101011100110010000001110100011010010110110001101100001000000111010001101000011001010111100100100000011000100110010101100011011011110110110101100101001000000110001101101100011001010110000101110010001011000010000001100010011101010111010000100000011101000110100001100101
1101000011011110111010001110100011001010111001101110100001000000110010001100101011001110111001001100101011001010010000001101101011101010111001101110100001000000110111001101111011101000010000001100011011011110110110101100101001000000111010001101111001000000110000100100000011000100110111101101001011011000010111000100000010101110110100001100101011011100010000001100011011011110110110001100100001011000010000001110000011101010111010000100000011101000110100001100101011011010010000001101001011011100111010001101111
11001110110110001100001011100110111001101100101011100110010110000100000011000010110111001100100001000000111000001101111011101010111001000100000011101000110100001100101001000000111001101111001011100100111010101110000001000000110111101110110011001010111001000101110
101111101000001011011100110111101110100011010000110010101110010001000000111011101100001011110010010111001011111
101010001100001011010110110010100100000011001010111000101110101011000010110110000100000011101110110010101101001011001110110100001110100001000000110111101100110001000000111010001101000011001010010000001100110011100100111010101101001011101000010000001100001011011100110010000100000011001000110111101110101011000100110110001111001001000000111001001100101011001100110100101101110011001010110010000100000011100110111010101100111011000010111001000101100001000000110110001100001011110010010000001110100011010000110010100100000011001100110111101110010011011010110010101110010
11010010110111000100000011000010010000001101100011000010111001001100111011001010010000001100100011010010111001101101000001011000010000001100001011011100110010000100000011100110111000001110010011010010110111001101011011011000110010100100000011010000110000101101100011001100010000001110100011010000110010100100000011100110111010101100111011000010111001000100000011010010110111000100000011001100110100101101110011001010010000001110000011011110111011101100100011001010111001000100000011011110111011001100101011100100011101100100000011001110110100101110110011001010010000001100001
110011101100101011011100111010001101100011001010010000001110011011010000110000101101011011001010010000001110100011011110010000001110100011010000110010100100000011001000110100101110011011010000010110000100000011101000110100001100001011101000010000001110100011010000110010100100000011100110111010101100111011000010111001000100