00101011000010111010001101000011001010111001000100000011000110110000101110101011100110110010101110011001000000110001001100101011001010111001000100000011101000110111100100000011101000111010101110010011011100010000001110011011011110111010101110010001011000010000001101000011000010110110001100110001011000010000001101111011100100010000001100001001000000111011101101000011011110110110001100101
11101000110010101100001011100110111000001101111011011110110111001100110011101010110110000100000011011110110011000100000011100110110000101101100011101000010000001101111011001100010000001110111011011110111001001101101011101110110111101101111011001000010000001110011011010000110111101110101011011000110010000100000011000100110010100100000011100000111010101110100001000000110100101101110011101000110111100100000011000010010000001101010011101010110011100101100001000000110000101101110011001000010000001101100011001010111010000100000011101000110100001100101
1100010011001010110010101110010001000000110001001100101001000000110010001110010011000010111011101101110001000000110100101101110001000000110100101110100001000000110000101110011001000000111001101101101011000010110110001101100001000000110000100100000011101000110100101101101011001010010000001100001011100110010000001110000011011110111001101110011011010010110001001101100011001010010000001100010011001010110011001101111011100100110010100100000011010010111010000100000011000100110010100100000011001000111001001100001011011100110101100101110
10010010110011000100000011101000110100001100101001000000111001101110101011000100110101001100101011000110111010000100000011011110110011000100000011100110110010101110010011101100110000101101110011101000111001100100000011000100110010100100000011101000110100001101111011101010110011101101000011101000010000001101001011011000110110000100000011101000110100101101101011001010110010000100000011010010110111000100000011000010010000001100010011011110110111101101011001000000111010101110000011011110110111000100000011001100110000101101101011010010110110001111001
110000101110010011100100110000101101110011001110110010101101101011001010110111001110100001011000010000001101001011101000010000001101101011101010111001101110100001000000110001001100101001000000110001001111001001000000111010001101000011011110111001101100101001000000111011101101000011011110010000001100100011011110010000001101110011011110111010000100000011100100110010101100011011011110110110001101100011001010110001101110100001000000111010001101000011000010111010000100000011101000110100001100101
11100100110010101100111011101010110110001100001011100100110100101110100011110010010000001100001011011100110010000100000011001110110111101101111011001000010000001101101011000010110111001100001011001110110010101101101011001010110111001110100001000000110111101100110001000000111010001101000011001010010000001101000011001010110000101100100011100110010000001110111011010010110110001101100001000000110001001100101001000000110100101101110011100110111010101100110011001100110100101100011011010010110010101101110011101000010110000100000011010010110011000100000011011100110111101110100
111001101100101011000110110111101101110011001000110010101100100001000000110001001111001001000000111010001101000011011110111001101100101001000000111011101101000011011110010000001100001011100100110010100100000011101000110111100100000011001010111100001100101011000110111010101110100011001010010000001101111011100100110010001100101011100100111001100101110001000000100100101110100001000000110001001100101011010000110111101110110011001010111001100100000011001010111011001100101011100100111100100100000011100000110010101110010011100110110111101101110001000000111010001101111
110001001100101001000000110010101111000011101000111001001100101011011010110010101101100011110010010000001100011011000010111001001100101011001100111010101101100001000000111011101101000011011110010000001110100011010000110010101111001001000000111010001100001011010110110010100100000011010010110111001110100011011110010000001110100011010000110010101101001011100100010000001100101011011010111000001101100011011110111100100111011001000000111010001101111001000000110001001100101001000000111011001100101011100100111100100100000011011010110100101101110011101010111010001100101
110100101101110001000000110100101101110011101100110010101110011011101000110100101100111011000010111010001101001011011100110011100100000011101000110100001100101001000000110001101101000011000010111001001100001011000110111010001100101011100100010000001110100011010000110010101111001001000000111001001100101011000110110010101101001011101100110010100111011001000000110000101101110011001000010000001100101011100010111010101100001011011000110110001111001001000000110001101100001011101010111010001101001011011110111010101110011001000000111010001101111001000000110001001100101
1110011011000110111001001110101011100000111010101101100011011110111010101110011011011000111100100100000011010100111010101110011011101000010000001101001011011100010000001100111011010010111011001101001011011100110011100100000011011110110111001100101001000000111010001101111001000000110111101110100011010000110010101110010011100110010111000100000010101110110010101110010011001010010000001110100011010000110100101110011001000000110000101110100011101000110010101101110011001000110010101100100001000000111010001101111001011000010000001101101011000010110111001111001
11000100110000101100100001000000111000001100101011011110111000001101100011001010010000001110111011011110111010101101100011001000010000001100010011001010010000001101001011011100110001101100001011100000110000101100011011010010111010001100001011101000110010101100100001000000110011001110010011011110110110100100000011001000110111101101001011011100110011100100000011011010110100101110011011000110110100001101001011001010110011000101100001000000110001001111001001000000110000101100010011101010111001101101001011011100110011100100000011101000110100001100101
111010001110010011101010111001101110100001000000111001001100101011100000110111101110011011001010110010000100000011010010110111000100000011101000110100001100101011011010010111000100000010000010110111001100100001000000110100101110100001000000110110101100001011110010010000001100010011001010010000001100110011000010110100101110010011011000111100100100000011000010111001101110011011001010111001001110100011001010110010000101100001000000111010001101000011000010111010000100000011101000110100001100101001000000111001001101111011000100110001001100101011100100111100100101100
110111101110010001000000111011101100001011100110111010001100101001000000010100001110111011010000110100101100011011010000010000001101001011100110010000001100010011101010111010000100000011000010010000001101101011010010110110001100100011001010111001000100000011001010111000001101001011101000110100001100101011101000010100100100000011011110110011000100000011000010110111000100000011101010110111001100110011000010110100101110100011010000110011001110101011011000010000001110011011001010111001001110110011000010110111001110100001011000010000001110111011010010110110001101100
11000100110010100100000011011000110000101101001011001000010000001110100011011110010000001110100011010000110010100100000011000110110100001100001011100100110011101100101001000000110111101100110001000000111010001101000011001010010000001101101011000010111001101110100011001010111001000100000011011110111001000100000011011010110100101110011011101000111001001100101011100110111001100101100001000000111011101101000011011110010110000100000011010110110111001101111011101110110100101101110011001110010000001110011011101010110001101101000
1100110011000010111010101101100011101000111001100100000011010010110111000100000011010000110100101101101001011000010000001101111011100100010000001100101011101100110010101101110001000000110100001100001011101100110100101101110011001110010000001101111011011100110110001111001001000000111011101100101011011000110110000100000011001110111001001101111011101010110111001100100011001010110010000100000011100110111010101110011011100000110100101100011011010010110111101101110011100110010110000100000011010010111001100100000011011000110010101100100001000000110001001111001
11001010110111001110100011100100110010101100001011101000111100100100000011011110111001000100000011001100110000101101100011100110110010100100000011100000110100101110100011110010010110000100000011101000110111100100000011100110110110001101001011001000110010100100000011010000110100101101101001000000110100101101110011101000110111100100000011000010110111001101111011101000110100001100101011100100010000001110000011011000110000101100011011001010010111000100000010101000110111100100000011100100110010101100110011101010111001101100101
1100011011011110111010101101110011101000110010101101110011000010110111001100011011001010010000001110100011011110010000001110100011010000110010100100000011001010111011001101001011011000010110000100000011010010111001100100000011101000110111100100000011001010110111001100011011011110111010101110010011000010110011101100101001000000111010001101000011001010010000001100111011011110110111101100100001000000111001101100101011100100111011001100001011011100111010000111011001000000111001101110101011000110110100000100000011000010111001100100000011000010111001001100101
11010000110111101101110011001010111001101110100001011000010000001100110011100100111010101100111011000010110110000101100001000000110000101101110011001000010000001100001011101000111010001100101011011100111010001101001011101100110010100100000011101000110111100100000011101000110100001100101011010010111001000100000011001000111010101110100011010010110010101110011001011000010000001110011011010000110111101110101011011000110010000100000011000100110010100100000011011000110100101100010011001010111001001100001011011000110110001111001
11100100110010101110111011000010111001001100100011001010110010000111010001000000110000101101110011001000010000001110011011101010110001101101000001000000110010001101001011100110110001101110010011010010110110101101001011011100110000101110100011010010110111101101110001000000111011101101111011101010110110001100100001000000110010101101110011000110110111101110101011100100110000101100111011001010010000001101101011001010111001001101001011101000010110000100000011000010110111001100100001