000110111100100000011000110110110001100101011000010110111000100000011101000110100001100101001000000110001001100001011000110110101100100000011011110110011000100000011101000110100001100101001000000110011101110010011000010111010001100101001011000010000001110100011010000110010100100000011010010110111001101110011001010111001000100000011010000110010101100001011100100111010001101000001011000010000001100001011011100110010000100000011101000110100001100101001000000110011001110010011011110110111001110100001000000110111101100110
11000110110000101110011011101000010000001101001011100100110111101101110001000000111001101110100011011110111011001100101011100110010110000100000001100100011011100110001
1100001011011100110111101110100011010000110010101110010001000000111011101100001011110010010110000100000001100100011011100110001
1011111010100110111010001110010011000010111011101100010011001010111001001110010011010010110010101110011010111110010110000100000011101000110111100100000011100000111001001100101011100110110010101110010011101100110010100100000011101000110100001100101011011010010000001110111011010000110111101101100011001010010110000100000001100010011100100110111
1100001011011100110111101110100011010000110010101110010001000000111011101100001011110010010110000100000001100010011100100111000
1011111010100110111010001110101011001100110011001101001011011100110011101011111001000000110011001101111011100100010000001110000011010010110101101100101001011000010000001101000011000010110010001100100011011110110001101101011001011000010000000100110011000110010111000101100001000000011000100110110
11001100110111101110010001000000111001101101111011000010110110001110011001000000110001001100001011010110110010101100100
1100001011011100110111101110100011010000110010101110010001000000111001101101111011100100111010000101100001000000011000100110001
10111110101001101110100011101010110011001100110011010010110111001100111010111110010110000100000011001100110111101110010011000110110010101101101011001010110000101110100001000000110011001101111011100100010110000100000001100010011001100110010
10111110101001101110100011101010111001001100111011001010110111101101110010111110010110000100000011101000110111100100000011001000111001001100101011100110111001100100000011001100111001001100101011100110110100000101100001000000011000100110110
110000101101110001000000110010101111000011000110110010101101100011011000110010101101110011101000010000001101001011011010110100101110100011000010111010001101001011011110110111000100000011011110110011000100000011100110111010001110101011100100110011101100101011011110110111000101100001000000011000100111001
10111110101001101110101011000110110101101101001011011100110011100100000011100000110100101100111010111110010110000100000011101000110111100100000011100110110001101100001011011000110010000101100001000000011010100110111
10110000100000011101000110111100100000011100100110111101100001011100110111010000101100001000000011010100110111
101111101010011011101010110010101110100010111110010110000100000011101000110111100100000011100000111001001100101011100110110010101110010011101100110010100100000011010010111010000100000011000010010000001110100011101110110010101101100011101100110010100100000011011010110111101101110011101000110100000101100001000000011010000110000
11100000111010101100100011001000110100101101110011001110010110000100000001100010011010100110001
110010001110101011011010111000001101100011010010110111001100111011100110010110000100000001100010011010100110001
10111110101001101110101011001100110011001101111011011000110101101011111001000000110010001110101011011010111000001101100011010010110111001100111011100110010110000100000001100010011010100111000
10111110101001101110101011001110110000101110010010111110010110000100000011101000110111100100000011000110110110001100001011100100110100101100110011110010010110000100000001100010011100100110001
10111110101001101110101011100000111000001100101011100100101111100101100001000000111001101101101011000010110110001101100001000000110010001101001011100110110100001100101011100110010000001100110011011110111001000101100001000000011000100110011001100010010110000100000001100010011001100110010
1011000010000001100001001000000111000001110010011001010111010001110100011110010010000001110011011101110110010101100101011101000010000001110011011101010111000001110000011001010111001000100000011001000110100101110011011010000010110000100000001100010011011000111001
10100110101011101000101010001010101010000100000010001000100100101010011010010000100010101010011001011000010000000110001001101010011100100100000011101000110111100100000001100010011100000110110
101111101010011011101110110010101100101011101000110001001110010011001010110000101100100011100110101111100101100001000000011010100110101
1011000010000001110010011000010110011101101111011101010111010000101100001000000011010100110110
1011111010100110111011101100101011001010111010001101101011001010110000101110100011100110101111100101100001000000110111101100010011100110110010101110010011101100110000101110100011010010110111101101110011100110010000001101111011011100010110000100000001100010011100100110000
1011000010000001100001001000000111011001100101011100100111100100100000011001100110100101101110011001010010000001100011011100100111010101110011011101000010000001100110011011110111001000100000011101000110100001100101011011010010110000100000011101110110100001100101011011100010000001110100011011110010000001100010011001010010000001110000011000010111001001110100011010010110001101110101011011000110000101110010011011000111100100100000011011100110100101100011011001010010110000100000001100010011001100111001
1011000010000001100001001000000110001101100001011100100110110101100101011011000010000001100011011011110111011001100101011100100010000001100110011011110111001000100000011100110111011101100101011001010111010001101101011001010110000101110100011100110010110000100000001100100011000000110110
10110000100000011001010111100001100011011001010110110001101100011001010110111001110100001000000111001101110111011001010110010101110100011011010110010101100001011101000111001100100000011001100110111101110010001000000111010001100001011100100111010001110011001011000010000001110111011010000110010101101110001000000110011001110010011101010110100101110100001000000110100101110011001000000111000001101100011001010110111001110100011010010110011001110101011011000010110000100000001100010011100100110011
101111101010011011110010110110001101100011000010110001001110101011000100101111100101100001000000100110001101111011011100110010001101111011011100010110000100000001100010011011000110001
10110000100000010100110111010001100001011001100110011001101111011100100110010001110011011010000110100101110010011001010010110000100000001100010011011000110001
1011000010000001100001001000000111011001100101011100100111100100100000011001100110100101101110011001010010000001010011011011110110110101100101011100100111001101100101011101000111001101101000011010010111001001100101001000000110111101101110011001010010110000100000001100010011011000110010
1011000010000001100101011101100110010101110010011011000110000101110011011101000110100101101110011001110010000001101111011100100010000001110011011011110110110001101001011001000010110000100000001100010011011000110011
101010000101110
1011111010101000110000101100010011011000110010100100000010000100110010101100101011100100101111100101100001000000110010101111000011000110110010101101100011011000110010101101110011101000010110000100000011101000110111100100000011000100111001001100101011101110010110000100000001100100011001100110111
1011111010101000110000101101110011100110110010101111001010111110010110000100000001100010011100000110001
101111101010100011000010111000001101001011011110110001101100001010111110010000001101010011001010110110001101100011110010010110000100000001100100011011000110000
1011111010101000110000101110010011101000111001101011111001011000010000001101001011000110110100101101110011001110010000001100110011011110111001000100000011101000110100001100101011011010010110000100000001100100011000100110001
10101000110000101110010011101000111001100100000011000010111001001100101001000000111010101101110011001000110010101110010001000000111010001101000011001010010000001101110011000010110110101100101011100110010000001101111011001100010000001110100011010000110010100100000011100000111001001101001011011100110001101101001011100000110000101101100001000000110000101110010011101000110100101100011011011000110010101110011001000000111010001101000011001010111100100100000011000010111001001100101001000000110110101100001011001000110010100100000011011110110011000111011
1100001011100110010000001011111010000110110111101100100011011000110100101101110010111110010000001110100011000010111001001110100011100110010110000100000001001100110001100101110
10111110101010001100101011000010110001101100001011010110110010101110011010111110010110000100000001100100011000100111001
101100001000000100001001100101011011100111010001101111011011100010110000100000001100100011001000110000
101100001000000110000101101110011011110111010001101000011001010111001000100000011100110110111101110010011101000010110000100000011000010111001100100000011000100110100101110011011000110111010101101001011101000010110000100000001100100011001000110000
101100001000000110000101101110011011110111010001101000011001010111001000100000011100110110111101110010011101000010110000100000001100100011001000110000
101111101010100011001010110000101101100010111110010110000100000011101000110111100100000011100100110111101100001011100110111010000101100001000000011100000110011
1011111010101000110010101101110011000110110100001011111001011000010000000110011
1100010011100100110111101110100011010000010110000100000001100100011010100110001
10111110101010001101000011011110111001001101110011000100110000101100011011010110101111100101100001000000011000100110110
10111110101010001101001011011100010000001100011011011110111011001100101011100100111001101011111001011000010000001110100011011110010000001100011011011000110010101100001011011100010110000100000001100100011011100110001
1011111010101000110111101100001011100110111010000100000011000010110111001100100001000000111011101100001011101000110010101110010010111110010110000100000011001100110111101110010001000000111010001