0001101000011001010010000001110111011010000110100101110100011001010111001100100000011000010110110001101111011011100110010100100000011101000110111100100000011000010010000001110110011001010111001001111001
11100110111010001101001011001100110011000100000011001100111001001101111011101000110100000111011001000000111010001101000011001010110111000100000011000100111100100100000011001000110010101100111011100100110010101100101011100110010000001101101011010010111100000100000011101000110100001100101001000000111011101101000011010010111010001100101011100110010000001100001011011100110010000100000011101000110100001100101001000000110011001101100011011110111010101110010001000000111011101101001011101000110100000100000011101000110100001100101001000000110111101110100011010000110010101110010
11010010110111001100111011100100110010101100100011010010110010101101110011101000111001100101100001000000110000101101110011001000010000001100010011001010110000101110100001000000111010001101000011001010110110100100000011101110110010101101100011011000010000001101000011000010110110001100110001000000110000101101110001000000110100001101111011101010111001000101110001000000100001001100001011010110110010100100000011010010110111000100000011000010010000001110001011101010110100101100011011010110010000001101111011101100110010101101110001000000110000101101110
110100001101111011101010111001000101110
101111101000001011011100110111101110100011010000110010101110010001011000010000001110111011010010111010001101000011011110111010101110100001000000100001001110101011101000111010001100101011100100010111001011111
10001000111001001111001001000000110111101101110011001010010000001110000011011110111010101101110011001000010000001101111011001100010000001100110011011000110111101110101011100100010110000100000011000010110111001100100001000000110111101101110011001010010000001100001011011100110010000100000011000010010000001110001011101010110000101110010011101000110010101110010001000000110111101100110001000000111001101110101011001110110000101110010001110110010000001100010011001010110000101110100001000000111001101100101011101100110010101101110001000000110010101100111011001110111001100101100
11110010110010101101100011010110111001100100000011000010110111001100100001000000111011101101000011010010111010001100101011100110010000001100001011100000110000101110010011101000011101100100000011001110111001001100001011101000110010100100000011000010010000001101100011001010110110101101111011011100010110000100000011000010110111001100100001000000111011101101001011101000110100000100000011000010010000001110011011100000110111101101111011011100110011001110101011011000010000001101111011001100010000001100010011100100110000101101110011001000111100100101100
1100010011001010110000101110100001000000111010001101000011001010010000001110111011010000110111101101100011001010010000001110100011011110110011101100101011101000110100001100101011100100010000001110111011010010111010001101000001000000111100101101111011101010111001000100000011010000110000101101110011001000010000001100110011011110111001000100000011000010110111000100000011010000110111101110101011100100010111000100000010000100110000101101011011001010010000001101001011011100010000001100001001000000110001001110101011101000111010001100101011100100110010101100100
11100000110000101101110001011000010000001101001011011100010000001100001001000000111000101110101011010010110001101101011001000000110111101110110011001010110111000101110
1010011011101110110010101100101011101000110110101100101011000010111010001110011001000000110110101100001011110010010000001100010011001010010000001100001011001000110010001100101011001000010110000100000011010010110011000100000011000010111000001110000011100100110111101110110011001010110010000101110
10111110100110101100001011000110110000101110010011011110110111101101110011100110010111001011111
1000010011011000110000101101110011000110110100000100000011001100110111101110101011100100010000001101111011101010110111001100011011001010111001100100000011011110110011000100000011000010110110001101101011011110110111001100100011100110010110000100000011000010110111001100100001000000111000001101111011101010110111001100100001000000111011101101001011101000110100000100000011001100110111101110101011100100010000001110011011100000110111101101111011011100110011001110101011011000111001100100000011011110110011000100000011011110111001001100001011011100110011101100101
110011001101100011011110111011101100101011100100010000001110111011000010111010001100101011100100011101100100000011101110110100001101001011100110110101100100000011101000110100001100101001000000111011101101000011010010111010001100101001000000110111101100110001000000110011001101111011101010111001000100000011001010110011101100111011100110010000001110100011011110010000001100001001000000110011001110010011011110111010001101000001011000010000001110100011010000110010101101110001000000110110101101001011110000010000001101001011101000010110000100000011000010110111001100100
1100001001000000111000001101111011101010110111001100100001000000110111101100110001000000111001101110101011001110110000101110010001011000010000001110011011010010110011001110100011001010110010000101100001000000111011101101001011101000110100000100000011101000110100001100101001000000110000101101100011011010110111101101110011001000111001100100000011101000110111100100000011000010010000001110000011000010111001101110100011001010011101100100000011000010110111001100100001000000110110001100001011110010110100101101110011001110010000001100001
1110011011010000110010101100101011101000010000001101111011001100010000001110111011000010110011001100101011100100010000001110000011000010111000001100101011100100010000001101111011011100010000001100001001000000111010001101001011011100010110000100000011100000111010101110100001000000110100101110100001000000110111101101110001000000110100101101110001000000110010001101001011001100110011001100101011100100110010101101110011101000010000001101100011010010111010001110100011011000110010100100000011000110110000101101011011001010111001100100000011101000110100001100101
1110011011010000110000101110000011001010010000001101111011001100010000001101101011000010110001101100001011100100110111101101111011011100111001100101110
10111110101011101100001011001100110010101110010011100110010111001011111
1000100011100100111100100100000011101000110100001100101001000000110011001101100011011110111010101110010001000000111011101100101011011000110110000100000011101110110100001101001011000110110100000100000011110010110111101110101001000000110100101101110011101000110010101101110011001000010000001110100011011110010000001110101011100110110010100101100001000000110110101101001011110000010000001100001001000000110110001101001011101000111010001101100011001010010000001110000011011110111010101101110011001000110010101100100001000000111001101110101011001110110000101110010
1100001011011100110010000100000011001100110100101101110011001010110110001111001001000000111000001101111011101010110111001100100011001010110010000100000011011010110000101100011011001010010000001110111011010010111010001101000001000000110100101110100001011000010000001110100011010000110010101101110001000000110110101100001011010110110010100100000011010010111010000100000011010010110111001110100011011110010000001100001001000000111010001101000011010010110001101101011001000000110001001100001011101000111010001100101011100100010000001110111011010010111010001101000
11000110111001001100101011000010110110100111011001000000110001001110101011101000111010001100101011100100010000001110100011010000110010100100000011101110110000101100110011001010111001000100000011010010111001001101111011011100111001100101100001000000110110001100101011101000010000001110100011010000110010101101101001000000110001001100101001000000110100001101111011101000010110000100000011100000111010101110100001000000110000100100000011101000110010101100001011100110111000001101111011011110110111001100110011101010110110000100000011011110110011000100000011101000110100001100101
110001001100001011101000111010001100101011100100010000001101001011011100111010001101111001000000111010001101000011001010110110100101100001000000111001101101111001000000110001001100001011010110110010100100000011101000110100001100101011011010010000001100011011000010111001001100101011001100111010101101100011011000111100100101100001000000110000101101110011001000010000001110010011011110110110001101100001000000111010001101000011001010110110100100000011011110110011001100110001000000111010001101000011001010010000001101001011100100110111101101110
1110111011010010111010001101000001000000110000100100000011100110111010001101001011000110110101100101110
10111110101010001110101011011100110001001110010011010010110010001100111011001010010000001000011011000010110101101100101011100110010111001011111
101001001110101011000100010000001110011011010010111100000100000011011110111010101101110011000110110010101110011001000000110111101100110001000000110001001110101011101000111010001100101011100100010000001110001011101010110100101110100011001010010000001100110011010010110111001100101001000000110100101101110011101000110111100100000011000010010000001110000011011110111010101101110011001000010000001101111011001100010000001100110011011000110111101110101011100100010110000100000011101000110100001100101011011100010000001101101011010010111100000100000011100110110100101111000
110111101110101011011100110001101100101011100110010000001101111011001100010000001110011011101010110011101100001011100100010110000100000011000100110010101100001011101000010000001100001011011100110010000100000011100110111010001110010011000010110100101101110001000000111010001110111011011110010000001100101011001110110011101110011001011000010000001100001011011100110010000100000011011010110000101101011011001010010000001110111011010010111010001101000001000000111010001101000011001010010000001100001011000100110111101110110011001010010000001101001011011100111010001101111
11000010010000001110000011000010111001101110100011001010010111000100000010100100110111101101100011011000010000001101001011101000010000001110110011001010111001001111001001000000111010001101000011010010110111000101100001000000110000101101110011001000010000001100011011101010111010000100000011101110110100101110100011010000010000001110100011010