1010000110010101101101001000000110001001100101001000000110001001100001011010110110010101100100001011000010000001100001011011100110010000100000011100100110010101101101011000010110100101101110001000000110100101101110001000000110100101110100
11101000110100101101100011011000010000001100011011011110110110001100100001011100010000001010111011010000110010101101110001000000111001101100101011100100111011001100101011001000010110000100000011100000111010101110100001000000110101001100101011011000110110001111001001000000110111101110110011001010111001000100000011000010110111001100100001000000111001001101111011101010110111001100100001000000111010001101000011001010110110100101110001000000101001101100101011000010111001101101111011011100010000001110100011010000110010101101101001000000110000101110011
11110010110111101110101001000000110000101110000011100000111001001101111011101100110010100101110
101111101010000011011110111010001110100011001010110010000100000010100000110100101100111011001010110111101101110011100110010111001011111
101010001100001011010110110010100100000011001100111001001100101011100110110100000100000011011110110111001100101011100110011101000100000011000110110110001100101011000010110111000100000011101000110100001100101011011010010000001100011011000010111001001100101011001100111010101101100011011000111100100111010001000000111001101100101011000010111001101101111011011100010000001110111011010010111010001101000001000000111000001100101011100000111000001100101011100100010000001100001011011100110010000100000011100110110000101101100011101000011101000100000011100000111010101110100
111010001101000011001010110110100100000011000110110110001101111011100110110010100100000011010010110111000100000011000010010000001110011011011010110000101101100011011000010000001110000011000010110111000101100001000000110000101101110011001000010000001110000011011110111010101110010001000000110001001110101011101000111010001100101011100100010000001101111011101100110010101110010001110100010000001100010011000010110101101100101001011000010000001100001011011100110010000100000011101110110100001100101011011100010000001100011011011110110110001100100
111010001100001011010110110010100100000011101000110100001100101011011010010000001101111011101010111010000101110001000000101000001110101011101000010000001101001011011100111010001101111001000000110011001110010011001010111001101101000001000000111000001101111011101000111001100101100001000000110011001101001011101000010000001110100011011110010000001110011011001010111001001110110011001010010000001110100011011110010000001110100011000010110001001101100011001010010110000100000011101000111011101101111001000000110111101110010001000000111010001101000011100100110010101100101
1101001011011100010000001100101011000010110001101101000001011000010000001100001011011100110010000100000011100000110111101110101011100100010000001100010011101010111010001110100011001010111001000100000011011110111011001100101011100100010110000100000011101010111001101101001011011100110011100100000011101000110100001100001011101000010000001110111011010000110100101100011011010000010000001110111011000010111001100100000011000100110000101101011011001010110010000100000011101110110100101110100011010000010000001110100011010000110010101101101001000000110000101110011
1110000011000010111001001110100001011100010000001001111011000100111001101100101011100100111011001100101001011000010000001110100011010000110000101110100001000000110100101110100001000000110100101110011001000000110111001100101011000110110010101110011011100110110000101110010011110010010000001110100011011110010000001110000011101010111010000100000011000010010000001100111011011110110111101100100001000000110010001100101011000010110110000100000011011110110011000100000011000100111010101110100011101000110010101110010001000000110100101100110001000000111010001101111
110001001100101001000000110101101100101011100000111010000101110
1011111010011100110111101110100011001010010111001011111001000000100001001110101011101000111010001100101011100100010000001110100011010000110000101110100001000000110100001100001011100110010000001100011011011110111011001100101011100100110010101100100001000000111000001101111011101000111010001100101011001000010000001110100011010000110100101101110011001110111001100100000011010010111001100100000011001110110111101101111011001000010000001100110011011110111001000100000011000100110000101110011011101000110100101101110011001110010110000100000011000010110111001100100
11101110110100101101100011011000010000001101101011000010110101101100101001000000111011001100101011100100111100100100000011001110110111101101111011001000010000001110000011000010111001101110100011001010010000001100110011011110111001000100000011011010110010101100001011101000111000001101001011001010111001100101110001000000100100101100110001000000111010001101111001000000110001001100101001000000110100001101001011001110110100000101100001000000110000101100100011001000010000001110011011011110110110101100101001000000110110101100001011000110110010100101100
1100001011011100110010000100000011000010010000001100110011001010111011100100000010010100110000101101101011000010110100101100011011000010010000001110000011001010111000001110000011001010111001001110011001000000111010001101111001000000111010001101000011001010010000001110011011001010110000101110011011011110110111001101001011011100110011100101110
1011111010100000110100101100111011001010110111101101110001000000101000001101001011001010010111001011111
100001101101100011001010110000101101110001000000110000101110011001000000110001001100101011001100110111101110010011001010011101000100000011100110110010101100001011100110110111101101110001110110010000001100001011011100110010000101100001000000110100101100110001000000110000101110000011100000111001001101111011101100110010101100100001011000010000001110000011101010111010000100000011100110110111101101101011001010010000001110000011000010111001001110011011011000110010101111001001000000110100101101110011101000110111100100000011101000110100001100101
11000100110100101110010011001000111001100101100001000000110000101101110011001000010000001100001001000000110001001101001011101000010000001101111011001100010000001100010011101010111010001110100011001010111001000101100001000000111011101101001011101000110100000100000011100000110010101110000011100000110010101110010001000000110000101101110011001000010000001110011011000010110110001110100001011100010000001001100011000010111100100100000011000010010000001100010011001010110010101100110011100110111010001100101011000010110101100100000011000010111010000100000011101000110100001100101
1100010011011110111010001110100011011110110110100100000011011110110011000100000011101000110100001100101001000000110010001101001011100110110100000101100001000000110000101101110011001000010000001101000011000010111001001100100001000000110010101100111011001110111001100100000011000100110010101110100011101110110010101100101011011100010000001100101011000010110001101101000001000000111010001110111011011110010000001100010011010010111001001100100011100110010110000100000011000010110111001100100001000000110000100100000011011000110100101110100011101000110110001100101
111011101100001011101000110010101110010001011100010000001001001011001100010000001111001011011110111010100100000011010000110000101110110011001010010000001101000011000010110110100100000011010010110111000100000011101000110100001100101001000000110100001101111011101010111001101100101001011000010000001101100011000010111100100100000011000010010000001110011011011000110100101100011011001010010000001101111011011100010000001100101011000010110001101101000001110100010000001101001011101000010000001101001011100110010000001100001001000000110011101110010011001010110000101110100
11010010110110101110000011100100110111101110110011001010110110101100101011011100111010000100000011101000110111100100000011101000110100001100101001000000110011001101100011000010111011001101111011101010111001000101110
1001111011000100111001101100101011100100111011001100101001011000010000001110111011010000110010101101110001000000111100101101111011101010010000001100011011101010111010000100000011010000110000101101101001000000110011001101111011100100010000001110011011000010111010101100011011001010010000001101111011100100010000001110000011010010110010101110011001011000010000001110100011011110010000001110100011101010111001001101110001000000110100101110100001011000010000001100001011011100110010000100000011101000110000101101011011001010010000001100110011100100110111101101101
111010001101000011001010010000001110101011011100110010001100101011100100111001101101001011001000110010100100000011010010110111001110011011101000110010101100001011001000010000001101111011001100010000001110100011010000110010100100000011100000111001001101001011011010110010100101110
10111110100001001110010011011110110100101101100011001010110010000100000010100000110100101100111011001010110111101101110011100110010111001011111
1010011011011000110100101110100001000000111010001101000011001010110110100100000011001000110111101110111011011100010000001110100011010000110010100100000011000100110000101100011011010110011101000100000011100110110010101100001011100110110111101101110001011000010000001100001011011100110010000100000011000100111001001101111011010010110110000101110001000000101001101100101011100100111011001100101001000000111011101101001011101000110100000100000011011010111010101110011011010000111001001101111011011110110110100100000011100110110000101110101011000110110010100111011
11011110111001000100000011011010110010101101100011101000110010101100100001000000110001001110101011101000111010001100101011100100010110000100000011101110110100101110100011010000010000001100001001000000110110001101001011101000111010001101100011001010010000001101101011101010111001101101000011100100110111101101111011011010010000001100011011000010111010001110011011101010111000000101110
1011111010100100110111101100001011100110111010000100000010100000110100101100111011001010110111101101110011100110010111001011111
101001101101000011011110111010101101100011001000010000001100010011001010010000001110011011101000111010101100110011001100110010101100100001000000111011101101001011101000110100000100000011101010110111001100011011101010111010000100000011100000110000101110010011100110110110001