0110001101111011000100111001101110100011001010111001001110011001011000010000001101111011100100010000001110100011010000111001001100101011001010010000001110011011011010110000101101100011011000011101100100000011101000110000101101011011001010010000001101111011101010111010000100000011101000110100001100101001000000111010001100001011010010110110001110011001011000010000001100011011101010111010000100000011101000110100001100101011011010010000001101001011011100010000001110100011101110110111100101100
111010001100001011010110110010100100000011011110111010101110100001000000111010001101000011001010010000001100111011101010111010000101100001000000110001101110101011101000010000001100101011000010110001101101000001000000110100101101110001000000110011001101111011101010111001000100000011100000110100101100101011000110110010101110011001000000110000101101110011001000010000001101100011000010111100100100000011101000110100001100101011011010010000001101001011011100010000001100001001000000111001101101101011000010110110001101100001000000110010001101001011100110110100000101110
1010000011101010111010000100000011010010110111000100000011101000110100001100101011011100010000001110100011010000110010100100000011011010110010101100001011101000010000001101111011001100010000001110100011010000110010100100000011000110110110001100001011101110111001100101100001000000110000101101110011001000010000001110100011010000110000101110100001000000111100101101111011101010010000001101000011000010111011001100101001000000111000001101001011000110110101101100101011001000010000001101111011101010111010000100000011011110110011000100000011101000110100001100101
1100010011011110110010001111001001110110010000001110000011010010110001101101011001000000110111101100110011001100010000001110100011010000110010100100000011001100111010101110010011100100111100100100000011100000110000101110010011101000111001100100000011001100111001001101111011011010010000001110100011010000110010100100000011011000110000101110100011101000110010101110010001011000010000001100001011011100110010000100000011101000110000101101011011001010010000001101111011101010111010000100000011101000110100001100101001000000110110001100001011001000111100100111011
1110100011010000110010101101110001000000111010001100001011010110110010100100000011101000110100001100101001000000111001101110000011000010111011101101110001011000010000001100010011001010110000101110100001000000110100101110100001000000110100101101110001000000110000100100000011011010110111101110010011101000110000101110010001011000010000001101100011010010110101101100101011101110110100101110011011001010010000001100001011011000110110000100000011101000110100001100101001000000111001101101000011001010110110001101100011100110010111000100000010100110110010101110100
1110100011010000110010101101101001000000110111101101110001000000111010001101111001000000111001101110100011001010111011100100000011101110110100101110100011010000010000001110011011011110110110101100101001000000111011101100001011101000110010101110010001011000010000001110100011101110110111100100000011011110111001000100000011101000110100001110010011001010110010100100000011100110111000001101111011011110110111001100110011101010110110001110011001000000110111101100110001000000111011001101001011011100110010101100111011000010111001000101100
111000001100101011100000111000001100101011100100010110000100000011100110110000101101100011101000010110000100000011000010110111001100100001000000111001101101111011011010110010100100000011100000110111101110101011011100110010001100101011001000010000001101101011000010110001101100101001011100010000001000001001000000110110001100001011100100110011101100101001000000111000001101001011001010110001101100101001000000110111101100110001000000110001001110101011101000111010001100101011100100010110000100000011100100110111101101100011011000110010101100100001000000110100101101110
11001100110110001101111011101010111001000101100001000000110110101110101011100110111010000100000011000100110010100100000011000010110010001100100011001010110010000100000011101110110100001100101011011100010000001110100011010000110010100100000011001110110111101101111011001000110111001100101011100110111001100100000011011110110011000100000011101000110100001100101001000000111001101101000011001010110110001101100011100110010000001101001011100110010000001101111011000100111010001100001011010010110111001100101011001000010111000100000010001110110100101110110011001010010000001100001
11000100110111101101001011011000010000001101111011100100010000001110100011101110110111100100000011000010110111001100100001000000111000001101111011101010111001000100000011010010110111001110100011011110010000001110100011010000110010100100000011001000110100101110011011010000010000001110011011101000111001001100001011010010110111001100101011001000011101000100000011100110111010001110010011001010111011100100000011100110110111101101101011001010010000001100011011100100111010101101101011000100111001100100000011011110111011001100101011100100010110000100000011000010110111001100100
1110000011101010111010000100000011000010010000001110000011000010111001101110100011001010010000001101111011101100110010101110010001000000110000101101100011011000010111000100000010000100110000101101011011001010010000001110011011011000110111101110111011011000111100100101100001000000110001001110101011101000010000001101111011011100110110001111001001000000111010001101001011011000110110000100000011101000110100001100101001000000111000001100001011100110111010001100101001000000110001001100101001000000110010001101111011011100110010100101110
10111110100001101110101011100100111001001111001001000000110111101100110001000000100110001101111011000100111001101110100011001010111001001110011001000000110111101110010001000000101000001110010011000010111011101101110011100110010111001011111
10101110110100001100101011011100010000001110100011000010110101101100101011011100010000001101111011101010111010000100000011011110110011000100000011101000110100001100101001000000111001101101000011001010110110001101100011100110010110000100000011100110110100101101101011011010110010101110010001000000111010001101000011001010110110100100000011000010111001100100000011000010110001001101111011101100110010100101110
101111101000010011101010111010001110100011001010111001001100101011001000010000001001100011011110110001001110011011101000110010101110010011100110010111001011111
10100000110100101100011011010110010000001110100011010000110010100100000011011010110010101100001011101000010000001101111011101010111010000111011001000000110001101110101011101000010000001101001011101000010000001100001011011100110010000100000011101110110000101110010011011010010000001110111011010010111010001101000001000000110000100100000011011000110100101110100011101000110110001100101001000000111011101100101011000010110101100100000011000100111001001101111011101110110111000100000011001110111001001100001011101100111100100101100
110111001110101011101000110110101100101011001110010110000100000011100110110000101101100011101000010110000100000011100000110010101110000011100000110010101110010001011000010000001100001011011100110010000100000011000100111010101110100011101000110010101110010001011000010000001110111011010010111010001101000001000000110000100100000011011000110100101110100011101000110110001100101001000000110011001101100011011110111010101110010001011100010000001001001011001100010000001100100011011110110111001100101001000000111011101101000011010010111010001100101001011000010000001100001
110110001101001011101000111010001101100011001010010000001110111011010000110100101110100011001010010000001100111011100100110000101110110011110010010000001100001011011100110010000100000011000110111001001100101011000010110110100101110
101111101001000011011110111010000100000010000110111001001100001011000100010111001011111
10100000110100101100011011010110010000001110100011010000110010100100000011011010110010101100001011101000010000001101111011101010111010000100000011011110110011000100000011000010010000001100011011100100110000101100010001011000010000001100011011011000110010101100001011100100010000001110100011010000110010100100000011100110110100001100101011011000110110000100000011001100111001001101111011011010010000001110100011010000110010100100000011010000110010101100001011001000010110000100000011101000110100001100101011011100010000001110000011101010111010000100000011101000110100001100101
110011001101111011100100110110101100101011100100010110000100000011101110110100101110100011010000010000001100001001000000111011001100101011100100111100100100000011100110110110101100001011011000110110000100000011000100110100101110100001000000110111101100110001000000110111001110101011101000110110101100101011001110010110000100000011100110110000101101100011101000010110000100000011100000110010101110000011100000110010101110010001011000010000001100001001000000110001001101001011101000010000001101111011001100010000001100010011101010111010001110100011001010111001000101100
1100011011100100111010101101101011000100111001100100000011011110110011000100000011000100111001001100101011000010110010000101100001000000110000101101110011001000010000001110100011010000111001001100101011001010010000001110011011100000110111101101111011011100110011001110101011011000111001100100000011011110110011000100000011101100110100101101110011001010110011101100001011100100010110000100000011010010110111001110100011011110010000001110100011010000110010100100000011100110110100001100101011011000110110000100000011000010110011101100001011010010110111000101100
11000010110111001100100001000000111001101100101011101000010000001101001011101000010000001100010011001010110011001101111011100100110010100100000011101000110100001100101001000000110011001101001011100100110010100101110001000000101100101101111011101010010000001101101011000010111100100100000011000100111001001101111011101110110111000100000011010010111010000100000011101110110100101110100011010000010000001100001001000000111001101100001011011000110000101101101011000010110111001100100011001010111001000101110
1000100011100100111100100100000011101000110111101100001011100110111010000100000011100110110100001101111011101010110110001100100001000000110001001100101001000000111001101100101011100100111011001100101011001000010000001110100011011110010000001100101011000010111010000100000011