010011011110110110100100000011010010111010000111011001000000111001001110101011000100010000001101001011101000010000001110100011010000111001001101111011101010110011101101000
110000100100000011100110110100101100101011101100110010100101100001000000110000101101110011001000010000001101101011010010111100000100000011001100110111101110101011100100010000001101111011101010110111001100011011001010111001100100000011011110110011000100000011000100111010101110100011101000110010101110010001011000010000001110100011010000110010100100000011000110111001001110101011011010110001001110011001000000110111101100110001000000110000100100000011100000110010101101110011011100111100100100000011011000110111101100001011001100010110000100000011101000111011101101111
11100110111000001101111011011110110111001100110011101010110110001110011001000000110111101100110001000000110001101110010011001010110000101101101001011000010000001101000011000010110110001100110001000000110000100100000011011100111010101110100011011010110010101100111001011000010000001100001001000000111001101101101011000010110110001101100001000000111000101110101011000010110111001110100011010010111010001111001001000000110111101100110001000000111001101110101011001110110000101110010001011000010000001100001011011100110010000100000011101000111011101101111
111001101110000011011110110111101101110011001100111010101101100011100110010000001101111011001100010000001110111011010000110100101110100011001010010000001110111011010010110111001100101001011100010000001000010011101010111010001110100011001010111001000100000011011000110100101110100011101000110110001100101001000000110001101110101011100000111001100101100001000000110111101110010001000000111001101101101011000010110110001101100001000000111000001100001011101000111010001111001011100000110000101101110011100110010110000100000011000010110111001100100
110011001101001011011000110110000100000011101000110100001100101011011010010000001110100011010000111001001100101011001010010000001110000011000010111001001110100011100110010111000100000010011110111001001100001011011100110011101100101001000000110011001101100011011110111011101100101011100100010000001110111011000010111010001100101011100100010000001101001011100110010000001100001011011100010000001101001011011010111000001110010011011110111011001100101011011010110010101101110011101000010111000100000010000100110000101101011011001010010000001110100011010000110010101101101
1110111011010010111010001101000001000000110001101100001011100100110010100101110
10100110110010101110010011101100110010100100000011101110110100101110100011010000010000001110011011101110110010101100101011101000010000001110011011000010111010101100011011001010010000001101001011011100010000001100001001000000110001001101111011000010111010000101110
1011111010000100110111101101001011011000110010101100100001000000100001101110101011100100110010000100000010100000111010101100100011001000110100101101110011001110010111001011111
101001001110101011000100010000001110100011010000110010100100000011000110111010101110010011001000010000001101111011001100010000001110100011101110110111100100000011001110110000101101100011011000110111101101110011100110010000001101111011001100010000001101101011010010110110001101011001011000010000001110111011010000110010101101110001000000110010001110010011000010110100101101110011001010110010000101100001000000111010001101000011100100110111101110101011001110110100000100000011000010010000001110011011010010110010101110110011001010010111000100000010011010110100101111000
110100101110100001000000111011101101001011101000110100000100000011100110110100101111000001000000110010101100111011001110111001100101100001000000110000100100000011011000110100101110100011101000110110001100101001000000110001101110010011001010110000101101101001011000010000001110100011101110110111100100000011100110111000001101111011011110110111001100110011101010110110001110011001000000110111101100110001000000110111101110010011000010110111001100111011001010010000001100110011011000110111101110111011001010111001000100000011101110110000101110100011001010111001000101100
110100001100001011011000110011000100000011000010010000001101110011101010111010001101101011001010110011100101100001000000110111101100110001000000110011001101100011011110111010101110010001000000110000101101110011001000010000001100011011100100111010101101101011000100111001100100000011011110110011000100000011000100111001001100101011000010110010000100000011001010110000101100011011010000010000001110100011010000111001001100101011001010010000001110011011100000110111101101111011011100110011001110101011011000111001100101100
110001101110101011100100111001001100001011011100111010001110011001000000110000101101110011001000010000001110010011000010110100101110011011010010110111001110011001000000110100001100001011011000110011000100000011000010010000001110000011011110111010101101110011001000010000001101111011001100010000001100101011000010110001101101000001011100010000001000010011011110110100101101100001000000110000101101110001000000110100001101111011101010111001000100000011010010110111000100000011000010010000001110100011010000110100101100011011010110010000001110111011001010110110001101100
110011001101100011011110111010101110010011001010110010000100000011000110110110001101111011101000110100000101110
10111110101001101101101011000010110110001101100001000000100000101101100011011010110111101101110011001000010000001010000011101010110010001100100011010010110111001100111011100110010111001011111
1010000011011110111010101101110011001000010000001100101011010010110011101101000011101000010000001101111011101010110111001100011011001010111001100100000011011110110011000100000011000010110110001101101011011110110111001100100011100110010110000100000011000010110111001100100001000000110000100100000011001100110010101110111001000000110001001101001011101000111010001100101011100100010110000100000011101110110100101110100011010000010000001100001001000000111001101110000011011110110111101101110011001100111010101101100001000000110111101100110
1110111011000010111010001100101011100100010000001100001011011100110010000100000011011010110100101111000001000000111011101101001011101000110100000100000011001100110111101110101011100100010000001101111011101010110111001100011011001010111001100100000011011110110011000100000011000100111010101110100011101000110010101110010001000000111011101100001011100100110110101100101011001000010110000100000011001100110111101110101011100100010000001111001011001010110110001101011011100110010000001100001011011100110010000100000011101000111011101101111
11101110110100001101001011101000110010101110011001000000110111101100110001000000110010101100111011001110111001100101100001000000111001101110101011001110110000101110010001000000111010001101111001000000111010001100001011100110111010001100101001011000010000001110100011101110110111100100000011100110111000001101111011011110110111001100110011101010110110001110011001000000110111101100110001000000110001101110010011001010110000101101101001011000010000001100001011011100110010000100000011011110110111001100101001000000110111101100110
1100010011100100110000101101110011001000111100100111011001000000110110101101001011110000010000001110111011001010110110001101100001011000010000001100001011011100110010000100000011000100110000101101011011001010010000001101001011011100010000001101100011010010111010001110100011011000110010100100000011000110111010101110000011100110010000001100010011101010111010001110100011001010111001001100101011001000010111000100000010100110110010101110010011101100110010100100000011101110110100101110100011010000010000001110000011101010110010001100100011010010110111001100111
11100110110000101110101011000110110010100101110
10111110100010101111000011000110110010101101100011011000110010101101110011101000010000001101100011010010110011101101000011101000010000001010000011101010110011001100110011100110010111001011111
10011010110100101111000001000000111010001110111011011110010000001110011011100000110111101101111011011100110011001110101011011000111001100100000011011110110011000100000011001100110110001101111011101010111001000101100001000000110000100100000011011000110100101110100011101000110110001100101001000000110011101110010011000010111010001100101011001000010000001101100011001010110110101101111011011100111000001100101011001010110110000101100001000000111001101101111011011010110010100100000011011100111010101110100011011010110010101100111001011000010000001101000011000010110110001100110
1100001001000000111001101110000011011110110111101101110011001100111010101101100001000000110111101100110001000000110001001110010011000010110111001100100011110010010110000100000011000010010000001101100011010010111010001110100011011000110010100100000011011000110111101100001011001100010000001110011011101010110011101100001011100100010110000100000011000010110111001100100001000000110111101101110011001010010000001100101011001110110011100111010001000000111010001101000011001010110111000100000011001100111001001111001001000000110100101110100
11001010110111001101111011101010110011101101000001011000010000001100010011101010111010000100000011011100110111101110100001000000110001001110010011011110111011101101110001110110010000001100010011001010110000101110100001000000110100101110100001000000110100101101110001000000110000100100000011011010110111101110010011101000110000101110010001000000111011101101001011101000110100000100000011001100110100101110110011001010010000001100101011001110110011101110011001011000010000001110111011010000110100101110100011001010111001100100000011000010110111001100100
11110010110010101101100011010110111001100111011001000000111000001110101011101000010000001100001001000000111000101110101011000010110111001110100011010010111010001111001001000000110111101100110001000000110110001100001011100100110010000100000011010010110111000100000011000010010000001100110011100100111100101101001011011100110011101110000011000010110111000101100001000000110000101101110011001000010000001110111011010000110010101101110001000000111000101110101011010010111010001100101001000000110100001101111011101000010110000100000011001000111001001101111011100000010000001100001
1100100011001010111001101110011011001010111001001110100001000000111001101110000011011110110111101101110011001100111010101101100001000000110111101100