1001110010001010101011100100000010100110101100101010011010101000100010101001101
100111101000110
100010001001111010011010100010101010011010101000100100101000011001000000100001101001111010011110100101101000101010100100101100100101100
100011001001111010100100100110101000101010001000010000001010101010100000100111101001110
1010000010100100100100101001110010000110100100101010000010011000100010101010011001000000100111101000110001000000100010101000011010011110100111001001111010011010101100100101100
1000001010011100100010000100000010000010100010001000001010100000101010001000101010001000010000001010100010011110010000001010100010010000100010100100000010101010101001101000101001000000100111101000110
101000001010010010010010101011001000001010101000100010100100000010001100100000101001101010010010100110001001001010001010101001100101110
1000010010110010010000001000001001000000100110001000001010001000101100100101110
1000010010011110101001101010100010011110100111000111010
10100000111010101100010011011000110100101110011011010000110010101100100001000000110001001111001001000000101011101001001010011000100110001001001010000010100110100100000010000010100111001000100010100100100010101010111010100110010110000100000010011100110111100101110001000000011000100101100001000000101111101000011011011110111001001101110011010000110100101101100011011000101111100101110
10100110110111101101100011001000010000001100010011110010010000001000011011101010111001101101000011010010110111001100111001000000010011000100000010000010111000001110000011011000110010101110100011011110110111000101100001000000101111101010011011000010110110001100101011011010101111100111011001000000101010001101000011011110110110101100001011100110010000000100110001000000101011101101000011010010111000001110000011011000110010100101100001000000101111101001110011001010111011101100010011101010111001001111001011100000110111101110010011101000101111100111011
100001101101000011000010111001001101100011001010111001100100000010100000110010101101001011100100110001101100101001011000010000001011111010100000110111101110010011101000111001101101101011011110111010101110100011010000101111100111011001000000100010001100001011011100110100101100101011011000010000001001010011011110110100001101110011100110110111101101110001011000010000001011111010100000110111101110010011101000110110001100001011011100110010001011111001110110010000001010111011010010110110001101100011010010110000101101101
10101110110100101101100011010110110100101101110011100110110111101101110001011000010000001011111010100000111001001101111011101100110100101100100011001010110111001100011011001010101111100111011001000000100100101101110011000110111001001100101011000010111001101100101001000000100001101101111011011110110101101100101001000000010011000100000010000110110111100101110001000000101111101001110011001010111011101101000011000010111011001100101011011100101111100111011001000000101000001100101011101000110010101110010001000000100000100101110
100110101100101011100110110100101100101011100100010000001100001011011100110010000100000010000100111001001101001011100110110001001100001011011100010000000100110001000000100001001110010011000010110111001101110011000010110111000101100001000000101111101001110011001010111011101111001011011110111001001101011010111110011101100100000010100110110000101101101011101010110010101101100001000000100011000101110001000000100001001110010011000010110010001100110011011110111001001100100001000000110000101101110011001000010000001001010011011110110100001101110
100001101101111011011100111001001100001011001000010000000100110001000000100001101101111001011100010000001011111010100000110100001101001011011000110000101100100011001010110110001110000011010000110100101100001010111110010110000100000001001100010000001000101001011100010000001001101011011110111001001100110011011110111001001100100001011000010000001011111010000110110100001100001011100100110110001100101011100110111010001101111011011100101111100101100001000000101001100101110001000000100001100101110
11000100111000001100000011011100101110
1010011001011100010000001000101011101000110100001100101011100100110100101100100011001110110010100101100001000000101000001110010011010010110111001110100011001010111001000101100001000000100001101101000011000010111001001101100011001010111001101110100011011110110111000101110
100000101000100010101100100010101010010010101000100100101010011010001010100110101000101010011100101010000101110
1000001011100110010000001110100011010000110010100100000011001000110100101110010011001010110001101110100011010010110111101101110011100110010000001110111011010000110100101100011011010000010000001100110011011110110110001101100011011110111011100100000011101110110010101110010011001010010000001101001011011100111010001100101011011100110010001100101011001000010000001100110011011110111001000100000011101000110100001100101001000000110001101101111011011100110010001110101011000110111010000100000011011110110011000100000011101000110100001100101
110011001100001011011010110100101101100011010010110010101110011001000000110111101100110001000000111010001101000011001010010000001100001011101010111010001101000011011110111001001100101011100110111001111100010100000001001100101110011001000000110111101110111011011100010000001100100011000010111010101100111011010000111010001100101011100100111001100101100001000000110000101101110011001000010000001100110011011110111001000100000011101000110100001100101001000000110000101110010011100100110000101101110011001110110010101101101011001010110111001110100001000000110111101100110
1110100011010000110010101101001011100100010000001110100011000010110001001101100011001010010110000100000011100110110111100100000011000010111001100100000011101000110111100100000011101010110111001101001011101000110010100100000011000010010000001100111011011110110111101100100001000000110011001101001011001110111010101110010011001010010000001110111011010010111010001101000001000000111000001110010011011110111000001100101011100100010000001100101011000110110111101101110011011110110110101111001001011000010000001110011011010000110010100100000011010000110000101110011
110000101110110011011110110100101100100011001010110010000100000011000010110110001101100001000000110010101111000011000110110010101110011011100110110100101110110011001010010000001101100011101010111100001110101011100100111100100101100001000000111001101110101011000110110100000100000011000010111001100100000011001010111001101110011011001010110111001100011011001010010000001101111011001100010000001101000011000010110110100101100001000000110000101101110011001000010000001110100011010000110000101110100001000000111011101100001011100110111010001100101011001100111010101101100
1100101011110000111000001100101011011100110010001101001011101000111010101110010011001010010000001101111011001100010000001101100011000010111001001100111011001010010000001110001011101010110000101101110011101000110100101110100011010010110010101110011001000000110111101100110001000000110110101100101011000010111010000100000011001100110111101110010001000000110011101110010011000010111011001111001001011000010000001110111011010000110100101100011011010000010000001110011011011110010000001100111011100100110010101100001011101000110110001111001
110001101101111011011100111010001110010011010010110001001110101011101000110010101110011001000000111010001101111001000000110101101100101011001010111000000100000011101010111000000100000011101000110100001100101001000000111000001110010011010010110001101100101001011000010000001100001011011100110010000100000011010010111001100100000011011100110111100100000011011000110010101110011011100110010000001101001011011100110101001110101011100100110100101101111011101010111001100100000011101000110111100100000011101000110100001101111011100110110010100100000011101110110100001101111
110010101100001011101000010110000100000011101000110100001100001011011100010000001110100011011110010000001110100011010000110111101110011011001010010000001110111011010000110111101110011011001010010000001110000011001010110111001110101011100100111100100100000011000100110100101100100011100110010000001110100011010000110010101101101001000000110000101100010011100110111010001100001011010010110111000101110001000000100110101100001011011100111100100100000011100100110010101100011011001010110100101110000011101000111001100100000011000010111001001100101
1100111011010010111011001100101011011100010000001100110011011110111001000100000011101000110100001101001011011100110011101110011001000000111011101101000011010010110001101101000001011000010000001100010011001010110100101101110011001110010000001101001011011100010000001100100011000010110100101101100011110010010000001110101011100110110010100101100001000000111010001101000011001010010000001101101011011110110010001100101001000000110111101100110001000000111000001110010011001010111000001100001011100100110100101101110011001110010000001110100011010000110010101101101
11011010110000101111001001000000110001001100101001000000111001101110101011100000111000001101111011100110110010101100100001000000111010001101111011011110010000001110111011001010110110001101100001000000110101101101110011011110111011101101110001000000111010001101111001000000111001001100101011100010111010101101001011100100110010100100000011000010010000001110000011011000110000101100011011001010010000001101001011011100010000001100001001000000110001101101111011011110110101101100101011100100111100100100000011000100110111101101111011010110011101100100000011110010110010101110100
110100001101111011101110010000001110010011000010111001001100101011011000111100100100000011001000110111100100000011101110110010100100000011011010110010101100101011101000010000001110111011010010111010001101000001000000110011001101001011011100110010100100000011011010110010101101100011101000110010101100100001000000110001001110101011101000111010001100101011100100010110000100000011001110110111101101111011001000010000001110100011011110110000101110011011101000010000001100001011011100110010000100000011101110110000101110100011001010111001000101100001000000110111101110010
1110111011001010110110001101100001000000110110101100001011001000110010100100000011000110110111101100110011001100110010101100101001000010010000001010011011010000110010100100000011011010110000101101011011001010111001100100000011011100110111100