0100100000011010010110111001110011011010010110010001100101
111011101101001011101000110100000100000011000010010000001110011011011110110011001110100001000000110001001110010011101010111001101101000001110110010000001101100011001010111010000100000011010010111010000100000011001000111001001111001001011000010000001110100011010000110010101101110001000000111000001110101011101000010000001100001011011100110111101110100011010000110010101110010001000000110110001100001011110010110010101110010001000000110100101101110001000000111010001101000011001010010000001110011011000010110110101100101
1101101011000010110111001101110011001010111001000101100001000000110000101101110011001000010000001110011011011110010000001100100011011110010000001110101011011100111010001101001011011000010000001111001011011110111010100100000011010000110000101110110011001010010000001100001001000000111001101110101011001100110011001101001011000110110100101100101011011100111010000100000011100010111010101100001011011100111010001101001011101000111100100101100001000000110111101100010011100110110010101110010011101100110100101101110011001110010000001110100011010000110000101110100
1100101011000010110001101101000001000000110001101101111011000010111010000100000011001000111001001111001001000000111010001101000011011110111001001101111011101010110011101101000011011000111100100100000011000100110010101100110011011110111001001100101001000000110000101101110011011110111010001101000011001010111001000100000011000100110010100100000011000010110010001100100011001010110010000101110001000000100100101110100001000000110110101100001011110010010000001100010011001010010000001110000011101010111010000100000011011110110111000100000011101000111011101101111
11011110111001000100000011101000110100001110010011001010110010100100000011010010110111001100011011010000110010101110011001000000111010001101000011010010110001101101011001011000010000001100001011011100110010000100000011101110110100101101100011011000010000001101011011001010110010101110000001000000111001101100101011101100110010101110010011000010110110000100000011011010110111101101110011101000110100001110011001110110010000001110111011010000110010101101110001000000111010001101111001000000110001001100101001000000111010101110011011001010110010000100000011000110111010101110100
110000100100000011100000110100101100101011000110110010100100000011011110111010101110100001110110010000001110011011101000110100101110010001000000110100101110100001000000110100101101110001000000111011101100001011100100110110100100000011101110110000101110100011001010111001000101110
10010010110011000100000011101000110111100100000011000100110010100100000011101010111001101100101011001000010000001100110011011110111001000100000011000100111001001100101011101110110100101101110011001110010110000100000011010110110010101100101011100000010000001101001011101000010000001100010011110010010000001100100011010010111000001110000011010010110111001100111001000000110110001100001011100100110011101100101001000000110100001100001011011100110010001100110011101010110110001110011001000000110111101100110001000000110001001101001011100100110001101101000
11101000110100101100101011001000010000001110100011011110110011101100101011101000110100001100101011100100011101100100000011000010110111001100100001000000111011101101000011001010110111000100000011001000111001001111001001011000010000001110010011001010111000001100101011000010111010000100000011101000110100001100101001000000110010001101001011100000111000001101001011011100110011100100000011011110110111001100011011001010010111000100000010110010110111101110101001000000110110101100001011110010010000001110100011010000111010101110011001000000110010001101111001000000110000101110011
110110101100001011011100111100100100000011000010111001100100000011110010110111101110101001000000111000001101100011001010110000101110011011001010011101100100000011000100111010101110100001000000111010001100001011010110110010100100000011000110110000101110010011001010010000001110100011010000110000101110100001000000110111001101111001000000110010001110101011100110111010000100000011000110110111101101101011001010111001100100000011101000110111100100000011101000110100001100101011011010010110000100000011011110111001000100000011101000110100001100101
111011001100101011100110111001101100101011011000010000001101001011011100010000001110111011010000110100101100011011010000010000001101001011101000010000001101000011000010111001100100000011000100110010101100101011011100010000001110000011100100110010101110000011000010111001001100101011001000010000001100001011100110010000001100010011001010110011001101111011100100110010100101110001000000101011101101000011001010110111000100000011101000110100001100101001000000111011101101111011100100111010000100000011000100110010100100000011100110110010101110100001000000111010001101111
11101110110111101110010011010110010110000100000011101000110100001110010011011110111011100100000011010010110111001110100011011110010000001101001011101000010000001101111011011100110010100100000011011110110011000100000011101000110100001100101011100110110010100100000011000100111010101101110011000110110100001100101011100110010110000100000011000010110111001100100001000000110100101110100001000000111011101101001011011000110110000100000011001000110111100100000011000010111001100100000011101110110010101101100011011000010000001100001011100110010000001110111011010010111010001101000
11001100111001001100101011100110110100000100000011110010110010101100001011100110111010000111011001000000110001001110101011101000010000001101001011001100010000001101101011010010111100001100101011001000010000001110111011010010111010001101000001000000110000100100000011100110110110101100001011011000110110000100000011100010111010101100001011011100111010001101001011101000111100100100000011001100110100101110010011100110111010000101100001000000110000101101110011001000010000001110100011010000110010101101110001000000110000101100100011001000110010101100100001000000111010001101111
1110100011010000110010100100000011101110110100001101111011011000110010100101100001000000110100101110100001000000111011101101001011011000110110000100000011101110110111101110010011010110010000001110011011011110110111101101110011001010111001000101110
1011111010101000110111100100000011100000110111101110100001000000100001101101000011001010110010101110011011001010010111001011111
10000110111010101110100001000000110000101101110011001000010000001110000011011110111010101101110011001000010000001100110011011110111010101110010001000000110111101110101011011100110001101100101011100110010000001101111011001100010000001000011011010000110010101110011011010000110100101110010011001010010000001100011011010000110010101100101011100110110010100101100001000000110111101101110011001010010000001101111011101010110111001100011011001010010000001100001011011100110010000100000011000010010000001101000011000010110110001100110001000000110111101100110
11001100110100101101110011001010010000001100010011101010111010001110100011001010111001000101100001000000110000100100000011101000110010101100001011100110111000001101111011011110110111001100110011101010110110000100000011011110110011000100000011101110110100001101001011101000110010100100000011100000110111101110101011011100110010001100101011001000010000001110011011101010110011101100001011100100010110000100000011000010010000001101100011010010111010001110100011011000110010100100000011000100110100101110100001000000110111101100110001000000110110101100001011000110110010100101100
1100001011011100110010000100000011000010010000001100111011011000110000101110011011100110010000001101111011001100010000001110111011010000110100101110100011001010010000001110111011010010110111001100101001011100010000001010000011100100110010101110011011100110010000001101001011101000010000001100100011011110111011101101110001000000110100101101110001000000110000100100000011001000110010101100101011100000010000001110000011011110111010000101110
1011111010101000110111100100000011100100110111101100001011100110111010000100000010000110110100001100101011001010111001101100101001011000010000001110100011011110010000001100011011011110110110101100101001000000111010101110000001000000110000101100110011101000110010101110010001000000110010001101001011011100110111001100101011100100010111001011111
100011101110010011000010111010001100101001000000111010001101000011100100110010101100101001000000110111101110101011011100110001101100101011100110010000001101111011001100010000001100110011000010111010000100000010000110110100001100101011100110110100001101001011100100110010100100000011000110110100001100101011001010111001101100101001011000010000001101101011010010111100000100000011010010111010000100000011101110110100101110100011010000010000001110100011010000110010100100000011110010110010101101100011010110111001100100000011011110110011000100000011101000111011101101111
1100101011001110110011101110011001011000010000001100110011011110111010101110010001000000110111101110101011011100110001101100101011100110010000001101111011001100010000001100111011100100110000101110100011001010110010000100000011000100111001001100101011000010110010000101100001000000110000101101110011001000010000001100110011011110111010101110010001000000110111101110101011011100110001101100101011100110010000001101111011001100010000001100010011101010111010001110100011001010111001000101100001000000110001001100101011000010111010000100000011101000110100001100101
11101110110100001101111011011000110010100100000011101110110010101101100011011000010000001101001011011100010000001100001001000000110110101101111011100100111010001100001011100100010110000100000011101110110100101110100011010000010000001100001001000000111010001100101011000010111001101110000011011110110111101101110011001100111010101101100001000000110111101100110001000000110110101110101011100110111010001100001011100100110010000101100001000000110000101101110011001000010000001100001001000000110110001101001011101000111010001101100011001010010000001110011011000010110110001110100
1100001011011100110010000100000011100000110010101110000011100000110010101110010001011100010000001010100011011110110000101110011011101000010000001110011011011110110110101100101001000000110001001110010011001010110000101100100001011000010000001101100011000010111100100100000011101000110100001100101001000