10111101101110011001000010000001110111011010000110000101110100001000000110100101110011001000000110111001100101011000110110010101110011011100110110000101110010011110010010000001100110011011110111001000100000011000110110110001100101011000010110111001101001011011100110011100101100
1100001011011100110010000100000011000100111100100100000011100000110010101110010011100000110010101110100011101010110000101101100001000000111011101100001011101000110010101110010011010010110111001100111001000000110010001101001011011010110100101101110011010010111001101101000001000000111010001101000011001010010000001100110011011000110000101110110011011110111001000101110001000000101011101101000011001010110111000100000011100010111010101101001011101000110010100100000011000110110110001100101011000010110111000101100001000000110100101100110001000000111010001101111
110001001100101001000000110001001101111011010010110110001100101011001000010110000100000011100110110111101101101011001010010000001110011011000010110110001110100001000000110000101101110011001000010000001100001001000000110110001101001011101000111010001101100011001010010000001110110011010010110111001100101011001110110000101110010001000000111001101101000011011110111010101101100011001000010000001100010011001010010000001110000011101010111010000100000011101000110111100100000011101000110100001100101001000000111011101100001011101000110010101110010001000000111010001101111
110011101101001011101100110010100100000011001100110100101110010011011010110111001100101011100110111001100111011001000000110001001110101011101000010000001100011011011110110010000101100001000000111011101101000011010010111010001101001011011100110011100100000011000010110111001100100001000000110100001100001011001000110010001101111011000110110101100101100001000000110000101110010011001010010000001100110011000010111001000100000011000100110010101110100011101000110010101110010001000000110100101100110001000000110000100100000011011000110100101110100011101000110110001100101
11100110110000101101100011101000110010101100100001011000010000001100001011011100110010000100000011010110110010101110000011101000010000001100001001000000110010001100001011110010011101100100000011000010110111001100100001000000110100101100110001000000110111001101111011101000010000001110110011001010111001001111001001000000110100001101111011101000010000001110111011001010110000101110100011010000110010101110010001000000111010001101000011001010111100100100000011101110110100101101100011011000010000001100010011001010010000001100111011011110110111101100100001000000110100101101110
11101000111011101101111001000000110010001100001011110010111001100101110
101010001101000011011110111001101100101001000000111011101101000011011110010000001101011011011100110111101110111001000000110100001101111011101110010000001110100011011110010000001110000011101010111001001100011011010000110000101110011011001010010000001100110011010010111001101101000001011000010000001101101011000010111100100101100001000000110001001111001001000000111010001100001011010110110100101101110011001110010000001101101011011110111001001100101001000000110000101110100001000000110000100100000011101000110100101101101011001010010000001110100011010000110000101101110
1110100011010000110010101111001001000000111011101100001011011100111010000100000011001100110111101110010001000000110111101101110011001010010000001100100011000010111100100101100001000000110111101100110011101000110010101101110001000000110011101100101011101000010000001101001011101000010000001100011011010000110010101100001011100000010110000100000011000010110111001100100001000000111010001101000011000010111010000100000011101110110100001101001011000110110100000100000011101110110100101101100011011000010000001101000011000010110111001100111001000000110001001111001
111001101110000011100100110100101101110011010110110110001101001011011100110011100101100001000000110110101100001011110010010000001110100011010000110010101101110001000000110001001100101001000000110001001101111011101010110011101101000011101000010000001110100011011110010000001100001011001000111011001100001011011100111010001100001011001110110010100101110
10101000110100001100101001000000110011001101001011100110110100000100000011011010111010101110011011101000010000001100010011001010010000001110000011101010111010000100000011010010110111001110100011011110010000001110100011010000110010100100000011101110110000101110100011001010111001000100000011101110110100001101001011011000110010100100000011000110110111101101100011001000010110000100000011000010110111001100100001000000111001101100101011101000010000001110100011011110010000001100100011011110010000001110110011001010111001001111001
1100111011001010110111001110100011011000111100100101100001000000110111101110010001000000111010001101000011001010010000001101111011101010111010001110011011010010110010001100101001000000111011101101001011011000110110000100000011000100111001001100101011000010110101100100000011000100110010101100110011011110111001001100101001000000111010001101000011001010010000001101001011011100110111001100101011100100010000001110000011000010111001001110100001000000110001001100101001000000110010001101111011011100110010100101110
10101000110100001100101001000000110011001101001011100110110100001110000011011000110000101110100011001010010000001101111011011100010000001110111011010000110100101100011011010000010000001101001011101000010000001101001011100110010000001100100011011110110111001100101001011000010000001101101011000010111100100100000011000100110010100100000011001000111001001100001011101110110111000100000011101010111000000100000011101000110111100100000011100110110010101100101001000000110100101100110001000000110100101110100001000000110001001100101
111001001100101011000010110010001111001001110110010000001101001011101000010000001110111011010010110110001101100001000000110110001100101011000010111011001100101001000000111010001101000011001010010000001100010011011110110111001100101001000000111011101101000011001010110111000100000011010010111010000100000011010010111001100101110001000000100100101110100001000000111001101101000011011110111010101101100011001000010000001100010011001010010000001110100011010000110010101101110001000000110100101101101011011010110010101100100011010010110000101110100011001010110110001111001
11101000110000101101011011001010110111000100000011011110111010101110100001000000110111101100110001000000111010001101000011001010010000001110111011000010111010001100101011100100010110000100000011011110111001000100000011010010111010000100000011101110110100101101100011011000010000001100010011001010010000001110111011011110110111101101100011011000111100100101110001000000101010001101000011001010010000001100110011010010111001101101000011100000110110001100001011101000110010100100000011100110110100001101111011101010110110001100100001000000110001001100101
1110011011001010111010000100000011000110111001001101111011100110111001101110111011000010111100101110011001000000110111101110110011001010111001000100000011101000110100001100101001000000110101101100101011101000111010001101100011001010010110000100000011101000110111100100000011010110110010101100101011100000010000001101000011011110111010000100000011001100110111101110010001000000111001101100101011100100111011001101001011011100110011100101100001000000110000101101110011001000010000001100001001000000110001101101100011001010110000101101110
1100011011011000110111101110100011010000010000001110011011010000110111101110101011011000110010000100000011000110110111101110110011001010111001000100000011101000110100001100101001000000110011001101001011100110110100000100000011101000110111100100000011100000111001001100101011101100110010101101110011101000010000001101001011101000111001100100000011011000110111101110011011010010110111001100111001000000110100101110100011100110010000001100011011011110110110001101111011101010111001000101110
101001101101101011000010110110001101100001000000110011001101001011100110110100000101100001000000110111001101001011000110110010101101100011110010010000001100110011100100110100101100101011001000010000001101001011011100010000001100101011001110110011100101100001000000110000101101110011001000010000001100011011100100111010101101101011000100111001100101100001000000110110101100001011010110110010100100000011000010010000001100100011010010111001101101000001000000110111101100110001000000110011001101001011100110110100000100000011001100110000101110010
110110101101111011100100110010100100000011001010110110001100101011001110110000101101110011101000010000001110100011010000110000101101110001000000111001101100101011100100111011001100101011001000010000001110000011011000110000101101001011011100010111000100000010001110111001001100101011000010111010000100000011000010111010001110100011001010110111001110100011010010110111101101110001000000111001101101000011011110111010101101100011001000010000001100010011001010010000001110000011000010110100101100100001000000111010001101111
110011101100001011100100110111001101001011100110110100001101001011011100110011100100000011001100110100101110011011010000011101100100000011100000110110001100101011011100111010001111001001000000110111101100110001000000110100001101111011100100111001101100101011100100110000101100100011010010111001101101000001011000010000001110000011000010111001001110011011011000110010101111001001011000010000001100001011011100110010000100000011011000110010101101101011011110110111000101110
101011101101000011001010110111000100000011101110110010101101100011011000010000001100100011011110110111001100101001011000010000001100001011011100110010000100000011101110110100101110100011010000010000001110110011001010111001001111001001000000110011101101111011011110110010000100000011100110110000101110101011000110110010100101100001000000110011001101001011100110110100000100000011010010111001100100000011011010110111101110010011001010010000001100001011101000111010001100101011011100110010001100101011001000010000001110100011011110010000001110100011010000110000101101110
110000101101100011011010110111101110011011101000010000001100001011011100111100100100000011011110111010001101000011001010111001000100000011001000110100101110011011010000010111000100000010101000110100001100101001000000110110001101001011101100110010101110010001000000110000101101110011001000010000001110010011011110110010100