110011011101010110001101101000001000000110000101110011
111000001100001011100000110010101110010001011000010000001110011011011110110000101110000001011000010000001100001011011100110010000100000011000110110000101101110011001000110110001100101011100110010111000100000010011110110011000100000011101000110100001100101011100110110010100100000011011010110111101110010011001010010000001101000011001010111001001100101011000010110011001110100011001010111001000101110
10000010010000001110000011100100110111101110000011001010111001000100000011100010111010101100001011011100111010001101001011101000111100100100000011011110110011000100000011010000110111101110101011100110110010101101000011011110110110001100100001000000110000101110010011101000110100101100011011011000110010101110011001000000111001101101000011011110111010101101100011001000010000001100010011001010010000001100001011011000111011101100001011110010111001100100000011100100110010101100001011001000111100100101100001000000110000101101110011001000010000001101101011011110111001001100101
11000100110111101110101011001110110100001110100001000000110100101101110001000000110001001100101011001100110111101110010011001010010000001110100011010000110010100100000011011110111010001101000011001010111001001110011001000000110001001100101001000000110001101101111011011100111001101110101011011010110010101100100001011000010000001110100011011110010000001110000011100100110010101110110011001010110111001110100001000000110100101101110011000110110111101101110011101100110010101101110011010010110010101101110011000110110010100101100
110010101110011011100000110010101100011011010010110000101101100011011000111100100100000011010010110111000100000011101000110100001100101001000000110001101101111011101010110111001110100011100100111100100101110
100000100100000011000100110100101101100011011000010000001101111011001100010000001110000011000010111001001100011011001010110110001110011001000000110000101101110011001000010000001110010011001010110001101100101011010010111000001110100011100110010000001110011011010000110111101110101011011000110010000100000011000100110010100100000011100100110010101110001011101010110100101110010011001010110010000101100001000000110010101110110011001010110111000100000011010010110011000100000011101000110100001100101001000000110110101101111011011100110010101111001001000000110001001100101
1110000011000010110100101100100001000000110000101110100001000000111010001101000011001010010000001110100011010010110110101100101001000000110111101100110001000000111000001110101011100100110001101101000011000010111001101100101001110110010000001100001011011100110010000101100001000000111010001101111001000000110000101110110011011110110100101100100001000000110110101101001011100110111010001100001011010110110010101110011001011000010000001101100011001010111010000100000011101000110100001100101001000000110011101101111011011110110010001110011001000000110001001100101
110001101101111011011010111000001100001011100100110010101100100001000000111011101101001011101000110100000100000011101000110100001100101011100110110010100100000011101110110100001100101011011100010000001100010011100100110111101110101011001110110100001110100001000000110100001101111011011010110010100101110
101010001101000011011110111010101100111011010000010000001101001011101000010000001101001011100110010000001110110011001010111001001111001001000000110010001101001011100110110000101100111011100100110010101100101011000010110001001101100011001010010000001110100011011110010000001110011011101010111001101110000011001010110001101110100001000000110000101101110011110010010000001101111011011100110010111100010100000001001100101110011001000000110100001101111011011100110010101110011011101000111100100101100001000000110000101101110011001000010000001110000011001010111001001101000011000010111000001110011
11011010110100101110011011101000110000101101011011001010111001100100000011010000110000101110110011001010010000001100010011001010110010101101110001000000111010101101110011010010110111001110100011001010110111001110100011010010110111101101110011000010110110000101100001000000111100101100101011101000010000001101001011101000010000001101001011100110010000001110000011100100111010101100100011001010110111001110100001000000111010001101111001000000111011101100101011010010110011101101000001000000110110101100101011000010111010000101100
11100110111010101100111011000010111001001110011001011000010000000100110011000110010111000100000011101110110100001100101011011100010000001100010011100100110111101110101011001110110100001110100001000000110100101101110001011000010000001100001011011100110010000100000011000110110111101101101011100000110000101110010011001010010000001110111011010010111010001101000001000000111010001101000011001010010000001100011011010000110000101110010011001110110010100101110001000000101010001101000011001010010000001100010011101010111010001100011011010000110010101110010
11100110110100001101111011101010110110001100100001000000110001001100101001000000110111101110010011001000110010101110010011001010110010000100000011101000110111100100000011100110110010101101110011001000010000001110100011010000110010100100000011101110110010101101001011001110110100001110100001000000111011101101001011101000110100000100000011101000110100001100101001000000110110101100101011000010111010000101100001000000110000101101110011001000010000001110100011010000110010100100000011000110110111101101111011010110010000001110100011011110010000001100110011010010110110001100101
11101000110100001100101011100110110010100100000011000110110100001100101011000110110101101110011001011000010000001110100011011110010000001100010011001010010000001100101011110000110000101101101011010010110111001100101011001000010000001110111011010000110010101101110001000000111010001101000011001010010000001110111011001010110010101101011011011000111100100100000011000100110100101101100011011000010000001110011011010000110000101101100011011000010000001100010011001010010000001100100011001010110110001101001011101100110010101110010011001010110010000101110
10000010010000001110100011010010110001101101011011001010111010000100000011100110110100001101111011101010110110001100100001000000110001001100101001000000110011101101001011101100110010101101110001000000110001001111001001000000111010001101000011001010010000001100011011011110110111101101011001000000110011001101111011100100010000001100101011000010110001101101000001000000110110001101111011000010110011000101100001000000111011101101000011010010110001101101000001000000111011101101001011011000110110000100000011011110110111000100000011100100110010101110100011101010111001001101110
1100111011010010111011001100101001000000111010001101000011001010010000001101110011101010110110101100010011001010111001000100000011101000110111100100000011000100110010100100000011100000110000101101001011001000010000001100110011011110111001000101110
10101000110100001110101011100110010000001110010011001010110011101110101011011000110000101110010011011000111100100100000011000110110111101101110011001000111010101100011011101000110010101100100001011000010000001110100011010000110010100100000011001010111100001100001011000110111010000100000011100110111010001100001011101000110010100100000011011110110011000100000011011010110111101101110011001010111100100100000011000010110011001100110011000010110100101110010011100110010000001110111011010010110110001101100001000000110001001100101001000000110101101101110011011110111011101101110
11101110110100101110100011010000010000001100101011000010111001101100101001110110010000001100110011011110111001000100000011010010111010000100000011010010111001100100000011001000110010101101100011000010111100100100000011011110110011000100000011100000110000101111001011011010110010101101110011101000010000001110100011010000110000101110100001000000110111101100011011000110110000101110011011010010110111101101110011100110010000001100011011011110110111001100110011101010111001101101001011011110110111000101110
10000010110001101100011011011110111010101101110011101000111001100100000011100110110100001101111011101010110110001100100001000000110001001100101001000000111001001100101011001110111010101101100011000010111001001101100011110010010000001101011011001010111000001110100001011000010000001100001011011100110010000100000011011100110111101110100001000000111010001101000011001010010000001110011011011010110000101101100011011000110010101110011011101000010000001100001011100100111010001101001011000110110110001100101011100110010000001101111011011010110100101110100011101000110010101100100
1110100011011110010000001100010011001010010000001100101011011100111010001100101011100100110010101100100001110110010000001100001011011100110010000100000011010010110011000100000011000100110000101101100011000010110111001100011011001010110010000100000011001010111011001100101011100100111100100100000011101110110010101100101011010110010000001100001011011100110010000100000011011010110111101101110011101000110100000101100001000000111010001101000011001010010000001101001011011100110001101101111011011010110010100100000011000010110111001100100
11011110111010101110100011001110110111101101001011011100110011101110011001000000111011101101001011011000110110000100000011000100110010100100000011000010111001101100011011001010111001001110100011000010110100101101110011001010110010000100000011101110110100101110100011010000010000001100110011000010110001101101001011011000110100101110100011110010010110000100000011000010110111001100100001000000111010001101000011001010110100101110010001000000111000001110010011011110111000001101111011100100111010001101001011011110110111001110011001000000111010001101111
11011110111010001101000011001010111001000100000011000100110010100100000011001000111010101101100011110010010000001101111011000100111001101100101011100100111011001100101011001000010111000100000010100110110111101101101011001010010000001110000011001010110111101110000011011000110010100100000011000010111000001110000011100100110111101110110011001010010000001101111011001100010000001101011011001010110010101110000011010010110111001100111001000000110100101101110001000000111001101100101011100000110000101110010011000010111010001100101
1110000011101010111001001110011011001010111001100100000011101000110100001100101001000000110110101101111011011100110010101111001001000000110011001