10100100000011101110110100001101111011011000110010100100000011011110110011000100000011000010010000001100111011011110110111101100100
1100011011011110110111001110011011010010111001101110100011001010110111001100011011001010011101000100000011100110111011101100101011001010111010001100101011011100010110000100000011000010110111001100100001000000110000101100100011001000010000001100001001000000111001101110000011011110110111101101110011001100111010101101100001000000110111101100110001000000111000001100101011000010110001101101000011101110110000101110100011001010111001000101100001000000110111101110010001000000110000100100000011000100110100101110100011101000110010101110010
11000010110110001101101011011110110111001100100001000000110001001100101011000010111010001100101011011100010111000100000010000100110111101101001011011000010000001101001011101000010110000100000011011110110001001110011011001010111001001110110011010010110111001100111001000000110100101110100001000000110010001101111011001010111001100100000011011100110111101110100001000000110001001110101011100100110111000101110001000000101000001101111011101010111001000100000011010010111010000100000011010010110111001110100011011110010000001100001001000000111001101101000011000010111000001100101
11011110111001000100000011100000110100101101110011101000010000001100010011000010111001101101111011011100010110000100000011101000110000101101011011010010110111001100111001000000110111101110101011101000010000001110100011010000110010100100000011100110111000001101001011000110110010100101110001000000101011101101000011001010110111000100000011000110110111101101100011001000010110000100000011101000111010101110010011011100010000001110100011010000110010100100000011001100110110001110101011011010110110101100101011100100111100100100000011010010110111001110100011011110010000001100001
11001000110100101110011011010000010110000100000011000010110111001100100001000000111001101100101011100100111011001100101001000000111011101101001011101000110100000100000011000110111001001100101011000010110110100101100001000000110110101101001011011000110101100101100001000000110111101110010001000000110001101110101011100110111010001100001011100100110010000100000011100100110111101110101011011100110010000111011001000000110111101110010001000000111000001110101011101000010000001100001001000000111010001100101011000010111001101110000011011110110111101101110011001100111010101101100
110111101100110001000000110001101110010011001010110000101101101001000000110100101101110011101000110111100100000011010000110000101101100011001100010000001100001001000000111000001101001011011100111010000100000011011110110011000100000011011100110010101110111001000000110110101101001011011000110101100101100001000000110000100100000011001110110110001100001011100110111001100100000011011110110011000100000011100100110000101101001011100110110100101101110001000000111011101101001011011100110010100101100001000000110000100100000011011000110100101110100011101000110110001100101
11100110111010101100111011000010111001000101100001000000110000101101110011001000010000001100001001000000111001101110001011101010110010101100101011110100110010100100000011011110110011000100000011011000110010101101101011011110110111000101110
10111110100001101110101011100100110010001110011001000000110000101101110011001000010000001000011011100100110010101100001011011010010111001011111
101010001110101011100100110111000100000011101000110111100100000011000110111010101110010011001000010000001110100011010000111001001100101011001010010000001101111011100100010000001100110011011110111010101110010001000000111000001101001011011100111010001110011001000000110111101100110001000000110110101101001011011000110101100100000011101110110100101110100011010000010000001110010011101010110111001101110011001010111010000111011001000000110001001110010011001010110000101101011001000000110100101110100001011000010000001100001011011100110010000100000011011000110010101110100
1110100011010000110010100100000011101110110100001100101011110010010000001110010011101010110111000100000011011110111010101110100001011000010000001110100011010000110010101101110001000000111000001110101011101000010000001101001011101000010000001101001011011100111010001101111001000000110000100100000011000100110000101110011011011110110111000111011001000000110000101101110011001000010000001110111011010000110010101101110001000000111010001101111001000000110001001100101001000000111001101100101011100100111011001100101011001000010110000100000011000100111010101110100
1101001011101000010000001101111011011100010000001100001001000000110010001101001011100110110100000100000011101110110100101110100011010000010000001110011011011110110110101100101001000000110001101110010011001010110000101101101001011000010000001101111011100100010000001100110011010010110111001100101001000000110110101101001011011000110101100101100001000000110010101101001011101000110100001100101011100100010000001110000011011000110000101101001011011100010000001101111011100100010000001110011011101110110010101100101011101000110010101101110011001010110010000101110
101111101000001011011100110111101110100011010000110010101110010001000000111011101100001011110010010111001011111
1010100011011110010000001100110011011110111010101110010001000000111000101110101011000010111001001110100011100110010000001101111011001100010000001101110011001010111011100100000011011010110100101101100011010110010000001110111011000010111001001101101011001010110010000101100001000000111000001110101011101000010000001100110011100100110111101101101001000000110000100100000011100000110100101101110011101000010000001110100011011110010000001100001001000000111000101110101011000010111001001110100001000000110111101100110
110001001110101011101000111010001100101011100100110110101101001011011000110101100100000011100110111010001110010011000010110100101101110011001010110010000101100001000000110000101100011011000110110111101110010011001000110100101101110011001110010000001110100011011110010000001101001011101000111001100100000011100110110111101110101011100100110111001100101011100110111001100111011001000000110101101100101011001010111000000100000011101000110100001100101001000000111000001100001011011100010000001100011011011110111011001100101011100100110010101100100
11101010110111001110100011010010110110000100000011101000110100001100101001000000110001101110101011100100110010000100000011000100110010100100000011011110110011000100000011000010010000001100110011010010111001001101101011011100110010101110011011100110010000001110100011011110010000001100011011101010111010000100000011101000110100001110010011001010110010100100000011011110111001000100000011001100110111101110101011100100010000001110100011010010110110101100101011100110010000001100001011000110111001001101111011100110111001100100000011101110110100101110100011010000010000001100001
11100110110000101110101011000110110010101110010001011000010000001100001011100110010000001110100011010000110010100100000011101110110100001100101011110010010000001101100011001010110000101110110011001010111001100100000011010010111010000111010001000000111000001110101011101000010000001101001011101000010000001101001011011100111010001101111001000000110000100100000011100110110100001100001011100000110010100101100001000000110000101101110011001000010000001100110011010010110110001101100001000000111010101110000001000000111010101101110011101000110100101101100001000000110100101110100
110100101110011001000000111001101101111011011000110100101100100001000000110010101101110011011110111010101100111011010000010000001110100011011110010000001110100011000010110101101100101001000000111010001101000011001010010000001100110011011110111001001101101001011100010000001010011011001010111001001110110011001010010000001110111011010010111010001101000001000000110001101110010011001010110000101101101001000000111000001101100011000010110100101101110001011000010000001101111011100100010000001101101011010010111100001100101011001000010000001110111011010010111010001101000
111001101110101011001110110000101110010001011000010000001110111011010010110111001100101001011000010000001100001011011100110010000100000011011000110010101101101011011110110111000101110
10111110100110001101111011011100110010001101111011011100010000001010011011110010110110001101100011000010110001001110101011000100010111001011111
101000001110101011101000010000001100001001000000111000001101001011011100111010000100000011011110110011000100000011100000110111101110010011101000010000001101111011100100010000001110111011010000110100101110100011001010010000001110111011010010110111001100101001000000110100101101110011101000110111100100000011000010010000001100010011011110111011101101100001011000010000001101110011101010111010001101101011001010110011100100000011001110111001001100001011101000110010101100100001011000010000001100001011011100110010000100000011000010010000001100111011011110110111101100100
11001000110010101100001011011000010000001101111011001100010000001110011011101010110011101100001011100100010110000100000011101000110100001100101011011100010000001101101011010010110110001101011001000000110100101101110011101000110111100100000011010010111010000100000011011100110010101100001011100100010000001110100011101110110111100100000011100010111010101100001011100100111010001110011001000000110111101100110001000000110110101101001011011000110101100101100001000000110011001110010011011110111010001101000011001010110010000100000011101010111000000101110001000000100100101100110
111010001101000011001010010000001110111011010010110111001100101001000000110001001100101001000000110111001101111011101000010000001110010011000010111010001101000011001010111001000100000011100110110100001100001011100100111000000101100001000000110100101110100001000000111011101101001011011000110110000100000011100100110010101110001011101010110100101110010011001010010000001101101011011110111001001100101001000000110011001101111011100100010000001110100011010000110100101110011001000000111000101110101011000010110111001110100011010010111010001111001001000000110111101100110
110110101101001011011000110101100101110
10010010110111000100000010001000110010101110110011011110110111001110011011010000110100101110010011001010010110000100000011000110110110001101111011101010111010001100101011001000010000001100011011100100110010101100001011011010010000001101