0100110010101101101011011110111011001100101011001000010110000100000011101000110100001100101001000000110101001110101011010010110001101100101
111011101101001011011000110110000100000011000100110010100100000011000010111001100100000011001100110100101101110011001010010000001100001011100110010000001110111011010000110010101101110001000000110011001101001011100100111001101110100001000000110001001101111011101000111010001101100011001010110010000101110
10101000110100001100101001000000111000001100101011001010110110001110011001000000110100001100001011011100110011100100000011101010111000000100000011101000110100101101100011011000010000001100100011100100111100100101100001000000111010001101000011001010110111000100000011010110110010101100101011100000010000001110100011010000110010101101101001000000110011001110010011011110110110100100000011101000110100001100101001000000110010001110101011100110111010000101110
1011111010010010110001101100101001000000101011101100001011101000110010101110010011100110010111001011111
10100100111010101100010001000000111001101101111011011010110010100100000011001100110100101101110011001010010000001110011011101010110011101100001011100100010000001101111011011100010000001101100011001010110110101101111011011100010110000100000011011110111001000100000011011110111001001100001011011100110011101100101001011000010000001110100011011110010000001100111011010010111011001100101001000000111010001101000011001010010000001100011011011110110110001101111011101010111001000100000011000010110111001100100001000000110011001101100011000010111011001101111011101010111001000111011
1110100011010000110010101101110001000000111001101110001011101010110010101100101011110100110010100100000011101000110100001100101001000000110101001110101011010010110001101100101001000000110111101100110001000000110010101101001011101000110100001100101011100100010000001101111011011100010000001101001011101000111001100100000011100100110010101110011011100000110010101100011011101000110100101110110011001010010000001110000011001010110010101101100001110100010000001100001011001000110010000100000011101110110000101110100011001010111001000100000011000010110111001100100
1110011011101010110011101100001011100100010110000100000011101000110111100100000011011010110000101101011011001010010000001100001001000000110011001101001011011100110010100100000011100110110100001100101011100100110001001100101011101000010110000100000011000010110111001100100001000000111001101110100011100100110000101101001011011100010000001101001011101000010000001100010011001010110011001101111011100100110010100100000011010010111010000100000011000100110010100100000011100000111010101110100001000000110100101101110011101000110111100100000011101000110100001100101
110100101100011011001010111000001101111011101000010111000100000010010010110011000100000011011110111001001100001011011100110011101100101001011000010000001110100011010000110010100100000011001110111001001100101011000010111010001100101011100100010000001110000011100100110111101110000011011110111001001110100011010010110111101101110001000000111001101101000011011110111010101101100011001000010000001100010011001010010000001101111011001100010000001110100011010000110010100100000010000110110100001101001011011100110000100100000011010100111010101101001011000110110010100101100
110000101101110011001000010000001101111011011100110110001111001001000000110000100100000011011000110100101110100011101000110110001100101001000000110111101100110001000000101001101100101011101100110100101101100011011000110010100101100001000000110000101101110011001000010000001100001001000000111001101101101011000010110110001101100001000000110001001101001011101000010000001101111011001100010000001110100011010000110010100100000011100000110010101100101011011000010000001100111011100100110000101110100011001010110010000100000011000100111100100100000011101000110100001100101
11100110111010101100111011000010111001000101110
1011111010000110111010101110010011100100110000101101110011101000010110000100000011011110111001000100000010100100110000101110011011100000110001001100101011100100111001001111001001000000111011101100001011101000110010101110010001000000100100101100011011001010010111001011111
10101000110100001100101001000000110101001110101011010010110001101100101001000000110111101100110001000000111010001101000011001010111001101100101001011000010000001101111011100100010000001100001011011100111100100100000011011110111010001101000011001010111001000100000011100110110111101110010011101000010000001101111011001100010000001100110011100100111010101101001011101000010110000100000011000100110010101101001011011100110011100100000011001110110000101101001011011100110010101100100001000000110001001111001
1110011011100010111010101100101011001010111101001101001011011100110011100101100001000000111001101110111011001010110010101110100011001010110111001100101011001000010000001100001011011100110010000100000011011010110100101111000011001010110010000100000011101110110100101110100011010000010000001110111011000010111010001100101011100100010110000100000011101110110100101101100011011000010000001100010011001010010000001110010011001010110000101100100011110010010000001100110011011110111001000100000011010010110001101101001011011100110011100101110
1011111010010010110001101100101001000000100001101110010011001010110000101101101011100110010111001011111
10011010110100101111000001000000111010001101000011001010010000001101010011101010110100101100011011001010010000001101111011001100010000001110100011010000110010100100000011001100111001001110101011010010111010001110011001000000111011101101001011101000110100000100000011000010111001100100000011011010111010101100011011010000010000001110011011101010110011101100001011100100010000001100001011100110010000001110111011010010110110001101100001000000110001001100101001000000111011101100001011011100111010001100101011001000010110000100000011000100110010101100110011011110111001001100101
11110010110111101110101001000000110000101100100011001000010000001100011011100100110010101100001011011010010110000100000011101110110100001101001011000110110100000100000011100110110100001101111011101010110110001100100001000000110001001100101001000000110111101100110001000000110000100100000011011010110100101100100011001000110110001101001011011100110011100100000011100100110100101100011011010000110111001100101011100110111001100101110001000000101010101101110011001000110010101110010001000000111010001101000011001010010000001100001011100100111010001101001011000110110110001100101
110111101100110001000000100011001010010010101010100100101010100010100110010000001101001011100110010000001100111011010010111011001100101011011100010000001100001001000000110110101101111011001000110010100100000011011110110011000100000011100000111001001100101011100000110000101110010011010010110111001100111001000000110101001110101011010010110001101100101001000000110011001101111011100100010000001101001011000110110010100101110
10111110100001001110010011011110111011101101110001000000100001001110010011001010110000101100100001000000100100101100011011001010010111001011111
100011101110010011000010111010001100101001000000110000101110011001000000110011001101001011011100110010100100000011000010111001100100000011100000110111101110011011100110110100101100010011011000110010100100000011100110111010001100001011011000110010100100000011000100111001001101111011101110110111000100000011000100111001001100101011000010110010000101100001000000111001101101111011000010110101100100000011000010010000001110011011011010110000101101100011011000010000001110000011100100110111101110000011011110111001001110100011010010110111101101110001000000110100101101110
11000110111001001100101011000010110110100100000011101000111011101101111001000000110111101110010001000000111010001101000011100100110010101100101001000000110100001101111011101010111001001110011001011000010000001110011011101110110010101100101011101000110010101101110001000000110000101101110011001000010000001101001011000110110010100100000011010010111010000101110
10111110101010001101111001000000110110101100001011010110110010100100000011101000110100001100101001000000100100101100011011001010010111001011111
100011101100101011101000010000001100001001000000110011001100101011101110010000001110000011011110111010101101110011001000111001100100000011011110110011000100000011010010110001101100101001011000010000001100010011100100110010101100001011010110010000001101001011101000010000001100001011011000110110101101111011100110111010000100000011101000110111100100000011100000110111101110111011001000110010101110010001011000010000001110100011010000111001001101111011101110010000001100001001000000110110001100001011100100110011101100101
11010000110000101101110011001000110011001110101011011000010000001100001011011100110010000100000011000010010000001101000011000010110110001100110001000000110111101100110001000000111001101100001011011000111010000100000011000010110110101101111011011100110011100100000011010010111010000101110001000000101100101101111011101010010000001101101011101010111001101110100001000000111000001110010011001010111000001100001011100100110010100100000011010010111010000100000011010010110111000100000011000010010000001110000011000010111001001110100001000000110111101100110
1110100011010000110010100100000011010000110111101110101011100110110010100100000011101110110100001100101011100100110010100100000011000010111001100100000011011000110100101110100011101000110110001100101001000000110111101100110001000000111010001101000011001010010000001110111011000010111001001101101001000000110000101101001011100100010000001100011011011110110110101100101011100110010000001100001011100110010000001111001011011110111010100100000011000110110000101101110001000000111000001101111011100110111001101101001011000100110110001111001
110001101101111011011100111010001110010011010010111011001100101001011100010000001010100011010000110010100100000011010010110001101100101001000000110000101101110011001000010000001110011011000010110110001110100001000000110001001100101011010010110111001100111001000000110100101101110001000000110000100100000011000100111010101100011011010110110010101110100001011000010000001110000011101010111010000100000011110010110111101110101011100100010000001100011011100100110010101100001011011010010000001101001011011100111010001101111001000000110000101101