0011001000000110111101100110001000000110000101101110011000110110100101100101011011100111010000100000011000010110111001100100
11011010110111101100100011001010111001001101110001000000110100001101001011100110111010001101111011100100111100100101110
100101000101110001000000100100000101110
100100001000101010011010100010101001100001000000100100001000101010011010101001101010100010001010100010000101100
1001010011101010110111001100101001000000011000100101100001000000011000100110111001110010011100100101110
1011010010110100101101001011010010110100101101001011010010110100101101001011010010110100101101001011010010110100101101001011010010110100101101001011010010110100101101001011010010110100101101001011010010110100101101001011010010110100101101001011010010110100101101001011010010110100101101001011010010110100101101001011010010110100101101001011010010110100101101001011010010110100101101001011010010110100101101001011010010110100101101001011010010110100101101001011010010110100101101001011010010110100101101001011010010110100101101001011010010110100101101001011010010110100101101
10101000101001001000001010011100101001101000011010100100100100101000010010001010101001011100010100000001001100101010011001000000100111001001111010101000100010101010011
11000100101110001000000101000000101110001000000011011100110010001011000010000001100011011010000110000101101110011001110110010101100100001000001110001010000000100111000111011001100101011001110110010100101101111000101000000010011101001000000111010001101111001000001110001010000000100111000111011001100101011001110110010101110100011000010110001001101100011001010111001100101110111000101000000010011101
110010001011100010000001010000001011100010000000110001001100000011001100101100001000000110001101101000011000010110111001100111011001010110010000100000111000101000000010011100011100110111010101100110001011011110001010000000100111010010000001110100011011110010000011100010100000001001110001110011011101010110011001100110011001010111001011100010100000001001110100101110
11001100101110001000000101001101101001011011000110010101101110011101000110110001111001001000000110001101101111011100100111001001100101011000110111010001100101011001000010000001101111011000100111011001101001011011110111010101110011001000000111010001111001011100000110111101100111011100100110000101110000011010000110100101100011011000010110110000100000011001010111001001110010011011110111001001110011001000000110000101101110011001000010000001110110011000010111001001101001011000010111010001101001011011110110111001110011001000000110100101101110
11100110111000001100101011011000110110001101001011011100110011100101110
110100001011100010000001010010011001010111010001100001011010010110111001100101011001000010000001100001011100100110001101101000011000010110100101100011001011000010000001101110011011110110111000101101011100110111010001100001011011100110010001100001011100100110010000101100001000000110000101101110011001000010000001110101011011100110001101100101011100100111010001100001011010010110111000100000011100110111000001100101011011000110110001101001011011100110011101110011001000000110000101110011001000000111000001110010011010010110111001110100011001010110010000101110
1101010010111000100000010001010110111001100011011011000110111101110011011001010110010000100000011010010111010001100001011011000110100101100011011100110010000001100110011011110110111001110100001000000110100101101110001000000101111101110101011011100110010001100101011100100111001101100011011011110111001001100101011100110101111100101110
101010001010100010101000100000010001010100111001000100001000000100111101000110001000000101010001001000010001010010000001010000010100100100111101001010010001010100001101010100001000000100011101010101010101000100010101001110010000100100010101010010010001110010000001000101010000100100111101001111010010110010000001001110010001010101011100100000010100110101100101010011010101000100010101001101001000000100111101000110001000000100010001001111010011010100010101010011010101000100100101000011
10000110100111101001111010010110100010101010010010110010010110000100000001010100010101000101010
10101010111000001100100011000010111010001100101011001000010000001100101011001000110100101110100011010010110111101101110011100110010000001110111011010010110110001101100001000000111001001100101011100000110110001100001011000110110010100100000011101000110100001100101001000000111000001110010011001010111011001101001011011110111010101110011001000000110111101101110011001010010110100101101011101000110100001100101001000000110111101101100011001000010000001100101011001000110100101110100011010010110111101101110011100110010000001110111011010010110110001101100
110001001100101001000000111001001100101011011100110000101101101011001010110010000101110
1000011011100100110010101100001011101000110100101101110011001110010000001110100011010000110010100100000011101110110111101110010011010110111001100100000011001100111001001101111011011010010000001110000011100100110100101101110011101000010000001100101011001000110100101110100011010010110111101101110011100110010000001101110011011110111010000100000011100000111001001101111011101000110010101100011011101000110010101100100001000000110001001111001001000000101010100101110010100110010111000100000011000110110111101110000011110010111001001101001011001110110100001110100
110110001100001011101110010000001101101011001010110000101101110011100110010000001110100011010000110000101110100001000000110111001101111001000000110111101101110011001010010000001101111011101110110111001110011001000000110000100100000010101010110111001101001011101000110010101100100001000000101001101110100011000010111010001100101011100110010000001100011011011110111000001111001011100100110100101100111011010000111010000100000011010010110111000100000011101000110100001100101011100110110010100100000011101110110111101110010011010110111001100101100
111001101101111001000000111010001101000011001010010000001000110011011110111010101101110011001000110000101110100011010010110111101101110001000000010100001100001011011100110010000100000011110010110111101110101001000010010100100100000011000110110000101101110001000000110001101101111011100000111100100100000011000010110111001100100001000000110010001101001011100110111010001110010011010010110001001110101011101000110010100100000011010010111010000100000011010010110111000100000011101000110100001100101
1010101011011100110100101110100011001010110010000100000010100110111010001100001011101000110010101110011001000000111011101101001011101000110100001101111011101010111010000100000011100000110010101110010011011010110100101110011011100110110100101101111011011100010000001100001011011100110010000100000011101110110100101110100011010000110111101110101011101000010000001110000011000010111100101101001011011100110011100100000011000110110111101110000011110010111001001101001011001110110100001110100
111001001101111011110010110000101101100011101000110100101100101011100110010111000100000010100110111000001100101011000110110100101100001011011000010000001110010011101010110110001100101011100110010110000100000011100110110010101110100001000000110011001101111011100100111010001101000001000000110100101101110001000000111010001101000011001010010000001000111011001010110111001100101011100100110000101101100001000000101010001100101011100100110110101110011001000000110111101100110001000000101010101110011011001010010000001110000011000010111001001110100
1101111011001100010000001110100011010000110100101110011001000000110110001101001011000110110010101101110011100110110010100101100001000000110000101110000011100000110110001111001001000000111010001101111001000000110001101101111011100000111100101101001011011100110011100100000011000010110111001100100001000000110010001101001011100110111010001110010011010010110001001110101011101000110100101101110011001110010000001010000011100100110111101101010011001010110001101110100
100011101110101011101000110010101101110011000100110010101110010011001110010110101110100011011010010000001100101011011000110010101100011011101000111001001101111011011100110100101100011001000000111011101101111011100100110101101110011001000000111010001101111001000000111000001110010011011110111010001100101011000110111010000100000011101000110100001100101001000000101000001010010010011110100101001000101010000110101010000100000010001110101010101010100010001010100111001000010010001010101001001000111001011010111010001101101
1100011011011110110111001100011011001010111000001110100001000000110000101101110011001000010000001110100011100100110000101100100011001010110110101100001011100100110101100101110001000000101000001110010011011110110101001100101011000110111010000100000010001110111010101110100011001010110111001100010011001010111001001100111001000000110100101110011001000000110000100100000011100100110010101100111011010010111001101110100011001010111001001100101011001000010000001110100011100100110000101100100011001010110110101100001011100100110101100101100
1100001011011100110010000100000011011010110000101111001001000000110111001101111011101000010000001100010011001010010000001110101011100110110010101100100001000000110100101100110001000000111100101101111011101010010000001100011011010000110000101110010011001110110010100100000011001100110111101110010001000000110000101101110001000000110010101000010011011110110111101101011001011000010000001100101011110000110001101100101011100000111010000100000011000100111100100100000011001100110111101101100011011000110111101110111011010010110111001100111
1110100011010000110010100100000011101000110010101110010011011010111001100100000011011110110011000100000011101000110100001100101001000000111010001110010011000010110010001100101011011010110000101110010011010110010000001101100011010010110001101100101011011100111001101100101001011000010000001101001011011100110001101101100011101010110010001101001011011100110011100100000011100000110000101111001011010010110111001100111001000000111001001101111011110010110000101101100011101000110100101100101011100110010000001100110011011110111001000100000011101010111001101100101
1101111011001100010000001110100011010000110010100100000010100000111001001101111011010100110010101100011011101000010000001000111011101010111010001100101011011100110001001100101011100100110011100100000011101000111001001100001011001000110010101101101011