1101110110000101110100011001010111001000101100001000000110000101101110011001000010000001110100011010000110000101110100001000000111011101101000011010010110001101101000001000000110001001101111011010010110110001100101011001000010000001110100011010000110010100100000011100000110010101100001011100110010110000100000011101000110100001100101001000000110001001100101011100110111010000100000011100000110000101110010011101000111001100100000011011110110011000100000011101000110100001100101001000000110110001100101011101000111010001110101011000110110010100101100
110000101101110011001000010000001110100011010000110010100100000011110010110111101110101011011100110011100100000011100000110010101100001011100110010110000100000011000010010000001101000011000010110111001100100011001100111010101101100001000000110111101100110001000000111001101110000011010010110111001100001011000110110100000100000011000110111010101110100001000000111001101101101011000010110110001101100001011000010000001110000011001010111000001110000011001010111001000101100001000000110000101101110011001000010000001110011011000010110110001110100001000000111010001101111
1110100011000010111001101110100011001010010111000100000010100110111010001100101011101110010000001110100011010010110110001101100001000000111010001101000011001010010000001110110011001010110011101100101011101000110000101100010011011000110010101110011001000000110000101110010011001010010000001110001011101010110100101110100011001010010000001110100011001010110111001100100011001010111001000111011001000000110000101101110011001000010000001100001001000000110011001100101011101110010000001101101011010010110111001110101011101000110010101110011
11000100110010101100110011011110111001001100101001000000111001101100101011100100111011001101001011011100110011100101100001000000111010001101000011100100110111101110111001000000110100101101110001000000111001101101111011011010110010100100000011001110111001001100101011001010110111000100000011011010110100101101110011101000010110000100000011000110111010101110100001000000110011001101001011011100110010100101110
101001101101000011011110111010101101100011001000010000001110100011010000110010100100000011100110110111101110101011100000010000001100010011001010010000001110100011011110110111100100000011101000110100001101001011011100010110000100000011000010010000001110011011100000110111101101111011011100110011001110101011011000010000001101111011001100010000001110010011010010110001101100101001000000110011001101100011011110111010101110010001011000010000001110010011101010110001001100010011001010110010000100000011001000110111101110111011011100010000001110111011010010111010001101000
110000100100000011000100110100101110100001000000110111101100110001000000110001001110101011101000111010001100101011100100010110000100000011000010110111001100100001000000110001001101111011010010110110001100101011001000010000001110111011010010111010001101000001000000110100101110100001011000010000001110111011010010110110001101100001000000110011101101001011101100110010100100000011010010111010000100000011000110110111101101110011100110110100101110011011101000110010101101110011000110110010100101110
1011111010011100110111101110100011001010010111001011111001000000100100101100110001000000111001101101111011101010111000000100000011011110111001000100000011001110111001001100001011101100111100100100000011000100110010100100000011101000110111101101111001000000111011101100101011000010110101100101100001000000111010001101000011001010010000001100011011011110111011001100101011100100010000001101111011001100010000001110100011010000110010100100000011100110110000101110101011000110110010101110000011000010110111000100000011100110110100001101111011101010110110001100100
110001001100101001000000111010001100001011010110110010101101110001000000110111101100110011001100010110000100000011000010110111001100100001000000111010001101000011001010010000001110011011101000110010101100001011011010010000001101100011001010111010000100000011011110111010101110100001011000010000001100010011011110110100101101100011010010110111001100111001000000110100101110100001000000111011001100101011100100111100100100000011100010111010101101001011000110110101100101110
1010111011010000110010101101110001000000111010001101000011001010111001001100101001000000110100101110011001000000111000001101100011001010110111001110100011110010010000001101111011001100010000001110110011001010110011101100101011101000110000101100010011011000110010101110011001011000010000001100111011100100110010101100101011011100010000001110000011001010110000101110011001000000111001101101111011101010111000000100000011011100110010101100101011001000111001100100000011011100110111100100000011011010110010101100001011101000011101000100000011000100111010101110100
1101001011001100010000001100001011100000111000001110010011011110111011001100101011001000010110000100000011000010010000001110000011010010110011111100010100000001001100101110011001000000110011001101111011011110111010000101100001000000110111101110010001000000110000100100000011100110110110101100001011011000110110000100000011000100110100101110100001000000110111101100110001000000110000101101110011110010010000001110011011011110111001001110100001011000010000001101101011000010111100100100000011000100110010100100000011000100110111101101001011011000110010101100100
1110111011010010111010001101000001000000111010001101000011001010010000001101111011011000110010000100000011100000110010101100001011100110010110000100000011000010110111001100100001000000111001001100101011011010110111101110110011001010110010000100000011010010110111001110100011011110010000001110100011010000110010100100000011100110110010101100011011011110110111001100100001000000111000001110010011011110110001101100101011100110111001100100000011101000110100101101100011011000010000001110100011010000110010100100000011010100111010101101001011000110110010101110011
111001101101000011000010110110001101100001000000110001001100101001000000110111101100010011101000110000101101001011011100110010101100100001011100010000001001111011000100111001101100101011100100111011001100101001011000010000001110100011010000111001001100101011001010010000001101111011100100010000001100110011011110111010101110010001000000110111101110101011011100110001101100101011100110010000001101111011001100010000001100010011101010111010001110100011001010111001000101100001000000111011101101001011011000110110000100000011100110111010101110000011100000110110001111001
111001001101001011000110110100001101110011001010111001101110011001000000111010001101111001000000110000100100000011100110110111101110101011100000010000001110111011010010111010001101000011011110111010101110100001000000110110101100101011000010111010000101100001000000110111101110010001000000110110101100001011010110110010100100000011010010111010000100000011010000110100101100111011010000110010101110010001000000111011101101001011101000110100000100000011010010111010000101110
1011111010001110111001001100001011101100111100100100000010100110110111101110101011100000010111001011111
1010111011000010111001101101000001000000110000100100000011011000110010101100111001000000110111101100110001000000110001001100101011001010110011000101100001000000110001001110010011001010110000101101011001000000111010001101000011001010010000001100010011011110110111001100101001011000010000001100001011011100110010000100000011100110110010101110100001000000110100101110100001000000110111101110110011001010111001000100000011101000110100001100101001000000110011001101001011100100110010100100000011101110110100101110100011010000010000001100110011010010111011001100101
1110001011101010110000101110010011101000111001100100000011011110110011000100000011101110110000101110100011001010111001000101100001000000110000100100000011011000110000101110010011001110110010100100000011000100111010101101110011000110110100000100000011011110110011000100000011010000110010101110010011000100111001100101100001000000111010001110111011011110010000001101111011011100110100101101111011011100111001100101100001000000111001101101100011010010110001101100101011001000010000001100001011011100110010000100000011001100111001001101001011001010110010000101100
1100010011101010111010000100000011011100110111101110100001000000110001001110101011100100110111001110100001011000010000001100001001000000110001001101100011000010110010001100101001000000110111101110010001000000111010001110111011011110010000001101111011001100010000001101101011000010110001101100101001011000010000001110100011010000111001001100101011001010010000001100011011011000110111101110110011001010111001100101100001000000111010001110111011001010110111001110100011110010010000001001010011000010110110101100001011010010110001101100001
11100000110010101110000011100000110010101110010011100110010110000100000011000010110111001100100001000000110011001101111011100100111010001111001001000000110001001101100011000010110001101101011001011100010000001010011011010010110110101101101011001010111001000100000011101000110100101101100011011000010000001110100011010000110010100100000011100110110111101110101011100000010000001100010011001010010000001100001011100110010000001110010011010010110001101101000001000000110000101110011001000000111100101101111011101010010000001100011011010000110111101101111011100110110010100111011
1110100011010000110010101101110001000000111001101110100011100100110000101101001011011100010000001101111011001100110011000100000011101000110100001100101001000000110110101100101011000010111010000101100001000000111011101101000011010010110001101101000001000000111011101101001011011000110110000100000011000100110010100100000011001100110100101110100001000000110011001101111011100100010000001110100011010000110010100100000011100110110010101110010011101100110000101101110011101000111001111100010100000001001100100100000011101000110000101100010011011000110010100101110
100111001100101011110000111010000100000011001000110000101111001001000000111010001100001011010110110010100100000011011110110011001100110001000000111010001101000011001010010000001100011011000010110101101100101001000000110111101100110001000000110011001100001011101000010110000100000011000010110111001100100001000000111010001101000011000010111010000100000011101110110100101101100011011000010000001110111011000010111001001101101001000000111011101101001011101000110100000