101001011000010000001110111011010000110010101101110001000000110010001101111011011100110010100100000011101110110100101110100011010000010110000100000011101110110100101101100011011000010000001101100011000010111001101110100
11001100110111101110010001000000111001101100101011101100110010101110010011000010110110000100000011110010110010101100001011100100111001100101110001000000101010001101000011011110111001101100101001000000110111101100110001000000110001101101111011100000111000001100101011100100010000001101111011100100010000001100010011100100110000101110011011100110010000001100001011100100110010100100000011010010110110101110000011100100110111101110000011001010111001000101100001000000110000101110011001000000111010001101000011001010010000001110100011010010110111001101110011010010110111001100111
11101110110010101100001011100100111001100100000011011110111010101110100001000000110001001111001001000000111010001101000011001010010000001110011011000110111001001100001011100000110100101101110011001110010000001101111011001100010000001110100011010000110010100100000011100110111011101100101011001010111010001101101011001010110000101110100001000000110110001100001011001000110110001100101001011100010000001010100011010000110010101110010011001010010000001101001011100110010000001100001001000000110111001100101011101110010000001110011011011110111001001110100001000000110111101100110
110100101110010011011110110111000101100001000000111011101101001011101000110100000100000011000010010000001110011011101000111001001101111011011100110011100100000011101000110100101101110011011100110100101101110011001110010110000100000011101110110100001101001011000110110100000100000011100000111001001101111011011010110100101110011011001010111001100100000011101000110111100100000011101110110010101100001011100100010000001101100011011110110111001100111001011100010000001010011011010010110010101110110011001010111001100100000011000010110111001100100
11100110111000001101111011011110110111001110011001000000111001101101000011011110111010101101100011001000010000001100010011001010010000001101011011001010111000001110100001000000110110001101001011010110110010101110111011010010111001101100101001000000110011001101111011100100010000001110011011101110110010101100101011101000010000001110100011010000110100101101110011001110111001100101110
1011111010101000110111100100000011000110110110001100001011100100110100101100110011110010010000001010011011101010110011101100001011100100010111001011111
10000100111001001100101011000010110101100100000011000010111001100100000011011010111010101100011011010000010000001100001011100110010000001110010011001010111000101110101011010010111001001100101011001000010000001101001011011100010000001101100011000010111001001100111011001010010000001101100011101010110110101110000011100110010110000100000011000010110111001100100001000000111000001110101011101000010000001100001001000000111000001101111011101010110111001100100001000000111010001101111001000000110100001100001011011000110011000100000011000010010000001110000011010010110111001110100
11011110110011000100000011101110110000101110100011001010111001000101100001000000110100101101110001000000110000100100000011000100110111101110111011011000010110000100000011000010110111001100100001000000110100101110100001000000111011101101001011011000110110000100000011001000110100101110011011100110110111101101100011101100110010100100000011000100110010101110100011101000110010101110010001000000111010001101000011000010110111000100000011101110110100001100101011011100010000001100010011100100110111101101011011001010110111000100000011100110110110101100001011011000110110000101110
10100110110010101110100001000000110100101110100001000000110111101110110011001010111001000100000011101000110100001100101001000000110011001101001011100100110010100101100001000000110000101101110011001000010000001110100011010000110010100100000011101110110010101101100011011000010000001110111011010000110100101110000011101000010000001110111011010000110100101110100011001010010000001101111011001100010000001100001011011100010000001100101011001110110011100111010001000000110110001100101011101000010000001101001011101000010000001100010011011110110100101101100
111010101110000001011000010000001100001011011100110010000101100001000000111011101101000011001010110111000100000011100100110010101100001011001000111100100100000011101000110111100100000011100100111010101101110001000000110111101110110011001010111001000101100001000000111000001101111011101010111001000100000011000010010000001101100011010010111010001110100011011000110010100100000011000110110111101101100011001000010000001110111011000010111010001100101011100100010000001101001011011100010000001101001011101000010000001110100011011110010000001100111011010010111011001100101
1101001011101000010000001100001001000000110001101101000011001010110001101101011001110110010000001100010011101010111010000100000011101110110100001100101011011100010000001101001011101000010000001110010011010010111001101100101011100110010000001100001001000000111001101100101011000110110111101101110011001000010000001110100011010010110110101100101001011000010000001110100011000010110101101100101001000000110100101110100001000000110111101100110011001100010000001110100011010000110010100100000011001100110100101110010011001010010110000100000011000010110111001100100
111001101100101011101000010000001101001011101000010000001100010011110010010000001101001011011100010000001110100011010000110010100100000011100000110000101101110001000000110011001101111011100100010000001100001001000000111000101110101011000010111001001110100011001010111001000100000011011110110011000100000011000010110111000100000011010000110111101110101011100100011101000100000011001000111010101110010011010010110111001100111001000000111011101101000011010010110001101101000001000000111010001101001011011010110010100100000011101000110100001100101
110011001101111011101010110110001101110011001010111001101110011001000000111011101101001011011000110110000100000011100110110100101101110011010110010000001110100011011110010000001110100011010000110010100100000011000100110111101110100011101000110111101101101001011000010000001100001011011100110010000100000011011000110010101100001011101100110010100100000011000010010000001100010011011000110000101100011011010110010000001110011011000110111010101101101001000000110111101101110001000000111010001101000011001010010000001110100011011110111000000111011
1110111011010000110100101100011011010000010000001110100011000010110101101100101001000000110111101100110011001100010000001100111011001010110111001110100011011000111100100100000011101110110100101110100011010000010000001100001001000000111001101101011011010010110110101101101011001010111001000101100001000000110000101101110011001000010000001110000011011110111010101110010001000000111010001101000011001010010000001110011011110010111001001110101011100000010000001101001011011100111010001101111001000000110000100100000011101100110010101110011011100110110010101101100
1110110011001010111001001111001001000000111000101110101011010010110001101101011011011000111100100100000011001100111001001101111011011010010000001110100011010000110010100100000011100110110010101100100011010010110110101100101011011100111010000101110
10111110101010001101111001000000110010001110010011110010010000001000011011010000110010101110010011100100110100101100101011100110010110000100000011101110110100101110100011010000010000001010011011101010110011101100001011100100010111001011111
101001101110100011011110110111001100101001000000111001101101001011110000010000001110000011011110111010101101110011001000111001100100000011011110110011000100000010010110110010101101110011101000110100101110011011010000011101100100000011100000111010101110100001000000111010001101000011001010110110100100000011010010110111001110100011011110010000001100001001000000111000001110010011001010111001101100101011100100111011001101001011011100110011101110000011000010110111000101100001000000111011101101001011101000110100000100000011101000111011101101111
11100000110111101110101011011100110010001110011001000000110111101100110001000000110110001101111011000010110011000100000011100110111010101100111011000010111001000100000011100000110111101110101011011100110010001100101011001000010000001100001011011100110010000100000011100110111010001110010011001010111011101100101011001000010000001100001011011010110111101101110011001110010000001110100011010000110010101101101001110100010000001110011011010010110110101101101011001010111001000100000011101000110100101101100011011000010000001110100011010000110010101111001
110001001100101011001110110100101101110001000000111010001101111001000000111001101101000011100100110100101110110011001010110110000101100001000000111010001101000011001010110111000100000011100110111010001110010011000010110100101101110001000000111010001101000011001010110110100100000011001100111001001101111011011010010000001110100011010000110010100100000011010100111010101101001011000110110010100111011001000000110110001100001011110010010000001110100011010000110010101101101001000000110111101101110001000000110000100100000011010000110111101110100
11010000110010101100001011100100111010001101000001011000010000001101111011100100010000001101001011011100010000001100001011011100010000001101111011101100110010101101110001011000010000001110111011010000110010101101110001000000110010101101001011101000110100001100101011100100010000001100001011100100110010100100000011000110110111101101111011011000010000001100101011011100110111101110101011001110110100000100000011101000110111100100000011001000111001001111001001000000111011101101001011101000110100001101111011101010111010000100000011000100110000101101011011010010110111001100111
111010001101000011001010110110100101110
10101000110100001100101001000000111001101100001011011010110010100100000011100110111100101110010011101010111000000100000011101110110100101101100011011000010000001100100011011110010000001100001011011100110111101110100011010000110010101110010001000000111001101101001011110000010000001110000011011110111010101101110011001000111001100100000011011110110011000100000011001100111001001110101011010010111010000101110
101111101010100011011110010000001100100011100100111100100100000010000110110100001100101011100100111001001101001011001010111001100100000011101110110100101110