01101101000011011110111010101101100011001000010000001100010011001010010000001110110011001010111001001111001001000000110001101101111011011110110110000101110
10101000110100001100101001000000100001001101001011001100110011001101001011011100010110000100000011101000110100001100101001000000100110101101001011011100111001101101000011101010110110000100000011000110111001001100001011000100010110000100000011011110111001000100000011000010110111001111001001000000111010001100001011100100111010000100000011000010111000001110000011011000110010101110011001011000010000001100001011100100110010100100000011101000110100001100101001000000111001101101111011100100111010000100000011001100110111101110010
1100100011100100111100101101001011011100110011100101110
1011111010000100110110001100001011000110110101100100000010000110110000101110000011100110010111001011111
100100001100001011011000111011001100101001000000110000101101110011001000010000001100011011011110111001001100101001000000111001101101111011011010110010100100000011001100110100101101110011001010010000001101100011000010111001001100111011001010010000001100001011100000111000001101100011001010111001100111010001000000111000001110101011101000010000001110100011010000110010101101101001000000110100101101110001000000110000100100000011100110110100001100001011011000110110001101111011101110010000001110000011000010110111000111010001000000111001101110100011100100110010101110111
11101110110100001101001011101000110010100100000011100110111010101100111011000010111001000100000011011110111011001100101011100100010110000100000011000010110111001100100001000000110001001100001011010110110010100100000011101000110100001100101011011010010111000100000010000100110111101101001011011000010000001100001001000000110011101101100011000010111001101110011001000000110111101100110001000000111011101101001011011100110010100101100001000000111010001101000011001010010000001110011011000010110110101100101001000000110111101100110
111011101100001011101000110010101110010001011000010000001100001011011100110010000100000011100110111011101100101011001010111010001100101011011100010000001101001011101000010000001100110011011110111001000100000011100110110000101110101011000110110010100101110
10111110101001101110100011001010111011101100101011001000010000001000111011011110110110001100100011001010110111000100000010100000110100101110000011100000110100101101110011100110010111001011111
10100110110001101101111011011110111000000100000011011110111010101110100001000000111010001101000011001010010000001100011011011110111001001100101001110110010000001110000011000010111001001100101001000000111010001101000011001010110110100100000011101100110010101110010011110010010000001110100011010000110100101101110001110110010000001100001011011100110010000100000011000010111001100100000011110010110111101110101001000000110010001101111001000000110100101110100001011000010000001110100011010000111001001101111011101110010000001110100011010000110010101101101001000000110100101101110
1110111011000010111010001100101011100100010111000100000010001100110111101110010001000000110010101110110011001010111001001111001001000000111000001101111011101010110111001100100001000000110111101100110001000000110011001110010011101010110100101110100001000000110110101100001011010110110010100100000011010000110000101101100011001100010000001100001001000000111000001101111011101010110111001100100001000000110111101100110001000000111001101101001011011100110011101101100011001010010000001110010011001010110011001101001011011100110010101100100
11100110111010101100111011000010111001000100000011010010110111001110100011011110010000001110011011110010111001001110101011100000010110000100000011101110110100101110100011010000010000001100001001000000111000001101001011011100111010000100000011011110110011000100000011101110110000101110100011001010111001000101110001000000101011101101000011001010110111000100000011100110110101101101001011011010110110101100101011001000010110000100000011100000111010101110100001000000111010001101000011001010010000001110000011010010111000001110000011010010110111001110011
110100101101110001011000010000001100001011011100110010000100000011100110111010001100101011101110010000001110100011010010110110001101100001000000110001101101100011001010110000101110010001110110010000001110100011010000110010101101110001000000110011101110010011000010111010001100101001000000110110001100101011011010110111101101110001000000110111101110110011001010111001000101100001000000110000101101110011001000010000001110011011001010111001001110110011001010010000001101001011011100010000001110100011010000110010100100000011100110111100101110010011101010111000000101110
10000100110010100100000011000110110000101110010011001010110011001110101011011000010000001101110011011110111010000100000011101000110111100100000011011000110010101110100001000000111010001101000011001010110110100100000011000100111001001100101011000010110101100101110
1010100011010000110010101111001001000000110000101110010011001010010000001100001011011100010000001100101011011000110010101100111011000010110111001110100001000000110000101101110011001000010000001100111011011110110111101100100001000000110010001101001011100110110100000100000011001100110111101110010001000000110000100100000011000110110111101110010011011100110010101110010001000000110111101110010001000000110010001100101011100110111001101100101011100100111010000101110
1011111010100100110010101100100001000000100000101110000011100000110110001100101011100110010000001101001011011100010000001001010011001010110110001101100011110010010111001011111
10100000110000101110010011001010010000001100001011011100110010000100000011000110110111101110010011001010010000001110011011011110110110101100101001000000111011101100101011011000110110000100000011100110110100001100001011100000110010101100100001000000110000101110000011100000110110001100101011100110011101100100000011100000110100101110000011100000110100101101110011100110010110000100000011011110111001000100000011001110110111101101100011001000110010101101110001000000111001001100101011011100110111001100101011101000111001100101100001000000110100101100110
11110010110111101110101001000000110100001100001011101100110010100100000011101000110100001100101011011010010110000100000011000100111010101110100001000000110111101110100011010000110010101110010011100110010000001110111011010010110110001101100001000000110010001101111001110100010000001110100011010000111001001101111011101110010000001110100011010000110010101101101001000000110100101101110011101000110111100100000011101110110000101110100011001010111001000100000011000010111001100100000011110010110111101110101001000000110010001101111001000000111010001101000011001010110110100101110
10100000111010101110100001000000111010001101000011001010110110100100000011010010110111000100000011000010010000001110000011100100110010101110011011001010111001001110110011010010110111001100111001000000111000001100001011011100010110000100000011000010110111001100100001000000111011101101001011101000110100000100000011000010111001100100000011011000110100101110100011101000110110001100101001000000111011101100001011101000110010101110010001000000110000101110011001000000111011101101001011011000110110000100000011011110110111001101100011110010010000001101000011000010110110001100110
11000110110111101110110011001010111001000100000011101000110100001100101011011010010110000100000011011000110010101110100001000000111010001101000011001010110110100100000011000110110111101100100011001000110110001100101001110110010000001100001011011100110010000100000011101110110100001100101011011100010000001110100011010000110010100100000011011000110111101110111011001010111001000100000011100110110100101100100011001010010000001101001011100110010000001100100011011110110111001100101001011000010000001110100011101010111001001101110001000000111010001101000011001010110110100101110
10011110110001001110011011001010111001001110110011001010010000001110100011010000110000101110100001000000111010001101000011001010111100100100000011001000110111100100000011011100110111101110100001000000110110001101001011001010010000001110100011011110110111100100000011000110110110001101111011100110110010100100000011101110110100001100101011011100010000001100110011010010111001001110011011101000010000001110000011101010111010000100000011010010110111000101110001000000100110101101001011110000010000001110011011011110110110101100101
11100000110111101110101011011100110010001100101011001000010000001100011011011110110001101101000011010010110111001100101011000010110110000100000011101110110100101110100011010000010000001110100011010000110010100100000011101110110000101110100011001010111001000101100001000000110000101101110011001000010000001100010011011110110100101101100001000000111011101101001011101000110100000100000011101000110100001100101001000000110011001110010011101010110100101110100001011100010000001010111011010000110010101101110
1110011011101010110011001100110011010010110001101101001011001010110111001110100011011000111100100100000011001000110111101101110011001010010110000100000011101000110000101101011011001010010000001110100011010000110010101101101001000000110111101110101011101000010000001101111011011100010000001110100011010000110010100100000011001000110100101110011011010000010000001110100011010000110010101111001001000000110000101110010011001010010000001110100011011110010000001100010011001010010000001110011011001010111001001110110011001010110010000100000011010010110111000101100
11101000110100001100101001000000111001101110100011000010110110001101011001000000110010001101111011101110110111001110111011000010111001001100100011100110010111000100000010101000110000101101011011001010010000001110100011010000110010100100000011101110110000101110100011001010111001000101100001000000110000101101110011001000010000001101101011000010110101101100101001000000110000100100000011100100110100101100011011010000010000001101010011001010110110001101100011110010010000001101111011001100010000001101001011101000010000001110111011010010111010001101000
1101100011011110110000101100110001000000111001101110101011001110110000101110010001011000010000001100010011011110110100101101100011010010110111001100111001000000111010001101000011001010010000001110100011010000110100101101110001000000111001001101001011011100110010000100000011000010110111001100