01110101011100110110100000101100001000000100001001110010011010010111001101110100011011110110110000101100001000000011010100110000
11000010110111001101111011101000110100001100101011100100010000001100110011011110111001001100011011001010110110101100101011000010111010000100000011001100110111101110010001000000110001001100001011011000110110001110011001000000110111101110010001000000111000001100001011101000111010001101001011001010111001100101100001000000011010100110001
110000101101110011011110111010001101000011001010111001000101100001000000011010100110001
110000101101110011011110111010001101000011001010111001000101100001000000011010100110010
101111101001101011011110110111101110010010111110010000001100111011000010110110101100101001011000010000001110100011011110010000001110000011011110111010000101100001000000011100000110010
101111101001101011011110110111101110010010111110010000001101000011001010110111000100000011101000110111100100000011100100110111101100001011100110111010000101100001000000011100000110011
10111110100110101101111011100100110010101101100011011000110000101011111001000000110001101101000011001010111001001110010011010010110010101110011001011000010000001110100011011110010000001110000011100100110010101110011011001010111001001110110011001010010110000100000001100100011000000111001
101111101001101011101010110011001100110011010010110111001110011010111110010110000100000001100100011001000110111
10111110100110101110101011011000110110001100101011001000101111100100000011101110110100101101110011001010010110000100000001100100011011000110010
10111110100110101110101011100110110100001110010011011110110111101101101011100110101111100101100001000000111010001101111001000000110010001110010011110010010110000100000001100010011000100110101
110000101101110001000000110010101111000011000110110010101101100011011000110010101101110011101000010000001110111011000010111100100100000011101000110111100100000011100000110100101100011011010110110110001100101001011000010000001110100011011110010000001110000011100100110010101110011011001010111001001110110011001010010000001110100011010000110010100100000011001100110110001100001011101100110111101110101011100100010110000100000001100010011001000110100
11101000110111100100000011100110111010001100101011101110010110000100000001100010011001000110111
111000001101111011101110110010001100101011100100010110000100000001100010011000100110100
101111101001101011101010111001101110100011000010111001001100100010111110010110000100000011101000110111100100000011011010110000101101011011001010010110000100000001100010011000100111000
1100001011011100110111101110100011010000110010101110010001000000111011101100001011110010010000001100110011011110111001000100000011010010110110101101101011001010110010001101001011000010111010001100101001000000111010101110011011001010010110000100000001100010011000100111000
101111101001101011101010111010001110100011011110110111001011111001011000010000001110100011011110010000001100011011010000110111101101111011100110110010100101100001000000011001000110010
101111101001101011101010111010001110100011011110110111001011111001011000010000001100010011100100110010101100001011100110111010000101100001000000011011100110011
1100010011100100110111101110100011010000010110000100000001100100011010100110000
101001101100011011011110111010001100011011010000010110000100000001100010011000000110000
110001101101111011011000110110001101111011100000111001100101100001000000011011100110000
11000110111010101110100011011000110010101110100011100110010000001101001011011100010000001110100011010000110010100100000010100000110111101110010011101000111010101100111011101010110010101110011011001010010000001110111011000010111100100101100001000000011011100110101
1101000011000010110110100101100001000000011011100110101
110100001100001011100100111001001101001011000110110111100101100001000000011011100110000
1101000011000010111010101101110011000110110100000101100001000000011011000111001
1011000010000001100001011011100010000001100101011110000110001101100101011011000110110001100101011011100111010000100000011010000110111101110100011000110110100000100000011100000110111101110100011000110110100000101100001000000011011100110100
110000101101110011011110111010001101000011001010111001000101100001000000011011100110101
110110001100101011001110111001100101100001000000011011000111001
10110000100000011100100110111101101100011011000110010101100100001000000110110001101111011010010110111000101100001000000011011100110100
11011100110010101100011011010110111001100101100001000000011011000111001
1110000011010010110010100101100001000000011011100110001
1100001011011100110010000100000011100000110111101110100011000010111010001101111011001010010000001110000011010010110010100101100001000000011011100110001
111000001110101011001000110010001101001011011100110011100101100001000000011011100110001
11100110110000101110101011100110110000101100111011001010111001100101100001000000011011100110001
11100110110100001101111011101010110110001100100011001010111001000101100001000000110001001101111011010010110110001100101011001000010000001110111011010010111010001101000001000000110111101111001011100110111010001100101011100100111001100101100001000000011011100110011
1110011011101000110010101100001011010110111001100101100001000000011011100110010
1011111010011010111010101110100011101000110111101101110010111110010110000100000011100110111010001100101011000010110101101110011001000000110111101100110001011000010000001101111011100100010000001101100011000010110110101100010001000000110000101101110011001000010000001100011011101010110001101110101011011010110001001100101011100100111001100101100001000000011011100110100
100111000101110
1011111010011100110000101110011011101000111010101110010011101000110100101101111011011100111001101011111001011000010000001110100011011110010000001110000011010010110001101101011011011000110010100100000011001100110111101110010001000000110001101100001011100000110010101110010011100110010110000100000001100010011001000110011
10111110100111001100101011101110010000001100011011011110110110001101100011001010110011101100101010111110010000001110000011101010110010001100100011010010110111001100111011100110010110000100000001100010011010000110110
101111101001110011011110111001001100110011011110110110001101011010111110010000001110000011101010110111001100011011010000010110000100000001100100011010000110111
100111100101110
1011111010011110110000101110100011011010110010101100001011011000101111100100000011100000111010101100100011001000110100101101110011001110010110000100000001100010011010000110100
10111110100111101101101011011000110010101110100010111110010110000100000001100010011001100110110
1011111010011110110111001101001011011110110111001110011010111110010110000100000011100000110100101100011011010110110110001100101011001000010110000100000001100010011001000110001
1011000010000001110100011011110010000001110010011011110110000101110011011101000010110000100000001100010011001000110101
1110011011000010111010101100011011001010010110000100000001100010011000000111001
101100001000000111001101101100011010010110001101100101011001000010000001110111011010010111010001101000001000000110001101110101011000110111010101101101011000100110010101110010011100110010110000100000001100010011001000110010
1011000010000001100001011011100110111101110100011010000110010101110010001000000111011101100001011110010010110000100000001100010011001000110010
111001101101111011101010111000000101100001000000011100100110111
10110000100000011101000110111100100000011100110111010001100101011101110010110000100000001100010011001000110101
1011111010011110111001001100001011011100110011101100101011000010110010001100101010111110010110000100000001100100011010100110100
101111101001111011100100110000101101110011001110110010101011111001000000110001001110101011101000111010001100101011100100010110000100000001100010011001100110001
1100011011000010110101101100101011100110010110000100000001100100011000000111000
1100011011010000110010101100101011100110110010101100011011000010110101101100101011100110010110000100000001100010011100000110101
1100011011010000110100101110000011100110010110000100000001100100011000000111000
11001100110111101101111011011000010110000100000001100010011011100110001
1101010011001010110110001101100011110010010110000100000001100010011011000110111
110101001110101011010010110001101100101001011000010000001100010011101010111010001110100011001010111001001100101011001000010110000100000001100010011011100110011
11100000111010101100100011001000110100101101110011001110010110000100000001100010011010000110011
11000010110111001101111011101000110100001100101011100100010110000100000001100010011010000110011
11000010110111001101111011101000110100001100101011100100010110000100000001100010011010000110011
1110011011110010111001001110101011100000010110000100000001100100011010000110111
11101000110000101110010011101000010110000100000001100010011011100111001
1011111010011110111001001100001011011100110011101100101011100110101111100101100001000000111010001101111001000000110001001110101011101000111010001100101011100100010110000100000001100010011011100110011
1110100011011110010000001101011011001010110010101110000001011000010000001100110011011110111001000100000011100000111010101100100011001000110100101101110011001110111001100101100001000000010011001100011001011100010110000100000001100010011100000110110
10110000100000011101000110111100100000011100000111001001100101011100000110000101110010011001010010000001110100011011110010000001110000011101010111010000100000011010010110111001110100011011110010000001110000011101010110010001100100011010010110111001100111011100110010110000100000001100010011100100110101
111000001110010011001010111001101100101011100100111011001100101011001000010110000100000011101000110111100100000011001100110100101101100011011000011101100100000011000010010000001100011011011110111001001101110011001010111001000100000011001000110100101110011011010000010110000100000001100010011011100111000
10111110100111101110010011000010110111001100111011001010111001101011111001011000010000001110100011011110010000001110000011100100110010101110011011001010111001001110110011001010010000001101001011011100010000001101010011001010110110001101100011110010010110000100000001100100011000000110111
101111101001111011100100110011