00111001001101111011011010010000001110100011010000110010101101001011100100010000001101111011101110110111000100000011001110110000101110010011001000110010101101110011100110010000001101101011000010111100100100000011011100110111101110100001000000110100001100001011101100110010100100000011000010010000001110011011101010110011001100110011010010110001101101001011001010110111001100011011110010010000001110100011011110010000001100110011010010110110001101100
11101000110100001100101001000000110001001100001011100100111001001100101011011000010000001100001011101000010000001101111011011100110001101100101001011100010000001010100011010000110010100100000011101110110100101101110011001010010000001110111011010010110110001101100001000000110111001101111011101000010000001100010011001010010000001101000011101010111001001110100001000000110100101100110001000000110110101100001011001000110010100100000011010010110111000100000011101000110100001100101001000000111000001100001011011100010110000100000011010010110111000100000011101000110100001100101
11000010110001001101111011101100110010100100000011100000111001001101111011100000110111101110010011101000110100101101111011011100111001100101100001000000110000101101110011001000010000001100001011001000110010001100101011001000010000001100001011100110010000001110100011010000110010100100000011001100111001001110101011010010111010000100000011100100110100101110000011001010110111001110011001011000010000001100001011011100110010000100000011000110110000101101110001000000110001001100101001000000110011101100001011101000110100001100101011100100110010101100100001000000110100101101110
11001000111001001111001001000000111011101100101011000010111010001101000011001010111001000101110001000000100101101100101011001010111000000100000011000010110111000100000011000010110001101100011011011110111010101101110011101000010000001101111011001100010000001110111011010000110000101110100001000000110100101110011001000000111000001110101011101000010000001101001011011100010000001100101011000010110001101101000001000000111010001101001011011010110010100101110
101111101001001011011010111000001100101011100100110100101100001011011000010111001011111
10100000111010101110100001000000111010001110111011011110010000001101111011101010110111001100011011001010111001100100000011011110110011000100000011000110111001001100101011000010110110100100000011011110110011000100000011101000110000101110010011101000110000101110010001011000010000001100001011011100110010000100000011101000110100001100101001000000110101001110101011010010110001101100101001000000110000101101110011001000010000001110000011000010111001001101001011011100110011100100000011011110110011000100000011101000111011101101111
11011000110010101101101011011110110111001110011001000000110100101101110011101000110111100100000011000010010000001110011011101000110111101101110011001010110101001100001011100100011101100100000011100000110111101110101011100100010000001101111011011100010000001110100011010000110010101101101001000000111001101100101011101100110010101101110001000000111000101110101011000010111001001110100011100110010000001101111011001100010000001100010011011110110100101101100011010010110111001100111001000000111011101100001011101000110010101110010001011000010000001110011011101000110100101110010
1100001011011100110010000100000011000110110111101110110011001010111001000100000011000110110110001101111011100110110010100101110001000000101011101101000011001010110111000100000011000110110111101101100011001000010110000100000011100110111011101100101011001010111010001100101011011100010000001110111011010010111010001101000001000000110110001101111011000010110011000100000011100110111010101100111011000010111001000101100001000000110000101101110011001000010000001110011011101000111001001100001011010010110111001101001011011100110011100100000011010010111010000101100
1100010011011110111010001110100011011000110010100100000011000010110111001100100001000000110001101101111011100100110101100100000011010010111010000100000011101000110100101100111011010000111010000101110
101010001101000011010010111001100100000011010010111001100100000011000010010000001110110011001010111001001111001001000000111000001101100011001010110000101110011011000010110111001110100001000000110110001101001011100010111010101101111011100100010110000100000011000010110111001100100001000000111011001100101011100100111100100100000011101110110100001101111011011000110010101110011011011110110110101100101001110110010000001100010011101010111010000100000011001100111001001101111011011010010000001110100011010000110010100100000011011000110000101110100011101000110010101110010
110001101101111011011100111001101101001011001000110010101110010011000010111010001101001011011110110111000100000011101110110000101110011001000000110000101110100001000000110111101101110011001010010000001110100011010010110110101100101001000000110010001110010011000010110111001101011001000000110100101101110001000000111001101110101011000110110100000100000011100010111010101100001011011100111010001101001011101000110100101100101011100110010110000100000011000010111001100100000011101000110111100100000011000100110010101100011011011110110110101100101
1101001011011100110101001110101011100100110100101101111011101010111001100101110001000000100000101100100011001000010110000100000011010010110111000100000011000100110111101110100011101000110110001101001011011100110011100101100001000000110100001100001011011000110011000100000011000010010000001110000011010010110111001110100001000000110111101100110001000000111001001110101011011010010000001110100011011110010000001110100011010000110010100100000011101110110100001101111011011000110010100100000011100010111010101100001011011100111010001101001011101000111100100101110
101111101000101011110000110001101100101011011000110110001100101011011100111010000100000010001110110100101101110011001110110010101110010011101110110100101101110011001010010111001011111
10100000111010101110100001000000110100101101110011101000110111100100000011000010010000001110110011001010111001001111001001000000110111001101001011000110110010100100000011000100110111101101001011011000110010101110010001000000111010001100101011011100010000001100111011000010110110001101100011011110110111001110011001000000110111101100110001000000111011101100001011101000110010101110010001011000010000001110100011101110110010101101100011101100110010100100000011100000110111101110101011011100110010001110011001000000110000101101110011001000010000001100001
11010000110000101101100011001100010000001101111011001100010000001101100011101010110110101110000001000000111001101110101011001110110000101110010001011000010000001110111011010010111010001101000001000000111010001101000011001010010000001110111011010000110100101110100011001010111001100100000011011110110011000100000011100110110100101111000001000000110111101110010001000000110010101101001011001110110100001110100001000000110010101100111011001110111001100100000011101110110010101101100011011000010000001100010011001010110000101110100011001010110111000100000011000010110111001100100
111001101110100011100100110000101101001011011100110010101100100001110110010000001101101011010010111100000100000011000010110110001101100001000000111011101100101011011000110110000100000011101110110100001101001011011000110010100100000011000110110111101101100011001000011101100100000011101110110100001100101011011100010000001110100011010000110010100100000011011000110100101110001011101010110111101110010001000000110001001101111011010010110110001110011001011000010000001110011011010110110100101101101001000000110100101110100001000000111011101100101011011000110110000111011
11100000111010101110100001000000110100101101110001000000110100001100001011011000110011000100000011000010010000001110000011011110111010101101110011001000010000001101111011001100010000001100011011011110110110101101101011011110110111000100000011101110110100001101001011101000110010100100000011001110110100101101110011001110110010101110010001000000110001001110010011101010110100101110011011001010110010000101100001000000110001001101111011010010110110000100000011010010111010000100000011101000111011101100101011011100111010001111001
1101101011010010110111001110101011101000110010101110011001011100010000001001000011000010111011001100101001000000111001001100101011000010110010001111001001000000111010001101000011001010010000001110110011001010111001001111001001000000111010001101000011010010110111000100000011100100110100101101110011001000111001100100000011011110110011000100000011101000110010101101110001000000110110001100101011011010110111101101110011100110010110000100000011000010110111001100100001000000111000001101111011101010111001000100000011101000110100001100101
110110001101001011100010111010101101111011100100010000001101111011011100010000001110100011010000110010101101101001110110010000001110111011010000110010101101110001000000101111101100011011011110110111101101100010111110010110000100000011101000111010101110010011011100010000001101001011101000010000001110111011010010111010001101000001000000111010001110111011011110010000001110011011100000110111101101111011011100110011001110101011011000111001100100000011011110110011000100000011110010110010101100001011100110111010000111011001000000111000001110101011101000010000001100001
111000101110101011000010111001001110100001000000110111101100110001000000111010001101000011001010010000001101100011010010111000101110101011011110111001000100000011101000110111100100000011101000111011101101111001000000110111101110101011011100110001101100101011100110010000001101111011001100010000001101001011100110110100101101110011001110110110001100001011100110111001100100000011100110110100001100001011101100110100101101110011001110111001100101100001000000111011101101000011010010110110001100101001000000111011101100001011100100110110100101100
1011111011101110110100001101001011100110110101101011111001000000110100101110100001000000111011101100101011011000110110000100000011101000110100001110010011001010110010100100000011011110111001000100000011001100110111101110101011100100010000001110100011010010110110101100101011100110010110000100000011000010110111001100100001000000111000001101111011101010111001000100000011000010110110001101100001000000111010001101111011001110110010101110100011010000110010101110010001000000110100101101110011101000110111