10001101111011011110110101100100000011001000111001001111001001110110010000001110100011000010110101101100101001000000110111101110101011101000010000001110100011010000110010100100000011100110111010001101111011011100110010101110011
11000010110111001100100001000000110000101100100011001000010000001110100011010000110010100100000011100110111010101100111011000010111001000101100001000000111001101110100011010010111001000100000011010010111010000100000011101110110010101101100011011000010000001101001011011100010110000100000011000010110111001100100001000000111001101101001011011010110110101100101011100100010000001110100011101110110111100100000011010000110111101110101011100100111001100100000011100110110110001101111011101110110110001111001001011000010000001110100011010000110010101101110
110001001101111011010010110110000100000011010010111010000100000011100010111010101101001011000110110101101101100011110010010000001101000011000010110110001100110001000000110000101101110001000000110100001101111011101010111001000101100001000000111010001101001011011000110110000100000011101000110100001100101001000000111001101101001011001000110010101110011001000000110111101100110001000000111010001101000011001010010000001110000011000010110111000100000011000110110000101101110011001000111100100111011001000000111000001101111011101010111001000100000011101000110100001100101
11010100110000101101101001000000111010001101000011001010110111000100000011010010110111001110100011011110010000001110000011011110111010001110100011010010110111001100111001000000111000001100001011011100111001100100000011011110111001000100000011001000110100101110011011010000110010101110011001011000010000001100001011000100110111101110101011101000010000001100001011011100010000001101001011011100110001101101000001000000111010001101000011010010110001101101011001011000010000001110011011011110010000001110100011010000110000101110100001000000110100101110100
1101101011000010111100100100000011000110111010101110100001000000110011001101001011100100110110100101110001000000100100101100110001000000111010001101000011001010010000001110011011010110110100101101110011100110010000001100010011001010010000001100100011010010111001101101100011010010110101101100101011001000010110000100000011101000110100001100101011011100010000001110100011010000110010100100000011010100111010101101001011000110110010100100000011010010111001100100000011011100110111101110100001000000111010001101111001000000110001001100101
111010001100001011010110110010101101110001000000110111101110101011101000011101100100000011000100111010101110100001000000110000101100110011101000110010101110010001000000111010001101000011001010010000001100110011010010111001001110011011101000010000001110000011100100110111101100011011001010111001101110011001011000010000001110100011010000110010100100000011001100111001001110101011010010111010000100000011010010111001100100000011101000110111100100000011000100110010100100000011100000111010101101100011100000110010101100100
11101000110100001110010011011110111010101100111011010000010000001100001001000000111011001100101011100100111100100100000011000110110111101100001011100100111001101100101001000000111001101101001011001010111011001100101001000000111011101101001011101000110100000100000011101000110100001100101001000000110101001110101011010010110001101100101001011000010000001100001011011100110010000100000011011010110000101101110011000010110011101100101011001000010000001100001011100110010000001100001011000100110111101110110011001010010111000100000010101000110100001100101
11100110111010001101111011011100110010101110011001000000110000101110010011001010010000001110100011011110010000001100010011001010010000001100011011100100110000101100011011010110110010101100100001011000010000001101111011100100010000001110011011011110110110101100101001000000110111101100110001000000111010001101000011001010110110100101100001000000110000101101110011001000010000001110100011010000110010100100000011010110110010101110010011011100110010101101100011100110010000001100010011011110110100101101100011001010110010000100000011010010110111000100000011101000110100001100101
11010100110000101101101001011100010000001000001011011000110110000100000011101000110100001100101001000000110101001110101011010010110001101100101001000000110110101100001011110010010000001100010011001010010000001101100011001010110011001110100001000000110100101101110001000000110000101101110011001000010000001100010011011110110100101101100011001010110010000100000011101000110111100100000011001010111011001100001011100000110111101110010011000010111010001100101001011000010000001100010011101010111010000100000011001000110111100100000011011100110111101110100
1100001011001000110010000100000011101000110100001100101001000000111001101110101011001110110000101110010001000000111010101101110011101000110100101101100001000000110100101110100001000000110100001100001011100110010000001100100011011110110111001100101001000000111001101101111001011100010000001010100011010000110010100100000011000010110001001101111011101100110010100100000011011000110111101101111011010110111001100100000011101110110010101101100011011000010000001101001011011100010000001110011011010000110000101110000011001010111001100101110
1011111010000100110100101110011011000110111010101101001011101000010000001101111011001100010000001000110011100100111010101101001011101000010111001011111
10101000110111100100000011101000110100001100101001000000111000001110101011011000111000000100000011011110110011000100000011000010110111001111001001000000111001101100011011000010110110001100100011001010110010000100000011001100111001001110101011010010111010000101100001000000111000001110101011101000010000001100101011100010111010101100001011011000010000001110111011001010110100101100111011010000111010000100000011011110110011000100000011100110111010101100111011000010111001000100000011100110110100101100110011101000110010101100100001011000010000001100010011001010110000101110100
11010010111010000100000011001100110111101110010001000000111010001110111011011110010000001101000011011110111010101110010011100110010110000100000011101000110100001100101011011100010000001110000011101010111010000100000011010010111010000100000011010010110111001110100011011110010000001101100011010010111010001110100011011000110010100100000011101110110100001101001011101000110010100100000011100000110000101110000011001010111001000100000011001100110111101110010011011010111001100111010001000000110010001110010011110010010000001101001011011100010000001100001
1100011011011110110111101101100001000000110111101110110011001010110111000101100001000000111010001110101011100100110111000100000011101000110100001100101001000000110111001100101011110000111010000100000011001000110000101111001001011000010000001100001011011100110010000100000011010010110111000100000011101000111011101101111001000000110111101110010001000000111010001101000011100100110010101100101001000000110010001100001011110010111001100100000011000100110111101111000001000000111010001101000011001010110110100101110
101111101001101011000010110011101101110011101010110110100100000010000100110111101101110011101010110110100100000010100000110110001110101011011010111001100101110001000000100010101111000011000110110010101101100011011000110010101101110011101000010000001100001011100110010000001100001001000000101001101110111011001010110010101110100011011010110010101100001011101000010110000100000011011110111001000100000011010010110111000100000010101000110000101110010011101000111001100101100001000000111010001101000011011110111010101100111011010000010000001110110011001010111001001111001
1100010011000010110010000100000011101000110111100100000011001010110000101110100001000000111001001100001011101110010111001011111
1010000011100100110100101100011011010110010000001110100011010000110010101101101001000000111011101101001011101000110100000100000011000010010000001101110011001010110010101100100011011000110010100101100001000000111010001101111001000000111000001110010011001010111011001100101011011100111010000100000011000100111010101110010011100110111010001101001011011100110011100101100001000000111001101101001011011010110110101100101011100100010000001110100011010000110010101101101001000000111011001100101011100100111100100100000011001110110010101101110011101000110110001111001
1101001011011100010000001100001001000000111010001101000011010010110111000100000011100110111100101110010011101010111000000111011001000000111000001110101011101000010000001110100011010000110010101101101001000000110100101101110001000000110000100100000010000110110100001101001011011100110000100100000011000100110111101110111011011000010110000100000011000010110111001100100001000000111011101101000011001010110111000100000011000110110111101101100011001000010000001110000011011110111010101110010001000000110100101110100001000000110111101110110011001010111001000101110
1001100011001010111010000100000011101000110100001100101011011010010000001101100011010010110010100100000011101000110100001110010011001010110010100100000011001000110000101111001011100110011101100100000011101000110100001100101011011100010000001101101011000010110101101100101001000000110000100100000011100110111100101110010011101010111000000100000011011110110011000100000011101000110100001110010011001010110010100100000011100000110111101110101011011100110010001110011001000000110111101100110001000000111001101110101011001110110000101110010001000000111010001101111
11001100110100101110110011001010010000001101111011001100010000001100110011100100111010101101001011101000010110000100000011101110110100101110100011010000010000001101110011011110010000001101101011011110111001001100101001000000111011101100001011101000110010101110010001000000111010001101000011000010110111000100000011010000110000101101110011001110111001100100000011101000110111100100000011011000110000101110010011001110110010100100000011011000111010101101101011100000111001100100000011011110110011000100000011101000110100001100101001000000111001101110101011001110110000101110010
110010001101001011100000111000001100101011001000010000001110001011101010110100101100011011010110110110001111001001011000010000001100001011011100110010000100000011010010110111001110011011101000110000101101110011101000110110001111001001000000110001001110010011011110111010101100111011010000111010000100000011011110111010101110