00111001101111011101000110010100101110010111110010000001010011011101010110011101100001011100100010000001100111011010010111011001100101011100110010000001100001001000000110011101110010011001010110000101110100011001010111001000100000011100110110100001101111011100100111010001101110011001010111001101110011001011000010000001100001011011100110010000100000011000100110010101110100011101000110010101110010001000000110011001101100011000010111011001101111011100100010000001110100011011110010000001101101011001010110000101110100011100110010000001110100011010000110000101101110
111001101100001011011000111010000101100001000000111010001101111011011110010000001100111011100100110010101100001011101000010000001100001001000000111000101110101011000010110111001110100011010010111010001111001001000000110111101100110001000000111011101101000011010010110001101101000001000000110100001100001011100100110010001100101011011100111001100111011001000000110000101101110011001000010000001101001011101000010000001101001011100110010000001110001011101010110100101110100011001010010000001100001011100110010000001100111011100100110010101100001011101000010000001100001
1110000011100100110010101110011011001010111001001110110011000010111010001101001011101100110010100101110
1011111010010000110000101110101011011100110001101101000001011000010000001001110011001010110001101101011001000000110000101101110011001000010000001010011011010000110111101110101011011000110010001100101011100100111001100100000011011110110011000100000010101100110010101101110011010010111001101101111011011100010111001011111
101001001101111011000010111001101110100001000000111011101101001011101000110100000100000011100000110000101110011011101000110010100101100001000000110000101110011001000000110010001101001011100100110010101100011011101000110010101100100001000000110000101100010011011110111011001100101001011000010000001100001011011100110010000100000011101000110100001100101001000000111001101100001011011010110010100100000011100110110000101110101011000110110010100101110
10111110101001101110100011001010111011101100101011001000010000001010011011010000110111101110101011011000110010001100101011100100010111001011111
1001100011001010111010000100000011101000110100001100101001000000110110101100101011000010111010000100000011010000110000101101110011001110010000001110100011010010110110001101100001000000111100101101111011101010010000001101010011101010110010001100111011001010010000001110000011100100110111101110000011001010111001000100000011101000110111100100000011001000111001001100101011100110111001100100000011010010111010000101100001000000111010001101000011001010110111000100000011101000110000101101011011001010010000001101111011101010111010000100000011101000110100001100101
1100010011011110110111001100101001110100010000001100010011001010110000101110100001000000111010001101000011001010010000001101101011001010110000101110100001000000111011101101001011101000110100000100000011000010010000001110010011011110110110001101100011010010110111001100111001000000111000001101001011011100010111000100000010011000110000101111001001000000111001101101111011011010110010100100000011100110110110001101001011000110110010101110011001000000110111101100110001000000110110101110101011101000111010001101111011011100010000001100110011000010111010000101100
11101000110100001100001011101000010000001101000011000010111001100100000011011000110000101101001011011100010000001100001001000000110011001100101011101110010000001101000011011110111010101110010011100110010000001101001011011100010000001100001001000000110110001101001011101000111010001101100011001010010000001110000011011110111001001110100001000000111011101101001011011100110010100101100001000000110000101101101011011110110111001100111001000000110100101110100001110100010000001110011011100000111001001101001011011100110101101101100011001010010000001100001
11011000110100101110100011101000110110001100101001000000110001001101100011000010110001101101011001000000110000101101110011001000010000001001010011000010110110101100001011010010110001101100001001000000111000001100101011100000111000001100101011100100010000001101111011101100110010101110010001000000110100101110100001011000010000001101001011011100010000001100110011010010110111001100101011100110111010000100000011100000110111101110111011001000110010101110010001110100010000001110010011011110110110001101100001000000110100101110100001000000111010101110000
1110100011010010110011101101000011101000010110000100000011000010110111001100100001000000110011001101001011011000110110001100101011101000010000001101001011101000010111000100000010100110110010101110100001000000110100101110100001000000110100101101110001000000110000100100000011100110111010001100101011101110111000001100001011011100010000001110100011010000110000101110100001000000111011101101001011011000110110000100000011011110110111001101100011110010010000001101010011101010111001101110100001000000110100001101111011011000110010000100000011010010111010000101100
111011101101001011101000110100000100000011100110110111101101101011001010010000001101101011101010111010001110100011011110110111000100000011011110111001000100000011000100110010101100101011001100010000001100111011100100110000101110110011110010010110000100000011011100110111101110100001000000111001101110100011100100110111101101110011001110010110000100000011010000110000101101100011001100010000001100001001000000111000001101001011011100111010000100000011011110110011000100000011100000110111101110010011101000010110000100000011000010110111001100100
111001101101111011011010110010100100000011100000110010101110000011100000110010101110010001000000110000101101110011001000010000001110000011010010110110101100101011011100111010001101111001011100010000001010011011010010110110101101101011001010111001000101100001000000110001101101100011011110111001101100101001000000110001101101111011101100110010101110010011001010110010000101100001000000110000101101110011001000010000001100001011100110010000001110011011011000110111101110111001000000110000101110011001000000111100101101111011101010010000001100011011000010110111000101100
1100110011011110111001000100000011101000110100001110010011001010110010100100000011011110111001000100000011001100110111101110101011100100010000001101000011011110111010101110010011100110010111000100000010101110110100001100101011011100010000001110001011101010110100101110100011001010010000001110100011001010110111001100100011001010111001000101100001000000111010001100001011010110110010100100000011011110110011001100110001000000111010001101000011001010010000001110100011000010111000001100101001011000010000001110011011001010111010000100000011101000110100001100101
11011010110010101100001011101000010000001101111011011100010000001100001001000000110010001101001011100110110100000101100001000000110000101101110011001000010000001110011011101000111001001100001011010010110111000100000011101000110100001100101001000000110011101110010011000010111011001111001001000000110111101110110011001010111001000101110001000000101001101100101011100100111011001100101001000000111011101101001011101000110100000100000011000110111010101110010011100100110000101101110011101000110101001100101011011000110110001111001
11100110110000101110101011000110110010100101110
101010001101000011010010111001100100000011010010111001100100000011101000110100001100101001000000110001001100101011100110111010000100000011101110110000101111001001000000111010001101111001000000110010001110010011001010111001101110011001000000111010001101000011010010111001100100000011010100110111101101001011011100111010000101100001000000111010101101110011011000110010101110011011100110010000001101001011101000010000001100010011001010010000001110110011001010111001001111001001000000110011001100001011101000010110000100000011000010110111001100100
1110100011010000110010101101110001000000110100101110100001000000111001101101000011011110111010101101100011001000010000001100010011001010010000001110010011011110110000101110011011101000110010101100100001011100010000001010100011010000110010100100000011000100110111101101110011001010010000001110011011010000110111101110101011011000110010000100000011000100110010100100000011100110111010001100101011101110110010101100100001000000111011101101001011101000110100000100000011010010111010000101110
1011111010101000110111100100000011100000111001001100101011100000110000101110010011001010010000001010110011001010110111001101001011100110110111101101110001000000110011001101111011100100010000001010000011000010111001101110100011110010010111001011111
10101000110000101101011011001010010000001110100011010000110010100100000011000100110111101101110011001010111001100100000011011110111010101110100001011000010000001110100011010000110010101101110001000000111001101100101011000010111001101101111011011100010000001100001011011100110010000100000011000100110010101100001011101000010000001110100011010000110010100100000011011010110010101100001011101000010111000100000010011000110000101111001001000000110100101110100001000000110100101101110001000000110000100100000011100110111010001101111011011100110010100100000011010100110000101110010
110100101101110001000000110110001100001011100100110011101100101001000000111000001101001011001010110001101100101011100110011101000100000011100000110111101110101011100100010000001110101011100000110111101101110001000000110100101110100001000000111001101101111011011010110010100100000011100000110110001100001011010010110111000100000011001000111001001100001011101110110111000100000011000100110010101100101011001100010000001100111011100100110000101110110011110010010110000100000011000100111010101110100001000000110111001101111011101000010000001100001
111001101110100011100100110111101101110011001110010000001101111011011100110010100111010001000000110110001100001011110010010000001110100011010000110010100100000011000100110111101101110011001010111001100100000011011110110111000100000011101000110111101110000001011000010000001110100011010000110010101101110001000000111001101100101011101000010000001110100011010000110010100100000011010100110000101110010001000000110100101101110001000000110000100100000011101110110000101110100011001010111001001100010011000010111010001101000001011000010000001110100011010000110000101110100
11010010111001100101100001000000110000100100000011100110110000101110101011000110110010101