1001000110100101110100011101000110111100100000011011110110011000100000011000100110000101111001
111001101100001011011000111010000101100001000000110111001101111011101000010000001110001011101010110100101110100011001010010000001110011011011110010000001101101011101010110001101101000001000000110000101110011001000000110100001100001011011000110011000100000011000010010000001110000011011110111010101101110011001000010000001101111011001100010000001110011011000010110110001110100011100000110010101110100011100100110010100101100001000000110000101101110011001000010000001100001001000000111000001101111011101010110111001100100001000000110111101100110
11000110110111101101101011011010110111101101110001000000111001101100001011011000111010000101100001000000110000101101110011001000010000001110010011101010110001000100000011010010111010000100000011101110110010101101100011011000010000001101111011011100010000001110100011010000110010100100000011000100110000101100011011011110110111000101100001000000111010001110101011100100110111001101001011011100110011100100000011010010111010000100000011001010111011001100101011100100111100100100000011001000110000101111001001000000110011001101111011100100010000001100001
110110101101111011011100111010001101000001110110010000001110100011010000110010101101110001000000110100001100001011011100110011100100000011010010111010000100000011101000110111100100000011001000111001001111001001011000010000001100001011011100110010000100000011000010110011001110100011001010111001001110111011000010111001001100100011100110010000001110011011011010110111101101011011001010010000001101001011101000010000001110100011001010110111000100000011001000110000101111001011100110010111000100000010101000110100001100101001000000110000101100010011011110111011001100101
1110011011000010110110001110100011100110010000001100001011100100110010100100000011001100110111101110010001000000111010001101000011001010010000001110111011010000110111101101100011001010010000001101000011011110110011100101110
101111101010100011011110010000001110000011010010110001101101011011011000110010100100000010100000110111101110010011010110010111001011111
101010001101000011001010010000001110001011101010110000101101110011101000110100101110100011010010110010101110011001000000111000001110010011011110111000001101111011100100111010001101001011011110110111001100101011001000010000001110100011011110010000001110100011010000110010100100000011011010110100101100100011001000110110001101001011011100110011101110011001000000110111101100110001000000110000100100000011100000111001001100101011101000111010001111001001000000110110001100001011100100110011101100101001000000110100001101111011001110011101100100000011101000110100001100101
11010000110000101101101011100110010000001100001011011100110010000100000011100110110100001101111011101010110110001100100011001010111001001110011001000000110001001100101011010010110111001100111001000000110001101110101011101000010000001101111011001100110011000101110
100110101101001011110000010000001100001011011100110010000100000011100000110111101110101011011100110010000100000011001100110100101101110011001010010000001100110011011110111010101110010001000000110111101110101011011100110001101100101011100110010000001101111011001100010000001110011011000010110110001110100011100000110010101110100011100100110010100101100001000000110111101101110011001010010000001110000011011110111010101101110011001000010000001101111011001100010000001100011011011110110000101110010011100110110010100100000011100110111010101100111011000010111001000101100
110111101101110011001010010000001101111011101010110111001100011011001010010000001101111011001100010000001110011011000010110110000100000011100000111001001110101011011100110010101101100001011000010000001100001011011100110010000100000011000010010000001101100011010010111010001110100011011000110010100100000011000110110111101101101011011010110111101101110001000000111001101100001011011000111010000101110001000000100100001100001011101100110100101101110011001110010000001110011011100000111001001101001011011100110101101101100011001010110010000100000011101000110100001100101
11100000110111101110010011010110010000001110111011010010111010001101000001000000111001101100001011011000111010000101100001000000110000101101110011001000010000001100100011100100110000101101001011011100110010101100100001000000110100101110100001000000111010001110111011001010110111001110100011110010010000001100110011011110111010101110010001000000110100001101111011101010111001001110011001011000010000001110010011101010110001000100000011010010111010000100000011101110110100101110100011010000010000001110100011010000110010100100000011000010110001001101111011101100110010100101100
11000010110111001100100001000000111010001101000011001010110111000100000011100000110000101100011011010110010000001110100011010000110010100100000011100000110100101100101011000110110010101110011001000000110110001101001011001110110100001110100001000000110100101101110001000000110000100100000011100110110110101100001011011000110110000100000011001000110010101100101011100000010000001110100011101010110001000101100001000000110011001101001011011000110110001101001011011100110011100100000011101010111000000100000011101000110100001100101
11100110111000001100001011000110110010101110011001000000111011101101001011101000110100000100000011000110110111101101101011011010110111101101110001000000111001101100001011011000111010000101110001000000101000001101100011000010110001101100101001000000110110001100001011100100110011101100101001000000111000001100101011000100110001001101100011001010111001100100000011011110110111000100000011101000110100001100101001000000111000001101111011100100110101100101100001000000111010001101111001000000111000001110010011001010111011001100101011011100111010000100000011010010111010001110011
11100110111011101101001011011010110110101101001011011100110011100100000011010010110111000100000011101000110100001100101001000000111000001101001011000110110101101101100011001010010000001110111011010000110100101100011011010000010000001110100011010000110010100100000011100110110000101101100011101000010000001110111011010010110110001101100001000000111000001110010011011110110010001110101011000110110010100101110
101111101010011011000010111010101110011011000010110011101100101011100110010111001011111
1000011011010000110111101110000001000000110011001100001011101000010000001100001011011100110010000100000011011000110010101100001011011100010000001101111011001100010000001110000011011110111001001101011001110100010000001110011011001010110000101110011011011110110111000100000011101110110100101110100011010000010000001110011011000010110011101100101001011000010000001110000011001010111000001110000011001010111001000101100001000000110000101101110011001000010000001110011011000010110110001110100001110110010000001100001011011100110010000100000011110010110111101110101
110110101100001011110010010000001100001011001000110010000100000011101000111011101101111001000000110111101110010001000000111010001101000011100100110010101100101001000000111000001101001011011010110010101101110011101000110111101110011001011100010000001011111010010000110000101101100011001100010000001100110011010010110110001101100010111110010000001101000011011110110011111100010100000001001100101110011001000000110011101110101011101000111001100101100001000000111010001101000011000010111010000100000011010000110000101110110011001010010000001100010011001010110010101101110
11100110110111101100001011010110110010101100100001000000110000101101110011001000010000001101101011000010110010001100101001000000110010101111000011101000111001001100101011011010110010101101100011110010010000001100011011011000110010101100001011011100011101000100000011011110111001000100000011101000110100001100101001000000110110101100101011000010111010000100000011011010110000101111001001000000110001001100101001000000110101101100101011100000111010000100000011010010110111000100000011000010010000001110110011001010111001001111001001000000111001101101101011000010110110001101100
111000001100001011011100010110000100000011000110110110001101111011100110110010101101100011110010010000001100011011011110111011001100101011100100110010101100100001110110010000001100001011011100110010000100000011100110110111100100000011100100110111101101100011011000110010101100100001000000110000101101110011001000010000001100100011101010111001101110100011001010110010000100000011101110110100101110100011010000010000001100001001000000111011001100101011100100111100100100000011011000110100101110100011101000110110001100101001000000110011001101100011011110111010101110010
1100010011001010110011001101111011100100110010100100000011101000110100001100101011110010010000001100001011100100110010100100000011001100111001001101001011001010110010000101110
101111101000001011011100010000001100101011110000110001101100101011011000110110001100101011011100111010000100000010100110110000101110101011100110110000101100111011001010010000001110100011011110010000001100101011000010111010000100000011000110110111101101100011001000010111001011111
10100110110010101100001011100110110111101101110001000000110011001100001011101000010000001100001011011100110010000100000011011000110010101100001011011100010000001110000011011110111001001101011001000000111011101101001011101000110100000100000011100110110111101101101011001010010000001110011011000010110110001110100001011000010000001110011011000010110110001110100011100000110010101110100011100100110010100101100001000000110001001101100011000010110001101101011001000000110000101101110011001000010000001001010011000010110110101100001011010010110001101100001
1110000011001010111000001110000011001010111001000101100001000000110000101101100011011000010000001101001011011100010000001100110011010010110111001100101011100110111010000100000011100000110111101110111011001000110010101110010001011000010000001100001011011100110010000100000011101110110010101101100011011000010000001110010011101010110001001100010011001010110010000100000011010010110111001110100011011110010000001110100011010000110010100100000011011010110010101100001011101000010111000100000010101000110100001100101001000000111001101101001011110000111010001101000
11001000110000101111001001000000110001101110101011101000010000001101001011101000010000001110011011011010110000101101100011011000010110000