0010011000000110111
10110000100000011100000111010101100100011001000110100101101110011001110010110000100000001100010011010000111000
111011101101001011101000110100000100000011011010110010101100001011101000010110000100000001100010011010000111000
101100001000000110111101110010011000010110111001100111011001010010110000100000001100010011001100110001
101111101000010011101010111010001110100011001010111001001101101011010010110110001101011010111110010110000100000001100100011001100110011
101100001000000111011101101001011101000110100000100000011000100111001001100101011000010110010000100000011011110111001000100000011101110110100101110100011010000110111101110101011101000010110000100000001100100011011000110011
1011000010000001000100011100100010111000100000010000100110111101100101011100100110100001100001011000010111011001100101111000101000000010011001011100110010000001110011011101110110010101100101011101000010110000100000001100100011011000110011
10110000100000011100000111010101100100011001000110100101101110011001110010110000100000001100010011010100110101
100001100101110
1011111010000110110000101100010011000100110000101100111011001010101111100101100001000000010100001110010011001010110010000101001001000000111010001101111001000000111000001101001011000110110101101101100011001010010110000100000001100010011001000110100
10110000100000011101000110111100100000011100110111010001100101011101110010110000100000001100010011001000110110
100001101000001010010110100010101010011001011000010000000110010001100010011001000100000011101000110111100100000001100100011001000111001
1011000010000001101111011000100111001101100101011100100111011001100001011101000110100101101111011011100111001100100000011011110110111000100000011011010110000101101011011010010110111001100111001000000110000101101110011001000010000001100010011000010110101101101001011011100110011100100000011101000110100001100101011011010010110000100000001100100011000100110010
101100001000000110000100100000011101100110010101110010011110010010000001100110011010010110111001100101001000000110111101101110011001010010110000100000001100100011000100110101
1011000010000001100001011011100010000001100101011110000110001101100101011011000110110001100101011011100111010000100000011000010110111001100100001000000110110001100101011100110111001100100000011001010111100001110000011001010110111001110011011010010111011001100101001000000110111101101110011001010010110000100000001100100011000100110110
10110000100000011000010010000001110110011001010111001001111001001000000110011101101111011011110110010000100000011000110110111101101101011011010110111101101110001000000110111101101110011001010010110000100000001100100011000100110110
101100001000000110000100100000011000110110111101101101011011010110111101101110001000000110111101101110011001010010110000100000001100100011000100111000
101100001000000110110001101001011101000111010001101100011001010010000001110111011010000110100101110100011001010010110000100000001100100011000100111001
101100001000000110110001101001011101000111010001101100011001010010000001110011011010000110111101110010011101000010110000100000001100100011000100111001
101100001000000110011001101100011000010111010000100000011101000110100001100001011101000010000001110111011010010110110001101100001000000110101101100101011001010111000000100000011011000110111101101110011001110010000001101001011011100010000001110100011010000110010100100000011010000110111101110101011100110110010100100000011001110110111101101111011001000010110000100000001100100011001000110001
100110101100001011011100111100100100000011011110111010001101000011001010111001000100000011000110110000101101011011001010111001100100000011000010111001001100101001000000111010101101110011001000110010101110010001000000111010001101000011001010110100101110010001000000110010001101001011001100110011001100101011100100110010101101110011101000010000001100110011010010111001001110011011101000010000001101110011000010110110101100101011100110011101100100000011000010111001100100000010111110101000001101100011101010110110101011111
11000110110000101101011011001010010110000100000010111110101010001100101011000010101111101100011011000010110101101100101011100110010110000100000001001100110001100101110
101111101000011011000010110101101100101011100110101111100101100001000000110001101101111011011000110111101110101011100100111001100100000011001100110111101110010001000000111001101110100011000010110100101101110011010010110111001100111001000000010011001100011001011100010110000100000001100100011000000110011
101100001000000110100101100011011010010110111001100111001000000110011001101111011100100010110000100000001100100011000100110010
101111101000011011000010110110001100110111000101000000010011001011100110010000001100110011001010110010101110100010111110010000001100010011100100110111101110100011010000010110000100000001100100011010100110010
10110000100000011000010110111001101111011101000110100001100101011100100010110000100000001100100011010100110010
1101010011001010110110001101100011110010010110000100000001100010011011000110101
101100001000000110000101101110011011110111010001101000011001010111001000100000011100110110111101110010011101000010110000100000001100010011011000110110
1011111011010000110010101100001011001000101111100101100001000000111010001101111001000000110001001101111011010010110110000101100001000000011010000111001
1011000010000001101000011000010111001101101000011001010110010000101100001000000011010000111001
10110000100000011011010110111101100011011010110010000001110100011101010111001001110100011011000110010100101100001000000011010000111001
101100001000000110000100100000011000110110100001100101011000010111000001100101011100100010000001110111011000010111100100101100001000000011010100110000
1011000010000001100110011011110111001001100011011001010110110101100101011000010111010000100000011000010111001100100000011001100110111101110010001000000111010001110101011100100111010001101100011001010010110000100000011000010111010000100000011101000110100001100101001000000100001001110101011100110110100000101100001000000100001001110010011010010111001101110100011011110110110000101100001000000011010100110000
1011000010000001100001011011100110111101110100011010000110010101110010001000000110011001101111011100100110001101100101011011010110010101100001011101000010110000100000011001100110111101110010001000000110001001100001011011000110110001110011001000000110111101110010001000000111000001100001011101000111010001101001011001010111001100101100001000000011010100110001
1011000010000001110000011010010110010100101100001000000011010100110010
101100001000000110011001110010011010010110001101100001011100110111001101100101011001010110010000101100001000000011010100110011
101111101101100011010010111011001100101011100100101111100101100001000000110001001110010011011110110100101101100011001010110010000101100001000000011010100110101
101100001000000111001001101111011000010111001101110100011001010110010000101100001000000011010100110101
1011111010000110110000101101100011010010110001101101111001000000110011001110101011100100110111001101001011101000111010101110010011001010101111100101100001000000111010001101111001000000110001101101100011001010110000101101110001000000111011101101000011001010110111000100000011101000110000101101011011001010110111000100000011001000110111101110111011011100010000001100110011011110111001000100000011101000110100001100101001000000111001101110101011011010110110101100101011100100010110000100000001100100011011100110101
1011111010000110110000101101101011100000101111100100000011101100110100101101110011001010110011101100001011100100010110000100000001100010011000100110010
1011111010000110110000101110000011001010111001001110011010111110010110000100000011101000110111100100000011010110110010101100101011100000010110000100000001100010011000100111000
1011111010000110110000101110010011011010110010101101100010111110010000001100011011011110111011001100101011100100010000001100110011011110111001000100000011100110111011101100101011001010111010001101101011001010110000101110100011100110010110000100000001100100011000000110110
10111110100001101100001011100100111000001011111001011000010000001100010011011110110100101101100011001010110010000101100001000000011000100110010
1011000010000001110011011101000110010101110111011001010110010000101100001000000011000100110000
10110000100000011000010110111000100000011001010111100001100011011001010110110001101100011001010110111001110100001000000111001101100001011101010110001101100101001000000110011001101111011100100010110000100000001100010011000000110110
101111101000011011000010111001001110000011001010111010001110011010111110010110000100000011101000110111100100000011001000111010101110011011101000010110000100000001100100011011100110100
1011000010000001110100011011110010000001100011011011000110010101100001011011100010110000100000001100100011011100110101
101111101000011011000010111001001110010011011110111010001110011010111110010110000100000011101000110111100100000011100110111010001100101011101110010110000100000001100010011001000110111
10110000100000011100000111010101100100011001000110100101101110011001110010110000100000001100010011010100110011
101100001000000111001101101111011101010111000000101100001000000011100100110111
101111101000011011000010111001101110100011010010111001001101111011011100101111100101100001000000111010001101111001000000110001101101100011001010110000101101110001000000111001101110100011011110111011001100101011100110010000001101111011001100010110000100000001100100011011100110001
1011000010000001100001011011100110111101110100011010000110010101110010001000000111011101100001011110010010110000100000001100100011011100110001
101111101000011011000010111010001110011011101010111000001011111001011000010000001101101011101010111001101101000011100100110111101101111011011010010110000100000001100010011000100110011
1011000010000001100001011011100110111101110100011010000110010101110010001000000111011101100001011110010010110000100000001100010011000100110011
10110000100000011101110110000101101100011011100111010101110100001000000110111101100110001000000111010001101000011001010010000001100110011010010110111001100101011100110111010000100000011100110110111101110010011101000010110000100000001100010011000100110011
1011000010000001100011011011110110001