011100010000001101000011001010110000101110010011101000110100000101100001000000110111101110010001000000110001001111001001000000111000001110101011101000111010001101001011011100110011100100000011101000110100001100101001000000111011001100101011100110111001101100101011011000010000001101001011011100111010001101111001000000110000100100000011100110110000101110101011000110110010101110000011000010110111000100000011011110110011000100000011101110110000101110100011001010111001000101100
1100011011000010110110001101100011001010110010000100000011000010010000001110111011000010111010001100101011100100110001001100001011101000110100000101110
10101000110100001100101001000000110001001100101011000010111010101110100011010010110011001110101011011000010000001100111011100100110010101100101011011100010000001100111011010010111011001100101011011100010000001110100011011110010000001110000011010010110001101101011011011000110010101110011001011000010000001100110011011110111001001101101011001010111001001101100011110010010000001110111011000010111001100100000011011010110000101100100011001010010000001100010011110010010000001110100011010000110010100100000011101010111001101100101001000000110111101100110
11000100110010101101100011011000010000001101101011001010111010001110100011011000110010100101100001000000110001001110010011000010111001101110011001011000010000001101111011100100010000001100011011011110111000001110000011001010111001000101100001000000110000101101110011001000010000001100011011011110110111001110011011001010111000101110101011001010110111001110100011011000111100100100000011101100110010101110010011110010010000001101001011011100110101001110101011100100110100101101111011101010111001100100000011101000110111100100000011101000110100001100101
111001101110100011011110110110101100001011000110110100000101110
100100101100110001000000110001101101000011011110110001101101111011011000110000101110100011001010010110000100000011000110110111101100110011001100110010101100101001011000010000001101010011001010110110001101100011110010010110000100000011001110111001001110101011001010110110000101100001000000110001001100001011100100110101100101100001000000010011001100011001011100010000001100010011001010010000001110011011101010110011001100110011001010111001001100101011001000010000001110100011011110010000001100010011011110110100101101100001000000110111101110110011001010111001000101100
11101000110100001100101001000000111001101110100011100100110010101101110011001110111010001101000001000000110100101110011001000000110110001101111011100110111010000101110
10011010110000101110010011000100110110001100101011100110010000001100010011011110110100101101100011001010110010000100000011010010110111000100000011000110111010101110011011101000110000101110010011001000010110000100000011011110111001000100000011000010110111001111001001000000111010001101000011010010110111001100111001000000110110001101001011010110110010101101100011110010010000001110100011011110010000001100010011101010111001001101110001011000010000001110111011010010110110001101100001011000010000001100010011110010010000001110011011010000110000101101011011010010110111001100111
11101000110100001100101011011010010000001101001011011100010000001110100011010000110010100100000011100110110000101110101011000110110010101110000011000010110111000101100001000000111000001110010011001010111011001100101011011100111010000100000011010010111010000101110
100011101110010011000010111011001101001011001010111001100100000011011110111001000100000011100110110111101110101011100000111001100101100001000000111000001110101011101000010000001100010011110010010110000100000011100110110100001101111011101010110110001100100001000000110001001100101001000000110010001100001011010010110110001111001001000000110001101101000011000010110111001100111011001010110010000100000011010010110111001110100011011110010000001100110011100100110010101110011011010000010000001110011011000110110000101101100011001000110010101100100
111000001100001011011100111001100101110001000000101011101101000011001010110111000100000011101000110100001100101011100100110010100100000011010010111001100100000011001100110010101100001011100100010000001101111011001100010000001100111011100100110000101110110011110010010000001101101011001010110000101110100001000000110001001100101011010010110111001100111001000000111001101110000011011110110100101101100011001010110010000100000011000100110010101100110011011110111001001100101001000000110100101110100001000000110001001100101
1110111011000010110111001110100011001010110010000101100001000000111001101100101011000010111001101101111011011100010000001101001011101000010000001110111011001010110110001101100001011000010000001100001011011100110010000100000011011000110100101100111011010000111010001101100011110010010000001100110011100100111100100100000011010010111010000101100001000000111011101101000011010010110001101101000001000000111011101101001011011000110110000100000011100000111001001100101011100110110010101110010011101100110010100100000011010010111010000100000011101000111011101101111
110010001100001011110010111001100100000011011000110111101101110011001110110010101110010001110110010000001100010011101010111010000100000011101000110100001100101001000000110011101110010011000010111011001111001001000000110100101110011001000000110001001100101011100110111010000100000011101110110100001100101011011100010000001110100011010000110010100100000011010100111010101101001011000110110010101110011001000000110000101110010011001010010000001100110011100100110010101110011011010000010111000100000010000010010000001110010011001010110001101100101011010010111000001110100
11001100110111101110010001000000110011101110010011000010111011001111001001000000111010001101000011000010111010000100000011101110110100101101100011011000010000001101011011001010110010101110000001000000110000100100000011101110110010101100101011010110010000001101001011100110010000001100111011010010111011001100101011011100010000001110101011011100110010001100101011100100010000001110100011010000110010100100000011000010111001001110100011010010110001101101100011001010010000001101111011001100010000001010011010000010101010101000011010001010101001100101110
10101000110100001100101001000000110001101101111011011110110101100100000011100110110100001101111011101010110110001100100001000000110001001100101001000000110010101101110011000110110111101110101011100100110000101100111011001010110010000100000011101000110111100100000011000100110010100100000011000110110000101110010011001010110011001110101011011000010000001101111011001100010000001100011011011110110000101101100011100110010000001100001011011100110010000100000011000110110100101101110011001000110010101110010011100110011101000100000011001100110111101110010
11101000110100001100101001000000110110001100001011101000111010001100101011100100010000001110100011010000110010101110010011001010010000001101001011100110010000001100001001000000110111001100101011101110010000001100011011011110110111001110100011100100110100101110110011000010110111001100011011001010010000001110100011011110010000001110011011010010110011001110100001011000010000001110111011010010111010001101000011011110111010101110100001000000110010001101001011100110111000001100101011100100111001101101001011011100110011100100000011101000110100001100101
1100100011101010111001101110100001000000110111101100110001000000111010001101000011001010010000001100001011100110110100001100101011100110010110000100000011000100111100100100000011011010110010101100001011011100111001100100000011011110110011000100000011000010010000001100011011011110111011001100101011100100110010101100100001000000111010001101001011011100010000001100010011101010110001101101011011001010111010000101110
10100110110110101100001011011000110110000100000011000110110111101100001011011000010000001110111011001010111010001110100011001010110010000100000011011010110000101101011011001010111001100100000011101000110100001100101001000000111001101110100011100100110111101101110011001110110010101110011011101000010000001100110011010010111001001100101001000000110011001101111011100100010000001110100011010000110010100100000011000100110000101100011011010110010110000100000011000100111010101110100001000000110110101110101011100110111010000100000011100100110010101101101011000010110100101101110
11101010110111001110100011011110111010101100011011010000110010101100100001000000111010101101110011101000110100101101100001000000110100101110100001000000110001101100001011010110110010100101110001000000100001101101001011011100110010001100101011100100111001100101100001000000110110001101001011001110110100001110100011011000111100100100000011101110110010101110100001011000010000001100111011010010111011001100101001000000110000100100000011001110111001001100101011000010111010000100000011001000110010101100111011100100110010101100101001000000110111101100110
110100001100101011000010111010000101100001000000110000101101110011001000010000001100001011100100110010100100000011000100110010101110100011101000110010101110010001000000111010001101000011000010110111000100000011000110110111101100001011011000010000001100110011011110111001000100000011001100111010101110010011011100110000101100011011001010111001100101100001000000110100101110010011011110110111001101001011011100110011100100000011100110111010001101111011101100110010101110011001011000010000001100001011011100110010000100000011011110111011001100101011011100111001100101110
101010001101000011001010010000001100011011011110110111101101011001000000111001101101000011011110111010101101100011001000010000001100010011001010010000001100011011010000110000101110010011001110110010101100100001000000111010001101111001000000111010001100001011010110110010100100000011000110110000101110010011001010010000001101111011001100010000001101010011001010110110001101100011110010010000001100010011000010110011101110011001011000010000001110100011000010111000001100101011100110010000001100110011011110111001000100000011101000110100001100101
11000110110111101101100011011000110000101110010011001010110010000100000011101000110100001101001011011100110011101110011001011000010000000100110011000110010111000100000011101110110100001101001011000110110100000101100001000000110100101100110001000000110111001101111011101000010000001110000011001010111001001100110011001010110001101110100011011000111100100100000011