100110110001101100001011011000110010001100101011001000010110000100000011000010110111001100100001000000110101101100101011100000111010000100000011001000111001001111001001011000010000001100111011010010111011001100101
1100001011011100010000001110101011011100111000001101100011001010110000101110011011000010110111001110100001000000110011001101100011000010111011001101111011101010111001000100000011101110110100001100101011011100010000001101110011001010111100001110100001000000111010101110011011001010110010000101110
100001101101111011011000110010000100000011101110110000101110100011001010111001000100000011101000110100001110010011011110111011101101110001000000110111101101110001000000110001101100001011100110111010000100000011010010111001001101111011011100010110000100000011101110110100001100101011011100010000001101000011011110111010000101100001000000111011101101001011011000110110000100000011000110110000101110101011100110110010100100000011010010111010000100000011101000110111100100000011000110111001001100001011000110110101100101110
10010000110000101110010011001000010000001110111011000010111010001100101011100100010000001110011011100000110111101101001011011000111001100100000011101000110100001100101001000000110001101101111011011000110111101110101011100100010000001101111011001100010000001110110011001010110011101100101011101000110000101100010011011000110010101110011001110110010000001100001001000000111000001101001011011100110001101101000001000000110111101100110001000000111000001100101011000010111001001101100011000010111001101101000001011000010000001101111011100100010000001110011011000010110110001110100
110111101100110001000000111011101101111011100100110110101110111011011110110111101100100001011000010000001110111011010010110110001101100001000000111000001110010011001010111011001100101011011100111010000100000011101000110100001100001011101000010000001100101011001100110011001100101011000110111010000101110
101011101101000011001010110111000100000011100110110100101110010011011000110111101101001011011100111001100100000011011110110011000100000011000100110010101100101011001100010110000100000011011000110111101101001011011100111001100100000011011110110011000100000011101100110010101100001011011000010000001101111011100100010000001101101011101010111010001110100011011110110111000101100001000000110001101101111011011010110010100100000011010010110111000101100001000000111000001100001011100100111010000100000011011110110011000100000011101000110100001100101
111001101110101011001010111010000100000011011010110000101111001001000000110001001100101001000000110001101110101011101000010000001101111011001100110011000100000011001100110111101110010001000000111000001110101011001000110010001101001011011100110011101110011001011000010000001101111011100100010000001110100011011110010000001100011011011000110000101110010011010010110011001111001001110110010000001100100011100100110100101110000011100000110100101101110011001110010000001110111011010010110110001101100001000000110001001100001011100110111010001100101
110010101110110011001010111001001111001001000000111010001101000011010010110111001100111001000000110000101110011001000000111011101100101011011000110110000100000011000010111001100100000011000100111010101110100011101000110010101110010001011000010000001100110011011110111011101101100011100110010000001100001011011100110010000100000011001110110000101101101011001010010000001100101011110000110001101100101011100000111010001100101011001000011101100100000011000010110111001100100001000000110011001101111011100100010000001101011011010010111010001100011011010000110010101101110
1110000011010010110010101110011001011000010000001101110011011110111010001101000011010010110111001100111001000000110010101101100011100110110010100100000011100110110100001101111011101010110110001100100001000000110001001100101001000000111010101110011011001010110010000101110
10101000110100001100101001000000110011001100001011101000010000001101111011001100110011000100000011000010010000001101110011001010110001101101011001000000110111101110010001000000110110001101111011010010110111000100000011011110110011000100000011011010111010101110100011101000110111101101110001000000110110101100001011010110110010101110011001000000110000100100000011001100110000101110010001000000110110001101001011001110110100001110100011001010111001000100000011100000111010101100100011001000110100101101110011001110010000001110100011010000110000101101110
111001101110101011001010111010000101110
100110101100101011000010111010000100000011000010110111001100100001000000111011001100101011001110110010101110100011000010110001001101100011001010111001100100000011101000110100001100001011101000010000001110100011010000110010100100000011001100111001001101111011100110111010000100000011010000110000101110011001000000111010001101111011101010110001101101000011001010110010000100000011100110110100001101111011101010110110001100100001000000110001001100101001000000111001101101111011000010110101101100101011001000010000001101001011011100010000001100011011011110110110001100100
111011101100001011101000110010101110010001000000111010001110111011011110010000001101111011100100010000001110100011010000111001001100101011001010010000001101000011011110111010101110010011100110010000001100010011001010110011001101111011100100110010100100000011101000110100001100101011110010010000001100001011100100110010100100000011101010111001101100101011001000010110000100000011011110111001000100000011011010110111101110010011001010010000001101001011001100010000001101101011101010110001101101000001000000110100101100011011001010110010000101110
101011101101000011001010110111000100000011100000111010101110100001000000110100101101110011101000110111100100000011010000110111101110100001000000111011101100001011101000110010101110010001000000110111101110010001000000111010001101111001000000111010001101000011001010010000001100110011010010111001001100101001000000111010101101110011101000110100101101100001000000111010001101000011000010111011101100101011001000010110000100000011011100110111100100000011010000110010101100001011101000010000001110111011010010110110001101100001000000110010001110010011001010111001101110011
111010001101000011001010110110100100000011100000111001001101111011100000110010101110010011011000111100100101110
1001101011001010110000101110100001000000111001101101000011011110111010101101100011001000010000001100010011001010010000001110111011001010110110001101100001000000110010101111000011000010110110101101001011011100110010101100100001011000010000001110111011010000110010101101110001000000110100101110100001000000110001101101111011011010110010101110011001000000110100101101110001000000111011101100001011100100110110100100000011101110110010101100001011101000110100001100101011100100011101100100000011000010110111001100100001000000110100101100110
1100110011011000110100101100101011100110010000001101000011000010111011001100101001000000111010001101111011101010110001101101000011001010110010000100000011010010111010000101100001000000111010001101000011001010010000001110000011000010111001001110100001000000110110101110101011100110111010000100000011000100110010100100000011000110111010101110100001000000110111101100110011001100010110000100000011000010110111001100100001000000111010001101000011001010110111000100000011101110110010101101100011011000010000001110111011000010111001101101000011001010110010000101110
10010010110111000100000011101000110100001100101001000000110100001100101011010010110011101101000011101000010000001101111011001100010000001110011011101010110110101101101011001010111001000101100001000000110100101110100001000000110100101110011001000000110000100100000011101100110010101110010011110010010000001110011011000010110011001100101001000000111011101100001011110010010000001110100011011110010000001101100011001010111010000100000011011010110010101100001011101000010000001110100011010000110000101110100001000000110100101110011001000000111010001101111001000000110001001100101
11100110110000101101100011101000110010101100100001000000110110001101001011001010010000001100001011011100010000001101000011011110111010101110010001000000110100101101110001000000111010001101000011001010010000001100011011011110110110001100100011001010111001101110100001000000111011101100001011101000110010101110010001011000010000001110010011101010110001001100010011010010110111001100111001000000110100101110100001000000111011101100101011011000110110000100000011101000110100001100101011100100110010100100000011010010110111000100000011000010110111001111001
111000001100001011100100111010000100000011011000110100101101011011001010110110001111001001000000111010001101111001000000110100001100001011101100110010100100000011000100110010101100101011011100010000001100110011011000111100101100010011011000110111101110111011011100011101100100000011101000110100001100101011011100010000001110111011010010111000001100101001000000110100101110100001000000111000001100101011100100110011001100101011000110111010001101100011110010010000001100100011100100111100100101100001000000110000101101110011001000010000001101000011000010111011001100101
111001001100101011000010110010001111001001000000111001101100001011011000111010000101100001000000110000101101110011001000010000001110010011101010110001000100000011010010111010000100000011101000110100001101111011100100110111101110101011001110110100001101100011110010010000001101001011011100111010001101111001000000110010101110110011001010111001001111001001000000111000001100001011100100111010000101100001000000110110001100101011000010111011001101001011011100110011100100000011000010010000001101000011000010110111001100100011001100111010101101100
11011110111011001100101011100100010000001101001011101000010000001100010011001010111001101101001011001000110010101110011001011100010000001010100011101010111001001101110001000000110100101110100001000000110010101110110011001010111001001111001001000000110010001100001011110010010110000100000011000010110111001100100001000000111001001110101011000100010000001110100011010000110010100100000011100000110100101100011011010110110110001100101001000000110100101101110001011000010000001110111011010000110100101100011011010000010000001110111011010010110110001101100
1101101011000010110101101100101001000000110100101110100001000000111001001100101011000010110010001111001001000000110011001101111011