1100110011011110110110001100100001011100010000001000100011010010110010000100000011100110110100001100101001000000111001001100101011000010110010001101001011011000111100100100000011001010110111001110100011001010111001000100000011010010110111001110100011011110010000001101001011101000010110000100000011100110110100001100101001000000111011101101111011101010110110001100100001000000110111001100101011101100110010101110010
111011101100001011100110110100000100000011000010111011101100001011110010010000001100001011100110010000001110101011100110110010101101100011001010111001101110011001000000111010001101000011001010010000001110000011001010110000101110011011001010010000001101111011100100010000001100111011100100110100101110100011100110010000001101111011001100010000001110111011010000110100101100011011010000010000001110011011011110111010101110000001000000110111101110010001000000110011101110010011101010110010101101100001000000110100001100001011001000010000001100010011001010110010101101110
110110101100001011001000110010100111011001000000110001001110010011011110110101101100101011011100010000001110000011011110111010001100001011101000110111101100101011100110010110000100000011101000110100001100101001000000110011101110010011001010110010101101110001000000110100001100101011000010110010001110011001000000110111101100110001000000110001101100101011011000110010101110010011110010010110000100000011101000110100001100101001000000110111001100101011000110110101101110011001000000110000101101110011001000010000001100110011001010110010101110100001000000110111101100110
11001100110111101110111011011000111001100101100001000000110000101101110011001000010000001110000011000010111001001110100011010010110001101110101011011000110000101110010011011000111100100100000011101000110100001100101001000000111001101101000011000010110111001101011011100110010000001101111011001100010000001101101011101010111010001110100011011110110111000101100001000000110000101101110011001000010000001110110011000010111001001101001011011110111010101110011001000000110111101110100011010000110010101110010
110000101110010011101000110100101100011011011000110010101110011001011000010000001110111011010000110100101100011011010000010000001101001011011100010000001110000011100100110010101110000011000010111001001101001011011100110011100100000011001000110100101101110011011100110010101110010001000000110011001101111011100100010000001110100011010000110010100100000011001100110000101101101011010010110110001111001001000000110000101110010011001010010000001110100011010000111001001101111011101110110111000100000011000010111001101101001011001000110010100101110
10001100110100101110011011010000010000001100001011001100110011001101111011100100110010001110011001000000110011101110010011001010110000101110100001000000110111001101111011101010111001001101001011100110110100001101101011001010110111001110100001011000010000001100001011011100110010000100000011101000110100001100001011101000010000001101110011011110111010000100000011000100111100100100000011101000110100001100101001000000111000001100001011100100111010000100000011001010110000101110100011001010110111000100000011011110110111001101100011110010010110000100000011000100111010101110100
11101000110100001100101001000000110001001101111011011100110010101110011001011000010000001101000011001010110000101100100011100110010110000100000011000010110111001100100001000000110011001101001011011100111001100101100001000000111011101101000011010010110001101101000001000000110001101101111011011100111010001100001011010010110111000100000011000010110111000100000011010010111001101101001011011100110011101101100011000010111001101110011001011100010000001010111011010000110010101101110001000000111010001101000011001010010000001100110011010010111001101101000001000000110100101110011
11100110110010101110010011101100110010101100100001011000010000001101100011001010111010000100000011101000110100001100101001000000110001101101111011011110110101100100000011100000111010101110100001000000110001001111001001000000111001101101111011011010110010100100000011011110110011000100000011101000110100001100101001000000111011101100001011101000110010101110010001011000010000001100001011011100110010000100000011100110111010001100101011101110010000001101001011011100010000001101001011101000010000001110100011010000110010100100000011000010110001001101111011101100110010100101100
11000010111001100100000011011000110100101101011011001010111011101101001011100110110010100100000011000010110010001100100001000000111010001101000011001010010000001100111011100100110000101110110011110010010000001110100011010000110000101110100001000000110100101110011001000000110100101101110001000000111010001101000011001010010000001100100011010010111001101101000001011000010000001110101011011100111010001101001011011000010000001110011011010000110010100100000011011110110001001110100011000010110100101101110011100110010000001100001011011000110110000100000011101000110100001100101
11001110110111101101111011001000110111001100101011100110111001100101110001000000100100101100110001000000111010001101111001000000110001001100101001000000110010101100001011101000110010101101110001000000110001001111001001000000110100101110100011100110110010101101100011001100010110000100000011101110110100001100101011011100010000001101001011101000010000001101101011000010110101101100101011100110010000001100001001000000110010001100101011011000110100101100111011010000111010001100110011101010110110000100000011000100111001001101111011101000110100000101100
11100110110100001100101001000000111001101101000011011110111010101101100011001000010000001100001011001000110010000100000011000010010000001110110011001010111001001111001001000000111001101101101011000010110110001101100001000000110001001101001011101000010000001101111011001100010000001101111011011100110100101101111011011100010110000100000011100110110111101101101011001010010000001110000011001010111000001110000011001010111001000101100001000000110000101101110011001000010000001100001001000000110110001101001011101000111010001101100011001010010000001110010011010010110001101100101
11001100110110001101111011101010111001000100000011100100111010101100010011000100110010101100100001000000110010001101111011101110110111000100000011100110110110101101111011011110111010001101000001000000111011101101001011101000110100000100000011010010111010000101110
10000100111010101110100001000000111001101110100011100100110000101101001011011100110010101100100001000000110100101110100001000000110110101100001011010110110010101110011001000000110000100100000011001000110010101101100011010010110001101101001011011110111010101110011001000000110100101101101011100000111001001101111011101100110010101101101011001010110111001110100001000000111010001101111001000000111010001101000011001010010000001101101011001010110000101110100001000000111001101101111011101010111000000101100
111000001100001011100100111010001101001011000110111010101101100011000010111001001101100011110010010000001100110011011110111001000100000011101000110100001100101001000000111001101101001011000110110101100111011001000000110000101101110011001000010000001110111011010000110010101101110001000000111001101110101011000110110100000100000011000010111001001100101001000000111010001101111001000000110001001100101001000000111001101110101011100000111000001101100011010010110010101100100001011000010000001110100011010000110010100100000011011010110100101101100011001000110010101110010
111000001100001011100100111010001110011001000000110111101100110001000000111010001101000011001010010000001110011011100000110000101110010011001010010000001100010011011110110111001100101011100110010000001100001011011100110010000100000011011010110010101100001011101000010000001110011011010000110111101110101011011000110010000100000011000100110010100100000011011010110000101100100011001010010000001100110011011110111001000100000011101000110100001100101011011010010110000100000011101110110100101110100011010000010000001101100011010010111010001110100011011000110010100101100
11010010110011000100000011000010110111001111001001000000110111101100110001000000111010001101000011001010010000001101100011010010111000101110101011011110111001000100000011011110110011000100000011101000110100001100101001000000111001101100001011011000111010000100000011011010110010101100001011101000111001100101110
101010001101000011001010010000001100110011000010111010000100000011100110110100001101111011101010110110001100100001000000110111001101111011101000010000001100010011001010010000001110100011000010110101101100101011011100010000001101111011001100110011000100000011101000110100001100101001000000110001001110010011011110111010001101000001000000110111101110010001000000111001101101111011101010111000000101100001000000110000101110011001000000111010001101000011001010010000001110000011011110110111101110010001000000110110001101001011010110110010100100000011010010111010000101100
11000010110111001100100001000000110000101110010011001010010000001101110011011110111010101110010011010010111001101101000011001010110010000100000011000100111100100100000011010010111010000101110
1011111010101000110100001100101001000000110011001101111011011000110110001101111011101110110100101101110011001110010000001101001011100110010000001100001011011100010000001100101011110000110001101100101011011000110110001100101011011100111010000100000010100110110111101110101011100000010000001100110011011110111001000100000011101000110100001100101001000000111011101100101011000010110101101101100011110010010111001011111
1010000011101010111010000100000011101000111011101101111001000000110001101101111011101110110100001100101011001010110110001110011001000000110000101101110011001000010000001100001001000000110001001110010011001010110000101110011011101000010000001101111011001100010000001101101011101010111010001110100011011110110111000100000011010010110111001110100011011110010000001100001001000000110110001100001011100100110011101100101001000000111000001100001011011100010110000100000011101110110100101110100011010000010000001100110011011110111010101110010
1101111011101010110111001100011011001010111001100100000011011110110011000100000011100100110100101100011011001010010110000100000011011110110111001100101001000000110111101101110011010010110111101101110001011000010000001110100011101110110010101101110011101000111100100100000010010100