01111011100100110101100101100001000000011011000110100
101100001000000101001101110000011000010110010001100010011101010111001001111001111000101000000010011001011100110010000001001111011110000110011001101111011100100110010000101100001000000011011000110101
101100001000000111011001100101011000010110110000101100001000000011010100110110
10110000100000011000010110111000100000011001010111100001100011011001010110110001101100011001010110111001110100001000000111001101100001011101010111001101100001011001110110010100100000011101000110111100100000011001010110000101110100001000000110001101101111011011000110010000101100001000000011011000110101
101111101010011011000110110111101110100011000110110100000100000011000110110111101101100011011000110111101110000011100110101111100101100001000000011010000110110
101111101010011011001010110010101100100001000000110001101100001011010110110010101011111001011000010000001100001001000000110001101101000011001010110000101110000001000000110111101101110011001010010110000100000001100100011000100110110
10110000100000011000010110111001101111011101000110100001100101011100100010110000100000001100100011000100110111
1010011010001010101001001010110010000010100111001010100010100110010110000100000010101010101001101000101010001100101010101001100001000000100010001001001010100100100010101000011010101000100100101001111010011100101001100100000010101000100111100100000010001110100100101010110010001010010000001010100010011110010000001010100010010000100010101001101001011000010000000110010001101100011100100100000011101000110111100100000001100100011011100110110
10111110101001101101000011000010110110001101111011101000101111100100000011101100110100101101110011001010110011101100001011100100010110000100000001100010011000100110010
10111110101001101101000011000010110111001101011010111110010000001101010011001010110110001101100011110010010110000100000001100100011010100110001
101111101010011011010000110010101101100011001100110111101110010011001000101111100100000011100000111010101100100011001000110100101101110011001110010110000100000001100010011010100110101
101111101010011011010000111001001100101011101110111001101100010011101010111001001111001001000000110001101100001011010110110010101110011010111110010110000100000001100100011000100111001
101111101010011011010000111001001101001011011010111000001011111001000000111000001101001011001010010000001100101011110000110001101100101011011000110110001100101011011100111010000101100001000000011100000111000
1110011011000010111010101100011011001010010110000100000001100010011000000111000
10111110101001101101000011100100111010101100010010111110010110000100000011101110110100001101001011101000110010100100000011000110111010101110010011100100110000101101110011101000010110000100000001100100011010000110111
1010011010010010100001101001011001000000101000001000101010100100101001101001111010011100101001100101100001000000100001101001111010011110100101101000101010100100101100100100000010001100100111101010010001011000010000000110010001101000011011100100000011101000110111100100000001100100011011000110100
101111101010011011010110110000101110100011001010101111100101100001000000011000100110110
11000110111001001101001011011010111000000101100001000000011000100110111
101111101010011011011010110010101101100011101000111001101011111001011000010000001110100011011110010000001100110011100100111100100101100001000000011000100110010
101111101010011011011100110111101110111001000000110001001100001011011000110110001110011010111110010110000100000001100010011010100110001
1100011011100100110010101100001011011010010110000100000001100010011011000111001
10111110101001101101111011000010110110001110011010111110010110000100000011000100110111101101001011011000110010101100100001011000010000000111001
110011001110010011010010110010101100100001011000010000000111001
1110011011101000110010101110111011001010110010000101100001000000011000100110000
1101001011011100010000001110100011010000110010100100000010100000110111101110010011101000111010101100111011101010110010101110011011001010010000001110111011000010111100100101100001000000011000100110000
1110011011101000111010101100110011001100110100101101110011001110010000001100110011011110111001000100000011100110110111101100001011011000111001100100000011000100110000101101011011001010110010000101100001000000011000100110000
11100000110100101100101001011000010000001100001011011100110111101110100011010000110010101110010001000000111001101101111011100100111010000100000011011110110011000100000011100110111010001110101011001100110011001101001011011100110011100101100001000000011000100110001
101111101010011011011110111001001110010011001010110110001011111001011000010000001110100011011110010000001110011011101000110010101110111001011000010000001100110011011110111001000100000011001100111001001101001011000110110000101101110011001000110010101100001011101010010000001100001011011100110010000100000011100100110111101100001011100110111010000100000011011010110010101100001011101000010110000100000001100010011001000110111
11100110110000101110101011000110110010100101100001000000011010100110100
1010011010011110101010101010000010100110010110000100000001110010011001100100000011101000110111100100000001100010011000000110010
1100001110100000001011010110110001100001001011010111001101100001011100000010110000100000001100010011000000110000
101100001000000110000100100000011100100110100101100011011010000010000001110111011010000110100101110100011001010010000001101111011011100110010100101100001000000011100100110110
101100001000000110000100100000011100000110110001100001011010010110111001100101011100100010000001110111011010000110100101110100011001010010000001101111011011100110010100101100001000000011100100110111
10110000100000011000010110111000100000011001010111100001100011011001010110110001101100011001010110111001110100001000000111001101101111011101010111000000101100001000000011100100110111
101100001000000110000100100000011000100110000101101011011001010110010000100000011011110110111001100101001011000010000001110100011011110010000001100111011010010111011001100101001000000110000101110111011000010111100100100000011101000110111100100000011100000110111101101111011100100010000001100110011000010110110101101001011011000110100101100101011100110010110000100000001100100011011000110101
101100001000000110011001101111011100100010000001110100011010000110010100100000011101110110010101100001011010110110110001111001001011000010000001100110011011110111001000100000011101000110100001100101001000000111001101100001011011010110010100100000011100000111010101110010011100000110111101110011011001010010110000100000001100100011011000110111
10110000100000010011110111010001101000011001010111001000100000011100110110111101110101011100000111001100100000011000010111001001100101001000000111010101101110011001000110010101110010001000000111010001101000011001010010000001101110011000010110110101100101011100110010000001101111011001100010000001110100011010000110010100100000011100000111001001101001011011100110001101101001011100000110000101101100001000000110000101110010011101000110100101100011011011000110010101110011001000000111010001101000011001010111100100100000011000010111001001100101
110110101100001011001000110010100100000011011110110011000101110
101111101010011011011110111010101110011011101000110010101110010010111110010110000100000001100010011010000110100
1011111010100110111000001100001011001000110001001110101011100100111100111100010100000001001100101110011010111110010000001001111011110000110011001101111011100100110010000100000011100110110000101110101011100110110000101100111011001010111001100101100001000000011011000110101
101111101010011011100000110100101101110011000010110001101101000010111110010110000100000011101000110111100100000011100110111010001100101011101110010110000100000001100010011001000110110
10001100111001001100101011011100110001101101000001000000111011101100001011110010010110000100000001100010011001000110110
111001101101111011101010111000000101100001000000011100100111000
10111110101001101110000011100100110000101110100011100110101111100101100001000000011000100110110
101100001000000110001001100001011010110110010101100100001011000010000000111000
101100001000000111010001101111001000000110110101100001011010110110010100100000011101000110100001100101011011010010000001110100011000010111001101110100011001010010000001101100011010010110101101100101001000000110000101101110011000110110100001101111011101100110100101100101011100110010110000100000001100010011000100110111
101111101010011011100000110111101101110011001110110010101100011011000010110101101100101010111110010110000100000001100100011001000110100
1100001011011100110111101110100011010000110010101110010001011000010000001110111011010010111010001101000011011110111010101110100001000000110001001110101011101000111010001100101011100100010110000100000001100100011001000110100
101111101010011011101000110010101100001011010110101111100100000011100000111010101100100011001000110100101101110011001110010110000100000001100010011010100110001
10111110101001101110100011001010110010101101100010111110010110000100000011101000110111100100000011101000110000101101011011001010010000001110010011101010111001101110100001000000110111101110101011101000010000001101111011001100010110000100000001100100011011100110010
101001101010100010001010101011101010011001011000010000000110001001100100011010000100000011101000110111100100000001100010011001000110111
10111110101001101110100011011110110111001100101010111110010000001110011011101000110000101101001011100100111001100100000011000010110111001100100001000000110100001100001011011000110110001110011001011000010000001110100011011110010000001100011011011000110010101100001011011100010110000100000001100100011011100110010
10111110101001101110100011011110111011001100101011100110101111100101100001000000111010001101111001000000111010001100001011010110110010100100000011101000110100001100101001000000110001001101100011000010110001101101011001000000110111101100110011001100010000001110100011010000110010100100000011000100111001001101001011001110110100001110100001000000110001001100001011100100111001100100000011010010110111000100000011000010010000001100110011001010111011100100000011011010110100101101110011101010111010001100101011100110010110000100000001100100011011100110000
11101