000
110000101110011001000000110110101110101011000110110100000100000011001100110110001101111011101010111001000100000011000010111001100100000011110010110111101110101001000000111011101101001011011000110110000100000011101110110000101101110011101000010110000100000011011010110000101101011011010010110111001100111001000000111010001101000011001010010000001110000011000010111001101110100011001010010000001100001011100110010000001110011011101000110100101100110011001100010000001100001011100110010000001111001011011110111010100100000011000110110000101101110001000000111010001101111
11000100110010100100000011100110110110101101111011011110111010001101000001011000010000001110111011010000110100101100011011010000010000001111001011011110111010100100000011101110110100101101100011011000010000001101101011000010110101101100101001000000110100101110100001000000110001001111001001000000110011101101111011011110110010000100000011010110110111001100101011000010110010001101001011011100110011100101100001000000110000101101110011001000010000001100010011001010110000101110100011010010110111001100111001000000111011101101001011101000110100000100000011101000110100001100101
111001001101111011011000110110001101001011011100110011100100000011100000110100101101110001011100010000001010111011010000110010101101110001000000111000101110101011010010111010001100101001000000111001101101101011011110110111101110100011010000010110000100000011100000111010101110100001000000110100101110100001000000110100101101110001000000110000100100000011011000111010101101101011100000010000001101001011011100111010001101111001000000110000100100000011000110110110001101111011101000110100000101100001000000110111101110010001000000111010101101110011001000110010101110010
11000010010000001110000011000010110111000100000011101000110111100100000011100110110111101100001011010110010110000100000011101000110100101101100011011000010000001101110011001010110000101110010001000000110001101101111011011000110010000101110
1010100011010000110111101110011011001010010000001110111011010000110111100100000011010000110000101110110011001010010000001101110011011110111010000100000011000010010000001100111011011110110111101100100001000000110100001100001011011100110010000100000011000010111010000100000011100100110000101101001011100110110100101101110011001110010000001100011011100100111010101110011011101000010110000100000011011010110000101111001001000000110010001101111001000000111010001101000011101010111001100111010001000000111001001101111011011000110110000100000011101000110100001100101
111000001100001011100110111010001100101001000000110111101100110001000000110000100100000011100000111001001101111011100000110010101110010001000000111010001101000011010010110001101101011011011100110010101110011011100110010110000100000011000010110111001100100001000000110001101110101011101000010000001101111011101010111010000100000011101000110100001100101001000000111010001101111011100000010000001100001011011100110010000100000011000100110111101110100011101000110111101101101001000000110111101100110001000000111010001101000011001010010000001110000011010010110010100101100
111010001101000011001010110111000100000011000010010000001101100011011110110111001100111001000000111000001101001011001010110001101100101001000000110011001101111011100100010000001110100011010000110010100100000011100110110100101100100011001010111001100101110001000000100001101100101011011010110010101101110011101000010000001110100011010000110010100100000011000100110111101110100011101000110111101101101001000000111010001101111001000000111010001101000011001010010000001110011011010010110010001100101011100110010000001110111011010010111010001101000
11001010110011101100111001011000010000001100010011100100110100101101110011001110110100101101110011001110010000001110100011010000110010100100000011001100110111101110010011011010110010101110010001000000111001001100001011101000110100001100101011100100010000001100110011101010111001001110100011010000110010101110010001000000110111101110101011101000010110000100000011000010110111001100100001000000111000001101001011011100110001101101000011010010110111001100111001000000110001001101111011101000110100000100000011101000110111101100111011001010111010001101000011001010111001000111011
1110000011101010111010000100000011001010110011101100111001000000110001001100101011101000111011101100101011001010110111000100000011101000110100001100101001000000110010101100100011001110110010101110011001000000110111101100110001000000111010001101000011001010010000001110000011000010111001101110100011001010010000001110100011011110010000001101101011000010110101101100101001000000110100101110100001000000110000101100100011010000110010101110010011001010010000001100001011101000010000001110100011010000110010100100000011100110110100101100100011001010111001100101110
100011001101001011011000110110000100000011110010110111101110101011100100010000001110000011010010110010100101100001000000110000101101110011001000010000001110000011101010111010000100000011011110110111000100000011101000110100001100101001000000110001101101111011101100110010101110010001011000010000001100001011011100110010000100000011100000110100101101110011000110110100000100000011010010111010000100000011000010110111001100100001000000111010001101000011001010010000001110011011010010110010001100101001000000110001101110010011101010111001101110100
1110100011011110110011101100101011101000110100001100101011100100010111000100000010101000110100001100101001000000111001101100001011011010110010100100000011011010110111101100100011001010010000001101111011001100010000001110101011011100110100101110100011010010110111001100111001000000111010001101000011001010010000001110000011000010111001101110100011001010010000001101001011100110010000001110100011011110010000001100010011001010010000001101111011000100111001101100101011100100111011001100101011001000010110000100000011010010110011000100000011101000110100001100101
111001101101001011001000110010101110011001000000110000101110010011001010010000001110000011100100110010101110011011100110110010101100100001000000110100101101110011101000110111100100000011000010010000001110100011010010110111000100000011001100110111101110010011011010010110000100000011010010110111000100000011101110110100001101001011000110110100000100000011101000110100001100101001000000111000001100001011100110111010001100101001000000110110101110101011100110111010000100000011000100110010100100000011000100110000101101011011001010110010000101100
110000101100110011101000110010101110010001000000110100101110100001000000111001101101000011000010110110001101100001000000110001001100101001000000110011001101001011011000110110001100101011001000010000001100001011011100110010000100000011000110110111101110110011001010111001001100101011001000011101100100000011000100111010101110100001000000110100101101110001000000111010001101000011001010010000001101100011000010111010001110100011001010111001000100000011000110110000101110011011001010010000001110100011010000110010100100000011101000110100101101110
11100110110100001101111011101010110110001100100001000000110001001100101001000000110001001110101011101000111010001100101011100100110010101100100001011000010000001100001011011100110010000100000011000110110000101110010011001010110011001110101011011000110110001111001001000000111010001100001011010110110010101101110001000000110111101100110011001100010000001110111011010000110010101101110001000000110010001101111011011100110010100100000011001010110111001101111011101010110011101101000001110110010000001100001011011100110010000100000011000010111001100100000011101000110100001100101
110011001101111011100100110110100100000011101010111001101110101011000010110110001101100011110010010000001101101011000010110101101100101011100110010000001110100011010000110010100100000011100110110100101100100011001010111001100100000011011110110011000100000011000010010000001101100011010010110011101101000011101000110010101110010001000000110001101101111011011000110111101110101011100100010000001110100011010000110000101101110001000000110100101110011001000000111000001110010011011110111000001100101011100100010110000100000011101000110100001100101
11100000110000101110011011101000110010100100000011100110110100001101111011101010110110001100100001000000110001001100101001000000111000001110101011101000010000001101001011011100111010001101111001000000111010001101000011001010010000001101111011101100110010101101110001000000110000101100111011000010110100101101110001000000110011001101111011100100010000001100001001000000111000101110101011000010111001001110100011001010111001000100000011011110110011000100000011000010110111000100000011010000110111101110101011100100010111000100000010101110110100101110100011010000010000001100001
11001100110010101100001011101000110100001100101011100100010000001110000011101010111010000100000011001010110011101100111001000000110111101110110011001010111001000100000011000010111010000100000011001100110100101110010011100110111010000101110
10111110100001101110010011101010111001101110100001000000110011001101111011100100010000001010110011001010110111001101001011100110110111101101110001000000101000001100001011100110111010001110010011110010010111001011111
101010001101111001000000110000100100000011100010111010101100001011100100111010001100101011100100010000001101111011001100010000001100001001000000111000001100101011000110110101100100000011011110110011000100000011001100110100101101110011001010010000001100110011011000110111101110101011100100010000001110101011100110110010100100000011101000111011101101111001000000111000001101111011101010110111001100100011100110010000001100001011011100110010000100000011000010010000001101000011000010110110001100110001000000110111101100110
11000100111010101110100011101000110010101110010001011000010000001100001011011100110010000100000011001100110111101110101011100100010000001100101011001110110011101110011001110100010000001101101011010010111100000100000011010010110111001110100011011110010000001110000011000010111001101110100011001010010000001110111011010010111010001101000001000000111011101100001011100100110110100100000011101110110000101110100011001010111001000101100001000000110000101101110011001000010000001110111011011110111001001101011001000000110100101110100
111001101101101011011110110111101110100011010000010000001100001011011100110010000100