10101110000001110110010000001110011011101000111001001100001011010010110111000100000011011110110011001100110
11101000110100001100101001000000110101001100101011011000110110001111001001011000010000001100001011011100110010000100000011011000110010101110100001000000110100101110100001000000111001101110100011000010110111001100100001000000111010001101111001000000111001101100101011101000111010001101100011001010010000001100001011100110010000001100001011000100110111101110110011001010010000001100010011001010110011001101111011100100110010100100000011010010111010000100000011000100110010100100000011100000111010101110100001000000110100101101110011101000110111100100000011101000110100001100101
11011010110111101110101011011000110010000101110
101111101001000011000010111001001110100011100110110100001101111011100100110111001101010011001010110110001101100011110010010111001011111
10100110110100101101101011011010110010101110010001000000110010101101001011001110110100001110100001000000110111101110101011011100110001101100101011100110010000001101111011001100010000001101000011000010111001001110100011100110110100001101111011100100110111000100000011100110110100001100001011101100110100101101110011001110111001100100000011101110110100101110100011010000010000001110100011101110110111100100000011100010111010101100001011100100111010001110011001000000110111101100110001000000111011101100001011101000110010101110010001000000111010001101111
11011110110111001100101001110110010000001110011011101000111001001100001011010010110111000100000011010010111010000101100001000000110000101101110011001000010000001100010011011110110100101101100001000000110100101110100001000000111011101101001011101000110100000100000011101000110100001100101001000000111001001101001011011100110010001110011001000000110111101100110001000000110011001101111011101010111001000100000010000110110100001101001011011100110000100100000011011110111001001100001011011100110011101100101011100110010000001100001011011100110010000100000011101000111011101101111
110110001100101011011010110111101101110011100110010000001110000011000010111001001100101011001000010000001110100011010000110100101101110001110110010000001110111011010000110010101101110001000000110001101101111011011110110110000101100001000000110000101100100011001000010000001110100011010000110010100100000011010100111010101101001011000110110010100100000011011110110011000100000011000100110111101110100011010000010110000100000011010000110000101101100011001100010000001100001001000000111000001101111011101010110111001100100001000000110111101100110
111001101110101011001110110000101110010001011000010000001100001011011100110010000100000011101000110100001100101001000000111011101101000011010010111010001100101011100110010000001101111011001100010000001110011011010010111100000100000011001010110011101100111011100110010000001100010011001010110000101110100011001010110111000100000011101000110111100100000011000010010000001100110011100100110111101110100011010000011101100100000011011000110010101110100001000000111010001101000011001010010000001101010011001010110110001101100011110010010000001101000011000010111011001100101
111010001101000011100100110010101100101001000000110111101110010001000000110011001101111011101010111001000100000011000100110111101101001011011000111001100100000011101110110100101110100011010000110111101110101011101000010000001110011011101000110100101110010011100100110100101101110011001110010110000100000011000010110111001100100001000000111001101110100011100100110000101101001011011100010000001101001011101000010000001110100011010000111001001101111011101010110011101101000001000000110000100100000011010100110010101101100011011000111100101100010011000010110011100101110
101111101001001011011010111000001100101011100100110100101100001011011000010000001000011011100100110010101100001011011010010111001011111
1000010011011110110100101101100001000000110000100100000011100010111010101100001011100100111010000100000011011110110011000100000011000110111001001100101011000010110110100100000011101110110100101110100011010000010000001110100011010000110010100100000011101000110100001101001011011100010000001110010011010010110111001100100001000000110111101100110001000000110000100100000011011000110010101101101011011110110111000101100001000000111010001101000011001010110111000100000011100110111010001101001011100100010000001101001011101000010000001110100011010010110110001101100
110111001100101011000010111001001101100011110010010000001100011011011110110110001100100001110110010000001101000011000010111011001100101001000000111001001100101011000010110010001111001001000000110100101101110001000000110000100100000011001000110100101110011011010000010000001101111011100100010000001100010011011110111011101101100001000000111010001101000011000010111010000100000011110010110111101110101001000000110000101110010011001010010000001110100011011110010000001110011011001010111001001110110011001010010000001101001011011100010110000100000011101000110100001100101
11010100111010101101001011000110110010100100000011011110110011000100000011101000110100001110010011001010110010100100000011011000110010101101101011011110110111001110011001000000111001101110100011100100110000101101001011011100110010101100100001000000111011101101001011101000110100000100000011000010111001100100000011011010111010101100011011010000010000001110011011101010110011101100001011100100010000001100001011100110010000001110111011010010110110001101100001000000111001101110111011001010110010101110100011001010110111000100000011101000110100001100101
1100011011100100110010101100001011011010011101100100000011101110110100001101001011000110110100000100000011100000110111101110101011100100111001100100000011010010110111001110100011011110010000001110100011010000110010100100000011001000110100101110011011010000010000001100110011100100110111101101101001000000110000100100000011011000110000101110010011001110110010100100000011101000110010101100001011100000110111101110100001011000010000001101000011011110110110001100100011010010110111001100111001000000110100101110100001000000110100001101001011001110110100000101100
11000010110111001100100001000000110110101101111011101100110100101101110011001110010000001101001011101000010000001100001011000100110111101110101011101000010000001110100011011110010000001101101011010010111100000100000011101110110100101110100011010000010000001110100011010000110010100100000011010100111010101101001011000110110010100101110001000000100100101110100001000000111001101101000011011110111010101101100011001000010000001100010011001010010000001101101011000010110010001100101001000000110000101110100001000000110110001100101011000010111001101110100
11100110110100101111000001000000110100001101111011101010111001001110011001000000110001001100101011001100110111101110010011001010010000001101001011101000010000001100010011001010010000001110011011001010111001001110110011001010110010000101110
1011111010000010010000001000011011100100110010101100001011011010010111001011111
100001001101111011010010110110000100000011010000110000101101100011001100010000001100001001000000111000001101001011011100111010000100000011011110110011000100000011000110111001001100101011000010110110100101100001000000110000101101110011001000010000001101000011000010110110001100110001000000110000100100000011100000110100101101110011101000010000001101111011001100010000001101101011010010110110001101011001011000010000001110111011010010111010001101000001000000111010001110111011011110010000001100010011000010111100101101100011001010110000101110110011001010111001100101100
11000010010000001100010011010010111010000100000011011110110011000100000011011000110010101101101011011110110111001110000011001010110010101101100001011000010000001100001001000000110011001100101011101110010000001100001011011000110110101101111011011100110010001110011001000000110001001100101011000010111010001100101011011100010000001110100011011110010000001110000011000010111001101110100011001010010110000100000011101110110100101110100011010000010000001100001001000000110010001110010011011110111000000100000011011110110011000100000011101110110000101110100011001010111001000101100
110000100100000011011000110100101110100011101000110110001100101001000000111001101110101011001110110000101110010001011000010000001101111011100100110000101101110011001110110010100100000011001100110110001101111011101110110010101110010001000000111011101100001011101000110010101110010001011000010000001100001011011100110010000100000011000010010000001110100011001010110000101110011011100000110111101101111011011100110011001110101011011000010000001101111011001100010000001100110011011000110111101110101011100100010110000100000011010000110000101110110011010010110111001100111
11000100110010101100101011011100010000001110010011101010110001001100010011001010110010000100000011001000110111101110111011011100010000001110111011010010111010001101000001000000110000100100000011011000110100101110100011101000110110001100101001000000110001101101111011011000110010000100000011011010110100101101100011010110010110000100000011000010110111001100100001000000110110101101001011110000110010101100100001000000111011101101001011101000110100000100000011101000110100001100101001000000110000101100010011011110111011001100101001011100010000001010111011010000110010101101110
1100011011011110110110001100100001011000010000001110000011101010111010000100000011000010010000001101100011010010111010001110100011011000110010100100000011011000110010101101101011011110110111001101010011101010110100101100011011001010010000001110100011011110010000001110100011010000110010100100000011000110111001001100101011000010110110100101100001000000110000101101110011001000010000001110011011001010111001001110110011001010010000001101001011101000010000001101001011011100010000001100011011101010111000001110011001000000110111101110010
110110001100101011011010110111101101110011000010110010001100101001000000110011101101100011000010111001101110011011001010111001100101110
101111101000011011010000110010101100001011100000010110000100000011000010110111001100100001000000110010101111000011000110110010101101100011011000110010101101110011101000010000001000011011101010111001101110100011000010111001001100100011100110010111001011111
1000010011011110110100101101100001000000111010001101000011100100110010101100101001000000111000001101