0000101110010011010110010111000100000010010010110011000100000011110010110111101110101001000000110010001101111001000000110111001101111011101000010000001100011011010000110000101110010011001110110010100100000011000010110111001111001011101000110100001101001011011100110011100100000011001100110111101110010
11000110110111101110000011010010110010101110011001000000110111101100110001000000111010001101000011010010111001100100000011001010100001001101111011011110110101100101100001000000110001101101111011011010111000001101100011110010110100101101110011001110010000001110111011010010111010001101000001000000111010001101000011001010010000001110100011100100110000101100100011001010110110101100001011100100110101100100000011011000110100101100011011001010110111001110011011001010010000001101001011100110010000001110110011001010111001001111001
110010101100001011100110111100100101110001000000101100101101111011101010010000001101101011000010111100100100000011101010111001101100101001000000111010001101000011010010111001100100000011001010100001001101111011011110110101100100000011001100110111101110010001000000110111001100101011000010111001001101100011110010010000001100001011011100111100100100000011100000111010101110010011100000110111101110011011001010010000001110011011101010110001101101000001000000110000101110011001000000110001101110010011001010110000101110100011010010110111101101110
1101111011001100010000001100100011001010111001001101001011101100110000101110100011010010111011001100101001000000111011101101111011100100110101101110011001011000010000001110010011001010111000001101111011100100111010001110011001011000010000001110000011001010111001001100110011011110111001001101101011000010110111001100011011001010111001100100000011000010110111001100100001000000111001001100101011100110110010101100001011100100110001101101000001011100010000001010000011100100110111101101010011001010110001101110100
100011101110101011101000110010101101110011000100110010101110010011001110010000001100101010000100110111101101111011010110111001100100000011011010110000101111001001000000110001001100101001000000110110101101111011001000110100101100110011010010110010101100100001000000110000101101110011001000010000001110000011100100110100101101110011101000110010101100100001000000110000101101110011001000010000001100111011010010111011001100101011011100010000001100001011101110110000101111001001011010010110101111001011011110111010100100000011011010110000101111001
1100100011011110010000001110000011100100110000101100011011101000110100101100011011000010110110001101100011110010010000001000001010011100101100101010100010010000100100101001110010001110010000001101001011011100010000001110100011010000110010100100000010101010110111001101001011101000110010101100100001000000101001101110100011000010111010001100101011100110010000001110111011010010111010001101000001000000110010101000010011011110110111101101011011100110010000001101110011011110111010000100000011100000111001001101111011101000110010101100011011101000110010101100100
110001001111001001000000101010100101110010100110010111000100000011000110110111101110000011110010111001001101001011001110110100001110100001000000110110001100001011101110010111000100000010100100110010101100100011010010111001101110100011100100110100101100010011101010111010001101001011011110110111000100000011010010111001100100000011100110111010101100010011010100110010101100011011101000010000001110100011011110010000001110100011010000110010100100000011101000111001001100001011001000110010101101101011000010111001001101011
1101100011010010110001101100101011011100111001101100101001011000010000001100101011100110111000001100101011000110110100101100001011011000110110001111001001000000110001101101111011011010110110101100101011100100110001101101001011000010110110000100000011100100110010101100100011010010111001101110100011100100110100101100010011101010111010001101001011011110110111000101110
1010011010101000100000101010010010101000011101000100000010001100101010101001100010011000010000001001100010010010100001101000101010011100101001101000101
1010100010010000100010100100000010001100101010101001100010011000010000001010000010100100100111101001010010001010100001101010100001000000100011101010101010101000100010101001110010000100100010101010010010001110010000001001100010010010100001101000101010011100101001101000101
1010000010011000100010101000001010100110100010100100000010100100100010101000001010001000010000001010100010010000100100101010011001000000100001001000101010001100100111101010010010001010010000001011001010011110101010100100000010001000100100101010011010101000101001001001001010000100101010101010100010001010010000001001111010100100010000001010101010100110100010100100000010101000100100001001001010100110010000001010111010011110101001001001011
101010001101111001000000111000001110010011011110111010001100101011000110111010000100000011101000110100001100101001000000101000001110010011011110110101001100101011000110111010000100000010001110111010101110100011001010110111001100010011001010111001001100111001011010111010001101101001000000110110101101001011100110111001101101001011011110110111000100000011011110110011000100000011100000111001001101111011011010110111101110100011010010110111001100111001000000111010001101000011001010010000001100110011100100110010101100101
110010001101001011100110111010001110010011010010110001001110101011101000110100101101111011011100010000001101111011001100010000001100101011011000110010101100011011101000111001001101111011011100110100101100011001000000111011101101111011100100110101101110011001011000010000001100010011110010010000001110101011100110110100101101110011001110010000001101111011100100010000001100100011010010111001101110100011100100110100101100010011101010111010001101001011011100110011100100000011101000110100001101001011100110010000001110111011011110111001001101011
10100001101111011100100010000001100001011011100111100100100000011011110111010001101000011001010111001000100000011101110110111101110010011010110010000001100001011100110111001101101111011000110110100101100001011101000110010101100100001000000110100101101110001000000110000101101110011110010010000001110111011000010111100100100000011101110110100101110100011010000010000001110100011010000110010100100000011100000110100001110010011000010111001101100101001000000010001001010000011100100110111101101010011001010110001101110100
10001110111010101110100011001010110111001100010011001010111001001100111001000100010100100101100001000000111100101101111011101010010000001100001011001110111001001100101011001010010000001110100011011110010000001100011011011110110110101110000011011000111100100100000011101110110100101110100011010000010000001100001011011000110110000100000011101000110100001100101001000000111010001100101011100100110110101110011001000000110111101100110001000000111010001101000011001010010000001000110011101010110110001101100
10100000111001001101111011010100110010101100011011101000010000001000111011101010111010001100101011011100110001001100101011100100110011100101101011101000110110100100000010011000110100101100011011001010110111001110011011001010010000001100001011101100110000101101001011011000110000101100010011011000110010100100000011101110110100101110100011010000010000001110100011010000110100101110011001000000110011001101001011011000110010100100000011011110111001000100000011011110110111001101100011010010110111001100101001000000110000101110100
111011101110111011101110010111001100111011101010111010001100101011011100110001001100101011100100110011100101110011011110111001001100111001011110110110001101001011000110110010101101110011100110110010100101110
1010011011001010110001101110100011010010110111101101110001000000011000100101110001000000100011101100101011011100110010101110010011000010110110000100000010101000110010101110010011011010111001100100000011011110110011000100000010101010111001101100101001000000110000101101110011001000010000001010010011001010110010001101001011100110111010001110010011010010110001001110101011101000110100101101110011001110010000001010000011100100110111101101010011001010110001101110100
100011101110101011101000110010101101110011000100110010101110010011001110010110101110100011011010010000001100101011011000110010101100011011101000111001001101111011011100110100101100011001000000111011101101111011100100110101101110011
11000100101110010000010010111000100000010000100111100100100000011100100110010101100001011001000110100101101110011001110010000001101111011100100010000001110101011100110110100101101110011001110010000001100001011011100111100100100000011100000110000101110010011101000010000001101111011001100010000001110100011010000110100101110011001000000101000001110010011011110110101001100101011000110111010000100000010001110111010101110100011001010110111001100010011001010111001001100111001011010111010001101101
1100101011011000110010101100011011101000111001001101111011011100110100101100011001000000111011101101111011100100110101100101100001000000111100101101111011101010010000001101001011011100110010001101001011000110110000101110100011001010010000001110100011010000110000101110100001000000111100101101111011101010010000001101000011000010111011001100101001000000111001001100101011000010110010000101100001000000111010101101110011001000110010101110010011100110111010001100001011011100110010000101100001000000110000101100111011100100110010101100101001000000111010001101111
11000010110111001100100001000000110000101100011011000110110010101110000011101000010000001100001011011000110110000100000011101000110100001100101001000000111010001100101011100100110110101110011001000000110111101100110001000000111010001101000011010010111001100100000011011000110100101100011011001010110111001110011011001010010000001100001011011100110010000100000011010010110111001110100011001010110110001101100011001010110001101110100011101010110000101101100001000000111000001110010011011110111000001100101011100100111010001111001
101000011101000111001001100001011001000110010101101101011000010111001001101011001011110110001101101111011100000111100101110010011010010110011101101000011101000010100100100000011000010110011101110010011001010110010101101101011001010110111001110100001011100010000001001001011001100010000001111001011011110111010100100000011001000110111100100000011011100110111101110100001000000110000101100111011100