111011
10000100101100100100000010101110100100001001001010000110100100000100000010011010101010101000011010010000010000001001101010011110100111001000101010110010010000001010111010010010100110001001100001000000100001001000101001000000101001101000001010101100100010101000100001011000010000001000001010011100100010000100000010101000100100001000101001000000100011101000101010011100100010101010010010000010100110000100000010000010101000001010000010001010100000101010010010000010100111001000011010001010010000001000111010100100100010101000001010101000100110001011001
10010010100110101010000010100100100111101010110010001010100010000101110
101010001101000011001010010000001101101011010010111001101110100011100100110010101110011011100110010000001101111011001100010000001100001001000000110011001100001011011010110100101101100011110010010000001110011011010000110111101110101011011000110010000100000011000010110110001110111011000010111100101110011001000000111001001100101011011010110010101101101011000100110010101110010001000000111010001101000011000010111010000100000011101000110100001100101001000000111011101100101011011000110011001100001011100100110010100100000011000010110111001100100
1100111011011110110111101100100001000000110110101100001011011100110000101100111011001010110110101100101011011100111010000100000011011110110011000100000011101000110100001100101001000000110100001101111011101010111001101100101001000000110010001100101011100000110010101101110011001000010000001101111011011100010000001110100011010000110010100100000011001010111100101100101001000000110111101100110001000000111010001101000011001010010000001110011011101010111000001100101011100100110100101101111011100100011101100100000011000010110111001100100
110001101101111011011100111001101100101011100010111010101100101011011100111010001101100011110010010000001110100011010000110000101110100001000000110111001101111011101000110100001101001011011100110011100100000011010010111001100100000011101000110111101101111001000000111010001110010011010010110011001101100011010010110111001100111001000000110011001101111011100100010000001101000011001010111001000100000011011100110111101110100011010010110001101100101001011000010000001110111011010000110010101110010011001010110001001111001001000000111011101100001011100110111010001100101
1101101011000010111100100100000011000100110010100100000011000010111011001101111011010010110010001100101011001000011101100100000011000010110111001100100001000000111010001101000011010010111001100100000011000010111010001110100011001010110111001110100011010010110111101101110001000000110100101110011001000000110111101100110001000000110110101101111011100100110010100100000011010010110110101110000011011110111001001110100011000010110111001100011011001010010110000100000011011100110111101110111001000000111010001101000011000010111010000100000011101000110100001100101
111000001110010011010010110001101100101001000000110111101100110001000000110010101110110011001010111001001111001001000000110111001100101011000110110010101110011011100110110000101110010011110010010000001101111011001100010000001101100011010010110011001100101001000000110100101110011001000000110100101101110011000110111001001100101011000010111001101100101011001000010000001110100011011110010000001100001011011100010000001100101011011100110111101110010011011010110111101110101011100110010000001100100011001010110011101110010011001010110010100101110
10010010110011000100000011000010010000001101100011000010110010001111001001000000110100001100001011100110010000001101110011001010111011001100101011100100010000001100010011001010110010101101110001000000110000101100011011000110111010101110011011101000110111101101101011001010110010000101100001000000111011101101000011010010110110001100101001000000111001101101001011011100110011101101100011001010010110000100000011101000110111100100000011101000110100001101001011011100110101100100000011011110110011000100000011001100110000101101101011010010110110001111001
11011010110000101101110011000010110011101100101011011010110010101101110011101000010110000100000011011000110010101110100001000000110100001100101011100100010000001101110011011110111010000100000011101010111000001101111011011100010000001110100011010000110000101110100001000000110000101100011011000110110111101110101011011100111010000100000011001100110010101100001011100100010000001110100011010000110000101110100001000000111001101101000011001010010000001100011011000010110111001101110011011110111010000100000011000010111010001110100011000010110100101101110
110100101110100001110110010000001110011011010000110010100100000011011010110000101111001001000000110001101101111011011100111001101110101011011000111010000100000011011110111010001101000011001010111001001110011001000000111011101101000011011110010000001100001011100100110010100100000011011010110111101110010011001010010000001100101011110000111000001100101011100100110100101100101011011100110001101100101011001000010110000100000011000010110111001100100001000000110000101100011011100010111010101100001011010010110111001110100
110100001100101011100100111001101100101011011000110011000100000011101110110100101110100011010000010000001110100011010000110010100100000011011100110010101100011011001010111001101110011011000010111001001111001001000000111000101110101011000010110111001110100011010010111010001101001011001010111001100100000011011110110011000100000011101000110100001100101001000000111001101100101011101100110010101110010011000010110110000100000011000010111001001110100011010010110001101101100011001010111001100100000011011110110011000100000011001100110000101101101011010010110110001111001
1100101011110000111000001100101011011100110010001101001011101000111010101110010011001010010000001101001011011100010000001110000011100100110111101110000011011110111001001110100011010010110111101101110001000000111010001101111001000000111010001101000011001010010000001101110011101010110110101100010011001010111001000100000011010010111010000100000011000110110111101101110011100110110100101110011011101000111001100100000011011110110011000101110
100000100100000011011010110100101101110011101010111010001100101001000000110000101100011011000110110111101110101011011100111010000100000011011110110011000100000011101000110100001100101001000000110000101101110011011100111010101100001011011000010000001101001011011100110001101101111011011010110010100101100001000000110000101101110011001000010000001110100011010000110010100100000011101000110100101101101011001010111001100100000011011110110011000100000011100000110000101111001011011010110010101101110011101000010110000100000011100110110100001101111011101010110110001100100
11000100110010100100000011101000110000101101011011001010110111000100000011010010110111000100000011101110111001001101001011101000110100101101110011001110011101100100000011011000110100101101011011001010111011101101001011100110110010100100000011000010110111000100000011001010111001101110100011010010110110101100001011101000110010100100000011011110110011000100000011101000110100001100101001000000111001101110101011100000111000001101111011100110110010101100100001000000110000101101101011011110111010101101110011101000010000001101111011001100010000001100101011000010110001101101000
1100001011100100111010001101001011000110110110001100101001000000110111101100110001000000110010101111000011100000110010101101110011100110110010100111011001000000110000101101110011001000010000001110100011010000110111101110011011001010010000001110111011010000110111100100000011000010111001001100101001000000110010101100001011100100110110001111001001000000110000101100011011000110111010101110011011101000110111101101101011001010110010000100000011101000110111100100000011000110110000101101100011000110111010101101100011000010111010001101001011011110110111001110011
11011110110111000100000011001000110111101101101011001010111001101110100011010010110001100100000011000010111001001110100011010010110001101101100011001010111001100101100001000000111011101101001011011000110110000100000011000010110001101110001011101010110100101110010011001010010000001110011011011110010000001100001011000110110001101110101011100100110000101110100011001010010000001100001001000000110101101101110011011110111011101101100011001010110010001100111011001010010000001101111011001100010000001110111011010000110000101110100001000000111010001101000011001010110100101110010
11001010111001101110100011000010110001001101100011010010111001101101000011011010110010101101110011101000010000001110010011001010111000101110101011010010111001001100101011100110010110000100000011000010111001100100000011101110110100101101100011011000010000001100111011010010111011001100101001000000111010001101000011001010110110100100000011101000110100001100101001000000110100001100001011100000111000001111001001000000110110101100101011001000110100101110101011011010010000001100010011001010111010001110111011001010110010101101110
111000001110010011011110110010001101001011001110110000101101100011010010111010001111001001000000110000101101110011001000010000001110000011000010111001001110011011010010110110101101111011011100111100100101100001000000111011101101001011101000110100001101111011101010111010000100000011000010110001101110001011101010110100101110010011010010110111001100111001000000111010001101000011001010010000001100011011010000110000101110010011000010110001101110100011001010111001000100000011011110110011000100000011011010110010101100001011011100110111001100101011100110111001100101110
1010010011001010110000101100100011110010010000001101101011011110110111001100101011110010010000001110011011010000110111101110101011011000110010000100000011000100110010100100000011100000110000101101001011001000010000001100110011011110111001000100000011000010110110001101100001000000111001101110101011000110110100000100000011101000110100001101001011011100110011101110011001000000110000101110011001000000110001101101111011011010110010100100000011011100110111101110100001000000110100101101110011101000110111100100000011101110110010101100101011010110110110001111001
1100010011010010110110001101100011100110011101100100000011000010110111001100100001000000111010001101000011001010010000001100010011001010111001101110100001000000111000001101100011000010110001101100101011100110010000001100110011011110111001000100000011100000111010101110010011000110110100001