10111001100100000011101000110100001100101011011100010000001100010011011110111010001110100011011000110010100100000011010010111010000101110
10111110100000100100000011100100110100101100011011010000010000001100001011011100110010000100000011100000110110001100101011000010111001101100001011011100111010000100000010101110110100101101110011001010010111001011111
10101000110000101101011011001010010000001101110011001010111011100100000011000110111100101100100011001010111001000100000011001100111001001101111011011010010000001110100011010000110010100100000011100000111001001100101011100110111001100101100001000000110110101101001011110000010000001101001011101000010000001110111011010010111010001101000001000000110000101110011001000000110110101110101011000110110100000100000011010000110111101101110011001010111100100100000011000010111001100100000011101110110100101101100011011000010000001110011011101010111000001110000011011110111001001110100
11000010110111000100000011001010110011101100111001011000010000001100010011011110110100101101100001000000110011101100101011011100111010001101100011110010010000001100110011010010110011001110100011001010110010101101110001000000110110101101001011011100111010101110100011001010111001100101100001000000110001001110101011101000010000001101110011011110111010000100000011010010110111000100000011000010110111000100000011010010111001001101111011011100010110000100000011000100111001001100001011100110111001100101100001000000110111101110010
110001101101111011100000111000001100101011100100010000001110000011011110111010000101110001000000101001101101011011010010110110100100000011010010111010000100000011101110110010101101100011011000011101100100000011101110110100001100101011011100010000001100011011011110110111101101100001011000010000001101100011001010111010000100000011010010111010000100000011000100110010100100000011101000111010101101110011011100110010101100100001011000010000001100010011101010111010000100000011001000110111100100000011011100110111101110100001000000111000101110101011010010111010001100101
1100110011010010110110001101100001011100010000001001001011011100010000001001101011000010111001001100011011010000010000001100110011011110110110001101100011011110111011101101001011011100110011100100000011000100110111101110100011101000110110001100101001000000110100101110100001011000010000001100001011011100110010000100000011010010111010000100000011101110110100101101100011011000010000001100010011001010010000001100110011010010111010000100000011101000110111100100000011001000111001001101001011011100110101100100000011010010110111000100000011100110110100101111000
11101110110010101100101011010110111001100111011001000000111011101101001011011000110110000100000011000100110010100100000011011000110010101110011011100110010000001110011011101110110010101100101011101000010000001101001011001100010000001101011011001010111000001110100001000000110110001101111011011100110011101100101011100100010000001101001011011100010000001110100011010000110010100100000011000110110000101110011011010110010111000100000010110010110111101110101001000000111011101101001011011000110110000100000011010000110000101110110011001010010000001100001
111001001101001011000110110100000100000011000010110111001100100001000000111001101110100011100100110111101101110011001110010000001110111011010010110111001100101001011000010000001100001011011100110010000100000011010010111010000100000011101110110100101101100011011000010000001101011011001010110010101110000001000000111011101100101011011000110110000101110001000000101010001101000011010010111001100100000011101110110100101101100011011000010000001110011011001010111001001110110011001010010000001100110011011110111001000100000011000010110111001111001
110001101110101011011000110100101101110011000010111001001111001001000000111000001110101011100100111000001101111011100110110010101110011001000000111011101101000011010010110001101101000001000000111001101100001011000110110101100101100001000000110111101110010001000000111001101110111011001010110010101110100001000000111011101101001011011100110010100101100001000000110000101110010011001010010000001100100011010010111001001100101011000110111010001100101011001000010000001100110011011110111001000101110
100010001110101011010000110000101101101011001010110110000100000011100110110000101111001011100110010110000100000011010000110111101101110011001010111100100100000011010010111001100100000011000010010000001100110011010010110111001100101001000000110100101101110011001110111001001100101011001000110100101100101011011100111010000100000011101000110111100100000011000010111001101110011011010010111001101110100001011000010000001100001011011100110010000100000011100100110010101101110011001000110010101110010
1110000011000010110110001100001011101000110000101100010011011000110010100101100001000000110111001100101011101110010000001100011011100100110000101100010011000100110010101100100001000000110000101110101011100110111010001100101011100100110010100100000011000110110100101100100011001010111001000101110
1011111010100100110000101101001011100110110100101101110011101110110100101101110011001010010110000100000011101110110100101110100011010000010000001000011011010010110010001100101011100100010111001011111
10100000111010101110100001000000111010001110111011011110010000001101000011101010110111001100100011100100110010101100100001000000111011101100101011010010110011101101000011101000010000001101111011001100010000001001101011000010110110001100001011001110110000100100000011100100110000101101001011100110110100101101110011100110010000001101001011011100111010001101111001000000110000100100000011000110110000101110011011010110010110000100000011000010110111001100100001000000111000001101111011101010111001000100000011101010111000001101111011011100010000001110100011010000110010101101101
11000010010000001101000011011110110011101110011011010000110010101100001011001000010000001101111011001100010000001100111011011110110111101100100001000000111001101101111011101010110111001100100001000000110001101101001011001000110010101110010001000000111010001101000011000010111010000100000011010010111001100100000011011100110111101110100001000000111001001101111011101010110011101101000001011100010000001010011011101000110100101110010001000000110100101110100001000000111011101100101011011000110110000100000011101000111011101101111001000000110111101110010
111010001101000011100100110010101100101001000000110010001100001011110010111001100111011001000000111001101110100011011110111000000100000011010010111010000101100001000000110000101101110011001000010000001101100011001010111010000100000011010010111010000100000011100110111010001100001011011100110010000100000011100110110100101111000001000000110110101101111011011100111010001101000011100110011101100100000011101000110100001100101011011100010000001110010011000010110001101101011001000000110100101101110011101000110111100100000011000010010000001100011011000010111001101101011
1110100011010000110000101110100001000000110100101110100001000000111011101101001011011000110110000100000011001100110100101101100011011000010110000100000011000010110111001100100001000000111000001110101011101000010000001101001011011100010000001100001001000000110011101100001011011000110110001101111011011100010000001101111011001100010000001110100011010000110010100100000011000100110010101110011011101000010000001100010011100100110000101101110011001000111100100101110
1001001011001100010000001110010011000010110100101110011011010010110111001110111011010010110111001100101001000000110001001100101001000000110110101110101011000110110100000100000011101010111001101100101011001000010110000100000011010010111010000100000011101110110111101110101011011000110010000100000011000010110111001110011011101110110010101110010001000000111011101100101011011000110110000100000011101000110111100100000011010110110010101100101011100000010000001100001001000000110001101100001011100110110101100100000011000010110110001110111011000010111100101110011
110011001101111011100100010000001101001011101000010110000100000011000010110111001100100001000000110001001101111011101000111010001101100011001010010000001101111011001100110011000100000011011110110111001100101001000000111100101100101011000010111001011100010100000001001100101110011001000000111011101101001011011100110010100100000011010100111010101110011011101000010000001101001011011100010000001110100011010010110110101100101001000000111010001101111001000000110110101100001011010110110010100100000011101000110100001100101001000000110111001100101011110000111010000101100
11101110110100001101001011000110110100000101100001000000110000101101100011011000110111101110111011010010110111001100111001000000111010001101000011001010010000001110011011010010111100000100000011011010110111101101110011101000110100001110011001000000110111101100110001000000110100101101110011001100111010101110011011010010110111101101110001011000010000001110111011011110111010101101100011001000010000001101101011000010110101101100101001000000111010001101000011001010010000001110111011010010110111001100101001000000111010001101111001000000110001001100101
11001010110100101100111011010000111010001100101011001010110111000100000011011010110111101101110011101000110100001110011001000000110111101101100011001000010111000100000010010010110111000100000011000110110100101100100011001010111001000100000011000110110111101110101011011100111010001110010011010010110010101110011001000000111010001101000011010010111001100100000011101110110000101111001001000000110100101110011001000000111011001100101011100100111100100100000011001010110001101101111011011100110111101101101011010010110001101100001011011000011101100100000011000010110111001100100
110010101110110011001010110111000100000011010010110011000100000011011100110111101110100001000000111010001101000011011110111010101100111011010000111010000100000011100110111010001110010011011110110111001100111001000000110010101101110011011110111010101100111011010000010110000100000011101000110100001100101001000000110000101100100011001000110100101110100011010010110111101101110001000000110111101100110001000000110000101101110011011110111010001101000011001010111001000100000011100010111010101100001011100100111010001100101011100100010000001101111011001100010000001100001
11010000111010101101110011001000111001001100101011001000010000001101111011001100010000