10110101101101100011001010010110000100000001100010011000100110100
1011111010000110110000101110101011001000110110001100101010111110010110000100000001100100011010100110101
10110000100000011000010110111001101111011101000110100001100101011100100010110000100000001100100011010100110101
10110000100000011100100110100101100011011001010010110000100000001100100011010100110101
10110000100000011000110110111101101100011001000010110000100000001100100011010100110110
10110000100000011000010010000001100110011011000110111101110101011100100010110000100000001100100011011000110001
10110000100000011100100110100101100011011001010010110000100000001100100011011000110001
1011000010000001110100011011110010000001100111011010010111011001100101001000000110000101110111011000010111100100100000011101000110111100100000011100000110111101101111011100100010000001100110011000010110110101101001011011000110100101100101011100110010110000100000001100100011011000111000
1011111010000110110000101110101011011000110100101100110011011000110111101110111011001010111001001011111001011000010000001101001011011100010000001110111011010000110100101110100011001010010000001110011011000010111010101100011011001010010110000100000001100010011001000110110
10111110100001101100001011101100110010101100001011000110110100001011111001011000010000000110100
10111110100001101100101011000110110100101101100011100110101111100101100001000000011001100111001
10111110100001101100101011011000110010101110010011110010101111100101100001000000111010001101111001000000111001101110100011001010111011100101100001000000011000100111001
10111110100001101101000011001010110010101110011011001010101111100101100001000000111010001101111001000000111000001101111011101000010110000100000001100100011001100110000
101100001000000111010001101111001000000111001001101111011000010111001101110100001011000010000001110100011011110010000001100011011011110110110101100101001000000111010101110000001000000110000101100110011101000110010101110010001000000110010001101001011011100110111001100101011100100010110000100000001100100011001100110001
10110000100000010000110110100001100101011001010111001101100101001000000110100101110011001000000110000101101100011100110110111100100000011101010110111001100100011001010111001000100000011001000110100101100110011001100110010101110010011001010110111001110100001000000110111001100001011011010110010101110011001110110010000001100001011100110010000001011111010000110111001001100101011000010110110101011111001000000110001101101000011001010110010101110011011001010010110000100000010111110100000101110000011100100110100101100011011011110111010001011111
110001101101000011001010110010101110011011001010010110000100000001001100110001100101110
10111110100001101101000011001010110010101110011011001010110001101100001011010110110010101110011010111110010110000100000001100010011100000110011
1011000010000001100001001000000111000001101100011000010110100101101110011001010111001000100000011100110110111101110010011101000010110000100000001100010011100000110100
1011000010000001100001011011100110111101110100011010000110010101110010001000000111011101100001011110010010110000100000001100010011100000110100
1011000010000001101100011001010110110101101111011011100010110000100000001100010011100000110100
10110000100000011000010110111001101111011101000110100001100101011100100010110000100000001100010011100000110101
110111101110010011000010110111001100111011001010010110000100000001100010011100000110101
1011000010000001100001001000000111011001100101011100100111100100100000011001100110100101101110011001010010000001100011011100100111010101110011011101000010000001100110011011110111001000100000011101000110100001100101011011010010110000100000011101110110100001100101011011100010000001110100011011110010000001100010011001010010000001110000011000010111001001110100011010010110001101110101011011000110000101110010011011000111100100100000011011100110100101100011011001010010110000100000001100010011001100111001
10110000100000011100000110111101110100011000010111010001101111011001010010110000100000001100010011100000110101
101100001000000110000101101100011011010110111101101110011001000010110000100000001100010011100000110110
101100001000000110110001101001011001110110100001110100001000000111000001100001011100110111010001100101001000000110011001101111011100100010110000100000001100010011001100111001
101111101000011011010000110010101110010011100100110100101100101011100110101111100101100001000000110100101101110001000000110001001110010011000010110111001100100011110010010110000100000001100010011100100110101
10110000100000011101000110111100100000011001000111001001111001
11101110110100101110100011010000010000001110011011101010110011101100001011100100010110000100000001100010011100100110010
11101110110100101110100011010000110111101110101011101000010000001110011011101010110011101100001011100100010110000100000001100010011100100110010
101100001000000111010001101111001000000110010001110010011110010010000001110100011010000110010101101101001000000111010001101000011001010010000001100010011001010111001101110100001000000111011101100001011110010010110000100000001100010011100100111001
101100001000000110101001100001011011010010110000100000001100010011100100110000
101100001000000111000001101001011001010010110000100000001100010011011100111001
101100001000000010100001101101011011110111001001100101011011000110110001100001001010010010000001110100011011110010000001110000011100100110010101110011011001010111001001110110011001010010110000100000001100100011000000111001
101111101000011011010000110100101100011011010110110010101101110011100110101111100101100001000000111010001101111001000000111000001110101011011000110110000101100001000000011100000110000
1100010011100100110111101110100011010000010110000100000001100100011010100110000
11000110111010101110010011100100111100100101100001000000011100000110001
10110000100000011000010110111001101111011101000110100001100101011100100010110000100000011011010110111101110010011001010010000001110001011101010110100101100011011010110110110001111001001000000110110101100001011001000110010100101100001000000011100000110010
1011000010000001100110011100100110100101100011011000010111001101110011011001010110010100100000011011110110011000101100001000000011011100111001
111000001100001011011100110000101100100011000010010110000100000001100100011010100110000
1110000011010010110010100101100001000000011100000110000
1011111010000110110100001101111011000110110111101101100011000010111010001100101010111110010110000100000011101000110111100100000011100000111001001100101011100000110000101110010011001010010110000100000001100100011010100111000
101111101000011011011000110000101110010011110010101111100100000011101110110100101101110011001010010110000100000001100100011010000110100
1011111010000110110111101100100010111110010110000100000011000110111001001101001011011010111000000101100001000000011000100110011
1101000011001010110000101100100001000000110000101101110011001000010000001110011011010000110111101110101011011000110010001100101011100100111001100101100001000000011000100110010
1110000011010010110010100101100001000000011000100110001
1110010011000010110011101101111011101010111010000101100001000000011000100110011
111001101101111011101010110111001100100011100110010000001100010011011110110100101101100011001010110010000101100001000000011000100110011
1011111010000110110111101100100010111110010110000100000011000110111010101110010011100100111100100100000011011110110011000101100001000000011000100110011
10111110100001101101111011001000110110001101001011011100111001101011111001011000010000001110100011011110010000001101011011001010110010101110000001000000110011001101111011100100010000001110011011001010111011001100101011100100110000101101100001000000110110101101111011011100111010001101000011100110010110000100000001100010011100000111001
1011000010000001110100011011110010000001110011011000110110000101101100011001000010110000100000001100010011011100110111
11101000110000101110010011101000010110000100000001100010011011100111001
1011111010000110110111101100110011001100110010101100101010111110010110000100000011101000110111100100000011011010110000101101011011001010010110000100000001100100011010100111001
11000110111001001100101011000010110110100101100001000000110110101110101011000110110100000100000011000010110010001101101011010010111001001100101011001000010110000100000001100010011011100110001
11011010110100101101100011010110010110000100000001100100011010100111001
10111110100001101101111011011000110110001101111011100000111001101011111001011000010000001101101011101010111010001110100011011110110111000101100001000000011011100110010
10110000100000011101100110010101100001011011000010110000100000011001000111001001100101011100110111001101100101011001000010110000100000011100010111010101101001011000110110101100101100001000000011010000110100
10110000100000011000010110111001101111011101000110100001100101011100100010000001110111011000010111100100101100001000000011010000110101
101100001000000111011001100101011000010110110000101100001000000011010000110101
11011110110011000100000011000110110111101101100011001000010000001110110011001010110000101101100001000000110111101110010001000000110001101101000011010010110001101101011011001010110111000101100001000000011010000110101
1010011011000110110111101110100011000110110100000101100001000000011010000110110
10111110100001101101111011100100110111001101001011100110110100001011111001000000111000001101001011001010111001100101100001000000011100000111001
1011111010000110110111101110101011001110110100001011111001011000010000001100100011100100110000101110101011001110110100001110100001000000110011001101111011100100010110000100000001100100011010100111000
101111101000011011100100110000101100010010111110010110000100000011010000110111101110100001011000010000000111000
1011111010000110111001001100001011000110110101101101110011101010111010001110011010111110010110000100000001100100011001000110010
1011111010000110111001001100001011000110110101101101110011001010110110001110011010111110010110000100000001100100011001000110011
1011111010000110111001001100001011011100110001001100101011100100111001001101001011001010111001101011111001011000010000001100100011010010110011001100110011001010111001001100101011011100111010000100000011101110110000101