1010110110001101011011100110010000001101111011001100010000001101110011010010110111001100101001000000110010101100111011001110111001100100000010111110111011101100101011011000110110001011111001110110010000001100001011001000110010000100000011101000110100001100101001000000111000001100101011001010110110001110011001000000110000101101110011001000010000001101010011101010110100101100011011001010010000001100010011001010110000101110100011001010110111000100000011101000110111101100111011001010111010001101000011001010111001000100000011001100110111101110010
111001101101111011011010110010100100000011101000110100101101101011001010011101100100000011101000110100001100101011011100010000001110011011101000111001001100001011010010110111000100000011010010111010000100000011101000110100001110010011011110111010101100111011010000010000001100001001000000110011001101100011000010110111001101110011001010110110000100000011010010110111001110100011011110010000001110011011010010110110001110110011001010111001000100000011011110111001000100000011101100110010101110010011110010010000001101110011010010110001101100101
1100010011011000110111101100011011010110111010001101001011011100010000001110011011000010111010101100011011001010111000001100001011011100011101100100000011100110110010101110100001000000110100101110100001000000110111101110110011001010111001000100000011000010010000001100111011001010110111001110100011011000110010100100000011001100110100101110010011001010010110000100000011000010110111001100100001000000111001101110100011010010111001000100000011010010111010000100000011011110110111001100101001000000111011101100001011110010010000001110100011010010110110001101100
11100000111001001100101011101000111010001111001001000000111010001101000011010010110001101101011001011000010000001100001011011100110010000100000011100110110001101100001011011000110010001101001011011100110011100100000011010000110111101110100001011000010000001100010011101010111010000100000011011100110111101110100001000000110001001101111011010010110110001101001011011100110011100101100001000000110111101110010001000000110100101110100001000000111011101101001011011000110110000100000011000110111010101110010011001000110110001100101001011100010000001010000011011110111010101110010
11010010111010000100000011010010110111001110100011011110010000001101010011001010110110001101100011110010010000001100111011011000110000101110011011100110110010101110011001011100010000001000001001000000110011001100101011101110010000001101100011101010110110101110000011100110010000001101111011001100010000001110011011101010110011101100001011100100010000001110011011010000110111101110101011011000110010000100000011000100110010100100000011100100111010101100010011000100110010101100100001000000110100001100001011100100110010000100000011011110110111000100000011101000110100001100101
1101100011001010110110101101111011011100111001100100000011000100110010101100110011011110111001001100101001000000111010001101000011001010111100100100000011000010111001001100101001000000111000001100001011100100110010101100100001011000010000001101111011100100010000001100001011001100111010001100101011100100010110000100000011000010111001100100000011101000110100001100101001000000111000001100101011001010110110000100000011101110110100101101100011011000010000001100010011001010010000001110011011011110010000001110100011010000110100101101110001000000110000101110011
110111001101111011101000010000001110100011011110010000001110100011000010110101101100101001000000110000101101100011011000010000001110100011010000110010100100000011001010111001101110011011001010110111001100011011001010010110000100000011000010110111001100100001000000111010001101000011001010010000001110011011101010110011101100001011100100010000001110111011010010110110001101100001000000110000101110100011101000111001001100001011000110111010000100000011010010111010000101100001000000110000101101110011001000010000001100111011010010111011001100101
110001001100101011101000111010001100101011100100010000001100011011011110110110001101111011101010111001000100000011000010110111001100100001000000110011001101100011000010111011001101111011101010111001000101110
1011111010101110110100001101001011101000110010100100000011001000110100101110100011101000110111101011111
1001001011100110010000001101101011000010110010001100101001000000111010001101000011001010010000001110011011000010110110101100101001000000110000101110011001000000111010001101000011001010010000001100001011000100110111101110110011001010011101100100000011011110110111001101100011110010010000001110000011101010111010000100000011101000110100001100101001000000111011101101000011010010111010001100101011100110010000001101111011001100010000001110100011010000110010100100000011001010110011101100111011100110010000001101001011011100111001101110100011001010110000101100100
110111101100110001000000111010001101000011001010010000001111001011001010110110001101011011100110010110000100000011101110110100001101001011100110110101101101001011011100110011100100000011010010111010000100000011001010111100001110100011100100110010101101101011001010110110001111001001000000111011101100101011011000110110000100000011101000110111100100000011001100111001001101111011101000110100000101110
101111101001100011001010110110101101111011011100010000001000011011100100110010101100001011011010010111001011111
101010001100001011010110110010100100000011000010010000001110000011010010110111001110100001000000110111101100110001000000111010001101000011010010110001101101011001000000110001101110010011001010110000101101101001011000010000001100001011011100110010000100000011100000111010101110100001000000111010001101111001000000110100101110100001000000111010001101000011001010010000001111001011001010110110001101011011100110010000001101111011001100010000001110100011101110110111100100000011001010110011101100111011100110010000001110111011001010110110001101100
11000100110010101100001011101000110010101101110001011000010000001100110011011110111010101110010001000000110111101110101011011100110001101100101011100110010000001101111011001100010000001100110011010010110111001100101001000000111001101110101011001110110000101110010001011000010000001100001011011100110010000100000011101000110100001100101001000000111010001101000011010010110111000100000011100100110100101101110011001000010000001101111011001100010000001100001001000000110110001100101011011010110111101101110001110100010000001100010011011110110100101101100001000000110100101110100
11101010111000000101100001000000111010001101000011001010110111000100000011100110111010001101001011100100010000001101001011101000010000001110100011010010110110001101100001000000110000101101100011011010110111101110011011101000010000001100011011011110110110001100100001011100010000001010000011101010111010000100000011101000110100001100101001000000110101001110101011010010110001101100101001000000110111101100110001000000110000100100000011011000110010101101101011011110110111000100000011010010110111000100000011000010010000001100100011010010111001101101000001000000110111101110010
110001001101111011101110110110000101100001000000110000101101110011001000010000001110000011011110111010101110010001000000111010001101000011001010010000001100011011100100110010101100001011011010010000001110101011100000110111101101110001000000110100101110100001011000010000001110011011101000110100101110010011100100110100101101110011001110010000001101001011101000010000001110100011010010110110001101100001000000111000101110101011010010111010001100101001000000110001101101111011011000110010000101110
10111110100000101101110001000000110010101111000011000110110010101101100011011000110010101101110011101000010000001000011011100100110010101100001011011010010111001011111
1010111011010000110100101110000001000000111010101110000001000000111010001101000011100100110010101100101001000000111000101110101011000010111001001110100011001010111001001110011001000000110111101100110001000000110000100100000011100000110100101101110011101000010000001101111011001100010000001110110011001010111001001111001001000000111001001101001011000110110100000100000011000110111001001100101011000010110110100100000011101000110111100100000011000010010000001110011011101000111001001101111011011100110011100100000011001100111001001101111011101000110100000101100
11101110110100101110100011010000010000001110011011011110110110101100101001000000110011001101001011011100110010101101100011110010010000001110011011000110111001001100001011100000110010101100100001000000110110001100101011011010110111101101110011100000110010101100101011011000010110000100000011000010010000001110011011100010111010101100101011001010111101001100101001000000110111101100110001000000111010001101000011001010010000001101010011101010110100101100011011001010010110000100000011010000110000101101100011001100010000001100001001000000110011101101100011000010111001101110011
1101111011001100010000001110011011101110110010101100101011101000010000001110111011010010110111001100101001011000010000001100001011011100110010000100000011100110111010101100111011000010111001000100000011101000110111100100000011011010110000101101011011001010010000001101001011101000010000001110000011011000110010101100001011100110110000101101110011101000010000001100010011101010111010000100000011011100110111101110100001000000111010001101111011011110010000001110011011101110110010101100101011101000010111000100000010011000110000101111001001000000110100101110100
110111101101110001000000110000100100000011100110110100101100101011101100110010100100000011011110111001000100000011010010110111000100000011000010010000001100110011011110111001001101101001011000010000001100001011011100110010000100000011011100110010101111000011101000010000001100100011000010111100100100000011100000111010101110100001000000110100101110100001000000110111101101110001000000110000100100000011001000110100101110011011010000010110000100000011000010110111001100100001000000110111101110010011011100110000101101101011001010110111001110100001000000110100101110100
111011101101001011101000110100000100000011101100110010101110010011110010010000001101100011010010110011101101000011101000010000001110000011101010110011001100110001000000111000001100001011100110111010001100101001000000110001001101001011100110110001101110101011010010111010000101100001000000110110101100001011001000110010100100