110011101110010011001010110010101101101011001010110111001110100001011000010000001111001011011110111010100100000011011010111010101110011011101000010000001101111011000100111010001100001011010010110111000100000011100000110010101110010011011010110100101110011011100110110100101101111011011100010000001101001011011100010000001110111011100100110100101110100011010010110111001100111
1100110011100100110111101101101001000000111010001101000011001010010000001010000011100100110111101101010011001010110001101110100001000000100011101110101011101000110010101101110011000100110010101110010011001110010000001001100011010010111010001100101011100100110000101110010011110010010000001000001011100100110001101101000011010010111011001100101001000000100011001101111011101010110111001100100011000010111010001101001011011110110111000101100001000000111010001101000011001010010000001101101011000010110111001100001011001110110010101110010001000000110111101100110
111010001101000011001010010000001010000011100100110111101101010011001010110001101110100001000000100011101110101011101000110010101101110011000100110010101110010011001110010110101110100011011010010000001110100011100100110000101100100011001010110110101100001011100100110101100101110001000000100001101101111011011100111010001100001011000110111010000100000011101000110100001100101001000000100011001101111011101010110111001100100011000010111010001101001011011110110111000100000011000010111001100100000011100110110010101110100
1100110011011110111001001110100011010000010000001101001011011100010000001010011011001010110001101110100011010010110111101101110001000000011001100100000011000100110010101101100011011110111011100101110
110001001011100100011000101110
1100010010111001000110001011100011000100101110001000000101000001110010011011110110101001100101011000110111010000100000010001110111010101110100011001010110111001100010011001010111001001100111001000000111011001101111011011000111010101101110011101000110010101100101011100100111001100100000011000010110111001100100001000000110010101101101011100000110110001101111011110010110010101100101011100110010000001100101011110000111000001100101011011100110010000100000011000110110111101101110011100110110100101100100011001010111001001100001011000100110110001100101
1100101011001100110011001101111011100100111010000100000011101000110111100100000011010010110010001100101011011100111010001101001011001100111100100101100001000000110010001101111001000000110001101101111011100000111100101110010011010010110011101101000011101000010000001110010011001010111001101100101011000010111001001100011011010000010000001101111011011100010110000100000011101000111001001100001011011100111001101100011011100100110100101100010011001010010000001100001011011100110010000100000011100000111001001101111011011110110011001110010011001010110000101100100
111011101101111011100100110101101110011001000000110111001101111011101000010000001110000011100100110111101110100011001010110001101110100011001010110010000100000011000100111100100100000010101010010111001010011001011100010000001100011011011110111000001111001011100100110100101100111011010000111010000100000011011000110000101110111001000000110100101101110001000000110001101110010011001010110000101110100011010010110111001100111001000000111010001101000011001010010000001010000011100100110111101101010011001010110001101110100
100011101110101011101000110010101101110011000100110010101110010011001110010110101110100011011010010000001100011011011110110110001101100011001010110001101110100011010010110111101101110001011100010000001000100011001010111001101110000011010010111010001100101001000000111010001101000011001010111001101100101001000000110010101100110011001100110111101110010011101000111001100101100001000000101000001110010011011110110101001100101011000110111010000100000010001110111010101110100011001010110111001100010011001010111001001100111001011010111010001101101
110010101101100011001010110001101110100011100100110111101101110011010010110001100100000011101110110111101110010011010110111001100101100001000000110000101101110011001000010000001110100011010000110010100100000011011010110010101100100011010010111010101101101001000000110111101101110001000000111011101101000011010010110001101101000001000000111010001101000011001010111100100100000011011010110000101111001001000000110001001100101001000000111001101110100011011110111001001100101011001000010110000100000011011010110000101111001
1100011011011110110111001110100011000010110100101101110001000000010001001000100011001010110011001100101011000110111010001110011001011000010001000100000011100110111010101100011011010000010000001100001011100110010110000100000011000100111010101110100001000000110111001101111011101000010000001101100011010010110110101101001011101000110010101100100001000000111010001101111001011000010000001101001011011100110001101101111011011010111000001101100011001010111010001100101001011000010000001101001011011100110000101100011011000110111010101110010011000010111010001100101
110111101110010001000000110001101101111011100100111001001110101011100000111010000100000011001000110000101110100011000010010110000100000011101000111001001100001011011100111001101100011011100100110100101110000011101000110100101101111011011100010000001100101011100100111001001101111011100100111001100101100001000000110000100100000011000110110111101110000011110010111001001101001011001110110100001110100001000000110111101110010001000000110111101110100011010000110010101110010
11010010110111001110100011001010110110001101100011001010110001101110100011101010110000101101100001000000111000001110010011011110111000001100101011100100111010001111001001000000110100101101110011001100111001001101001011011100110011101100101011011010110010101101110011101000010110000100000011000010010000001100100011001010110011001100101011000110111010001101001011101100110010100100000011011110111001000100000011001000110000101101101011000010110011101100101011001000010000001100100011010010111001101101011001000000110111101110010
1101111011101000110100001100101011100100010000001101101011001010110010001101001011101010110110100101100001000000110000100100000011000110110111101101101011100000111010101110100011001010111001000100000011101100110100101110010011101010111001100101100001000000110111101110010001000000110001101101111011011010111000001110101011101000110010101110010001000000110001101101111011001000110010101110011001000000111010001101000011000010111010000100000011001000110000101101101011000010110011101100101001000000110111101110010
11000110110000101101110011011100110111101110100001000000110001001100101001000000111001001100101011000010110010000100000011000100111100100100000011110010110111101110101011100100010000001100101011100010111010101101001011100000110110101100101011011100111010000101110
110001001011100100011000101110001100100010111000100000010011000100100101001101010010010101010001000101010001000010000001010111010000010101001001010010010000010100111001010100010110010010110000100000010001000100100101010011010000110100110001000001010010010100110101000101010100100010000001001111010001100010000001000100010000010100110101000001010001110100010101010011001000000010110100100000010001010111100001100011011001010111000001110100001000000110011001101111011100100010000001110100011010000110010100100000001000100101001001101001011001110110100001110100
1101111011001100010000001010010011001010111000001101100011000010110001101100101011011010110010101101110011101000010000001101111011100100010000001010010011001010110011001110101011011100110010000100010001000000110010001100101011100110110001101110010011010010110001001100101011001000010000001101001011011100010000001110000011000010111001001100001011001110111001001100001011100000110100000100000001100010010111001000110001011100011001100101100001000000111010001101000011001010010000001010000011100100110111101101010011001010110001101110100
10001110111010101110100011001010110111001100010011001010111001001100111001000000100110001101001011101000110010101110010011000010111001001111001001000000100000101110010011000110110100001101001011101100110010100100000010001100110111101110101011011100110010001100001011101000110100101101111011011100010110000100000011101000110100001100101001000000110111101110111011011100110010101110010001000000110111101100110001000000111010001101000011001010010000001010000011100100110111101101010011001010110001101110100
10001110111010101110100011001010110111001100010011001010111001001100111001011010111010001101101001000000111010001110010011000010110010001100101011011010110000101110010011010110010110000100000011000010110111001100100001000000110000101101110011110010010000001101111011101000110100001100101011100100010000001110000011000010111001001110100011110010010000001100100011010010111001101110100011100100110100101100010011101010111010001101001011011100110011100100000011000010010000001010000011100100110111101101010011001010110001101110100
10001110111010101110100011001010110111001100010011001010111001001100111001011010111010001101101001000000110010101101100011001010110001101110100011100100110111101101110011010010110001100100000011101110110111101110010011010110010000001110101011011100110010001100101011100100010000001110100011010000110100101110011001000000110000101100111011100100110010101100101011011010110010101101110011101000010110000100000011001000110100101110011011000110110110001100001011010010110110100100000011000010110110001101100
110110001101001011000010110001001101001011011000110100101110100011110010010000001110100011011110010000001111001011011110111010100100000011001100110111101110010001000000110010001100001011011010110000101100111011001010111001100101100001000000110001101101111011100110111010001110011001000000110000101101110011001000010000001100101011110000111000001100101011011100111001101100101011100110010110000100000011010010110111001100011011011000111010101100100011010010110111001100111001000000110110001100101011001110110000101101100
11001100110010101100101011100110010111000100000010110010100111101010101001000000100000101000111010100100100010101000101001000000101010001001000010000010101010000100000010110010100111101010101001000000100100001000001010101100100010100100000010011100100111100100000010100100100010101001101010001010100010001001001010001010101001100100000010001100100111101010010001000000100