1001110010110000100000011101000110100001110010011011110111011100100000011010010110111000100000011000010010000001101000011000010110111001100100011001100111010101101100001000000110111101100110001000000111001101101100011010010110001101100101011001000010000001101111011011100110100101101111011011100111001100100000011000110111010101110100
111001101101101011000010110110001101100001110100010000001100110011100100111100100100000011101000110100001100101011011010010000001100010011100100110111101110111011011100010110000100000011000100111010101110100001000000110010001101111001000000110111001101111011101000010000001101100011001010111010000100000011101000110100001100101011011010010000001100010011101010111001001101110001110100010000001100001011001000110010000100000011010000110000101101100011001100010000001100001001000000111001101110000011011110110111101101110011001100111010101101100001000000110111101100110
11001100110110001101111011101010111001000101100001000000111001101101000011000010110101101100101001000000111010001101000011001010010000001101111011011100110100101101111011011100111001100100000011010010110111000100000011010010111010000101100001000000110011101101001011101100110010100100000011000010110111001101111011101000110100001100101011100100010000001100110011100100111100100101100001000000111010001101000011001010110111000100000011100000111010101110100001000000110011001101111011101010111001000100000011100110111000001101111011011110110111001100110011101010110110001110011
11011110110011000100000011001110111001001100001011101100111100100101100001000000111000001100101011100000111000001100101011100100010110000100000011000010110111001100100001000000111001101100001011011000111010000101100001000000110000101101110011001000010000001100010011011110110100101101100001000000110011101100101011011100111010001101100011110010010000001110100011001010110111000100000011011010110100101101110011101010111010001100101011100110010111000100000010100110110101101101001011011010010000001101111011001100110011000100000011101000110100001100101
110011001100001011101000011101000100000011000010110010001100100001000000110000100100000011101000110010101100001011100110111000001101111011011110110111001100110011101010110110000100000011011110110011000100000011011010110000101100100011001010010000001101101011101010111001101110100011000010111001001100100001011000010000001100001001000000111001101110000011011110110111101101110011001100111010101101100001000000110111101100110001000000111011001101001011011100110010101100111011000010111001000101100001000000110000101101110011001000010000001101000011000010110110001100110
110000100100000011011000110010101101101011011110110111000100000011010100111010101101001011000110110010100111010001000000110001001101111011010010110110000101100001000000110000101101110011001000010000001110000011011110111010101110010001000000111001001101111011101010110111001100100001000000111010001101000011001010010000001110011011101000110010101100001011010110111001100101100001000000111011101101000011010010110001101101000001000000111001101101000011011110111010101101100011001000010000001100010011001010010000001101111011001100010000001100001
110011001101001011011100110010100100000011110010110010101101100011011000110111101110111001000000110001001110010011011110111011101101110001011000010000001100001011011100110010000100000011001110110000101110010011011100110100101110011011010000110010101100100001000000111011101101001011101000110100000100000011001100111001001101001011001010110010000100000011100000110000101110010011100110110110001100101011110010010000001100001011011100110010000100000011011000110010101101101011011110110111000101110
101111101000001011011100010000001000101011110000110001101100101011011000110110001100101011011100111010000100000010100110110000101110101011000110110010100100000011001100110111101110010001000000100001101100001011100100111000000100000011011110111001000100000011000100110111101101001011011000110010101100100001000000101010001110101011100100110101101100101011110010010111001011111
1010010011101010110001000100000011010000110000101101100011001100010000001100001001000000111000001101111011101010110111001100100001000000110111101100110001000000110001001110101011101000111010001100101011100100010000001110111011010010111010001101000001000000110000100100000011101000110010101100001011100110111000001101111011011110110111001100110011101010110110000100000011011110110011000100000011001100110110001101111011101010111001000111011001000000111000001110101011101000010000001110100011011110010000001101001011101000010000001100001
10111110110110001101001011101000111010001101100011001010101111100100000011101110110000101110100011001010111001000101100001000000110110101100101011011000111010000100000011010010111010000101100001000000110000101101110011001000010000001100001011001000110010000100000011011100110010101100001011100100010000001100001001000000111000101110101011000010111001001110100011001010111001000100000011011110110011000100000011000010010000001110000011010010110111001110100001000000110111101100110001000000111010001101000011010010110001101101011
11000110111001001100101011000010110110100101100001000000110000101101110011001000010000001101000011000010110110001100110001000000110000101101110001000000110000101101110011000110110100001101111011101100111100100100000011000110110100001101111011100000111000001100101011001000010000001100110011010010110111001100101001011000010000001110101011011100111011101100001011100110110100001100101011001000011101100100000011100110110010101110100001000000110100101110100001000000110111101110110011001010111001000100000011101000110100001100101001000000110011001101001011100100110010100101100
11000010110111001100100001000000110000101110011001000000110100101110100001000000110001001101111011010010110110001110011001000000111010101110000001011000010000001100001011001000110010000100000011000010010000001101100011000010111001001100111011001010010000001110011011100000110111101101111011011100110011001110101011011000010000001101111011001100010000001110010011001010110000101101100001000000100100101101110011001000110100101100001001000000111001101101111011110010010111000100000010010010110011000100000011101000110100001100001011101000010000001100100011011110110010101110011
110111001101111011101000010000001100111011010010111011001100101001000000110100101110100001000000110000100100000011001100110100101101110011001010010000001100011011011110110110001101111011101010111001000101100001000000111000001110101011101000010000001100001001000000110110001101001011101000111010001101100011001010010000001101101011011110111001001100101001011100010000001010100011101010111001001101110001000000110100101110100001000000110100101101110011101000110111100100000011101000110100001100101001000000111001101100001011101010110001101100101
111010001110101011100100110010101100101011011100010110000100000011000010110111001100100001000000111000001110101011101000010000001110011011011110110110101100101001000000111001101100001011011000111010000101100001000000110000101101110011001000010000001101000011000010110110001100110001000000110000100100000011011000110010101101101011011110110111000101110001000000101001101110100011010010111001000100000011010010111010000100000011101110110010101101100011011000010000001110100011011110010000001110000011100100110010101110110011001010110111001110100
11000110111010101110010011001000110110001101001011011100110011100101110
101111101010011011000010111010101100011011001010010000001100110011011110111001000100000011000110110111101101100011001000010000001000110011011110111011101101100001000000110111101110010001000000101000001100001011100100111010001110010011010010110010001100111011001010010111001011111
101001001110101011000100010000001100100011011110111011101101110001000000110100101101110001000000110000100100000011011010110111101110010011101000110000101110010001000000111010001101000011001010010000001111001011001010110110001101011011100110010000001101111011001100010000001110100011101110110111100100000011001010110011101100111011100110010000001100010011011110110100101101100011001010110010000100000011010000110000101110010011001000010110000100000011000010110111000100000011000010110111001100011011010000110111101110110011110010010110000100000011101000111011101101111
11001000110010101110011011100110110010101110010011101000010000001110011011100000110111101101111011011100110011001110101011011000111001100100000011011110110011000100000011011110110100101101100001011000010000001100001001000000110110001101001011101000111010001101100011001010010000001110011011010000110000101101100011011110111010000101100001000000110000101101110011001000010000001100001001000000111010001100101011000010111001101110000011011110110111101101110011001100111010101101100001000000110111101100110001000000110110101110101011100110111010001100001011100100110010000101100
1010000110000101101100011011000010000001110011011010000110111101110101011011000110010000100000011000100110010100100000011100000110111101110101011011100110010001100101011001000010000001100010011001010110011001101111011100100110010100100000011101000110100001100101001000000110111101101001011011000010000001100010011001010010000001100001011001000110010001100101011001000010100100100000011101000110100001100101011011100010000001110011011101000111001001100001011010010110111000100000011010010111010000101110
10111110101011001101001011011100110000101100111011100100110010101110100001000000110011001101111011100100010000001100011011011110110110001100100001000000100011001101111011101110110110000100000011011110111001000100000010011010110010101100001011101000010111001011111
100001101101000011011110111000000100000011001100110100101101110011001010010000001101101011010010110111001110100001011000010000001110000011000010111001001110011011011000110010101111001001011000010000001100001011011100110010000100000011100110110100001100001011011000110111101110100001011000010000001100001011011100110010000100000011000010110010001100100001000000111001101100001011011000111010000101100001000000110111101101001011011000010110000100000011000010110111001100100001000000111011001101001011011100110010101100111011000010111001000101110001000000100100101110100
110110101100001011110010010000001100010011001010010000001110000011011110111010101110010011