100000011010010111010000100000011101010111000000100000011000010111001100100000011110010110111101110101001000000111011101101111011101010110110001100100
111011001100101011011100110100101110011011011110110111000101110
100000100100000011001110111001001100001011101100111100100100000011011010111010101110011011101000010000001100010011001010010000001101101011000010110010001100101001000000110111101100110001000000110000100100000011100000110111101110101011011100110010000100000011000010110111001100100001000000110000100100000011010000110000101101100011001100010000001101111011001100010000001101100011011110110100101101110001000000110111101100110001000000110111101101100011001000010000001101101011101010111010001110100011011110110111000101100
11100110110100101101101011011010110010101110010011001010110010000100000011010010110111000100000011000010010000001110000011010010110111001110100001000000110111101100110001000000111011101100001011101000110010101110010001000000111010001101111001000000110100001100001011011000110011000101100001000000110000101101110011001000010000001101110011011110010000001110011011001010110000101110011011011110110111001101001011011100110011100100000011000100111010101110100001000000111001101100001011011000111010000101110001000000100001001110010011011110111011101101110001000000110100101110100
111011101101001011101000110100000100000011000010010000001101100011010010111010001110100011011000110010100100000011000100111010101110010011011100111010000100000011100110111010101100111011000010111001000101100001000000110000101101110011001000010000001110011011001010110111001100100001000000110100101110100001000000111010101110000001000000110100101101110001000000111010001101000011001010010000001100100011010010111001101101000001110100010000001100010011101010111010000100000011101000110100001100101011100100110010100100000011100110110100001101111011101010110110001100100
11000100110010100100000011011010111010101100011011010000010000001100111011100100110000101110110011110010010000001101001011011100010000001110100011010000110010100100000011011010110010101100001011101000011101100100000011001100110111101110010001000000111010001101000011011110111010101100111011010000010000001101100011011110110111001100111001000000110000101110100001000000111010001101000011001010010000001100110011010010111001001100101001011000010000001110100011010000110010100100000011001000110100101110011011101000110000101101110011000110110010100100000011000010110111001100100
110001101101111011101100110010101110010011010010110111001100111001000000111011101101001011011000110110000100000011100000111001001100101011101100110010101101110011101000010000001101001011101000111001100100000011000100110010101101001011011100110011100100000011001000110111101101110011001010010000001100100011100100111100100101110
10100110110010101110010011101100110010100100000011101110110100101110100011010000010000001100011011101010111001001110010011000010110111001110100011010100110010101101100011011000111100100100000011100110110000101110101011000110110010100101110
10011000110010101100111011100110010000001110010011011110110000101110011011101000110010101100100001011000010000001100001011011100110010000100000011011110110111001101001011011110110111000100000011011110111001000100000011000110111010101110010011100100110000101101110011101000110101001100101011011000110110001111001001000000111001101100001011101010110001101100101001110100010000001101111011100100010110000100000011000100110111101101001011011000110010101100100001011000010000001110111011010010111010001101000001000000110001101100001011100000110010101110010
11100110110000101110101011000110110010100100000011000010110111001100100001000000111011001100101011001110110010101110100011000010110001001101100011001010111001100101110
10011100110010101100011011010110111001100100000011000010111001001100101001000000111000001100001011100100111010001101001011000110111010101101100011000010111001001101100011110010010000001110101011100110110010101100110011101010110110000101100001000000110000101110011001000000111001101101111001000000110110101100001011011100111100100100000011001000110100101110011011010000110010101110011001000000110110101100001011110010010000001100010011001010010000001101101011000010110010001100101001000000110111101100110001000000111010001101000011001010110110100111011
11000100111010101110100001000000111010001101000011001010111100100100000011000010111001001100101001000000110111001101111011101000010000001100001011001000111011001100001011011100111010001100001011001110110010101101111011101010111001100100000011001100110111101110010001000000111010001101000011001010010000001100110011000010110110101101001011011000111100100101110001000000101010001101000011001010010000001100010011011110110111001100101011100110010000001110011011010000110111101110101011011000110010000100000011000100110010100100000011000110111010101110100
11100110110100001101111011100100111010000111011001000000111011101101000011010010110001101101000001000000111010001101000011001010010000001100010011101010111010001100011011010000110010101110010011100110010000001110111011010010110110001101100001000000110111001101111011101000010000001100100011011110010000001110101011011100110110001100101011100110111001100100000011100000110000101110010011101000110100101100011011101010110110001100001011100100110110001111001001000000110010001100101011100110110100101110010011001010110010000101110
10111110100111001101111011101000110010100101110010111110010000001010111011010000110010101101110001000000111010001101000011001010111001001100101001000000110100101110011001000000110110101101111011100100110010100100000011001100110000101110100001000000111010001101111001000000110000100100000011011100110010101100011011010110010000001101111011100100010000001101100011011110110100101101110001000000110111101100110001000000110110101110101011101000111010001101111011011100010000001110100011010000110000101101110001000000110100101110011
1100001011001110111001001100101011001010110000101100010011011000110010100100000011101000110111100100000011001010110000101110100001000000111011101101001011101000110100000100000011101000110100001100101001000000110110001100101011000010110111000101100001000000110100101110100001000000110110101100001011010110110010101110011001000000110000101101110001000000111010101101110011000110110111101101101011011010110111101101110011011000111100100100000011001110110111101101111011001000010000001110011011101010110010101110100
111000001110101011001000110010001101001011011100110011100101100001000000110111101110010001000000110001101110010011101010111001101110100001000000110011001101111011100100010000001100001001000000110110101100101011000010111010001110000011010010110010100101100001000000110001001100101011010010110111001100111001000000110001101110101011101000010000001110110011001010111001001111001001000000110011001101001011011100110010100101110
10101000110100001100101001000000110001001100101011100110111010000100000011001010110111001100100001000000110111101100110001000000111010001101000011001010010000001101110011001010110001101101011001000000110001001101111011010010110110001100101011001000010110000100000011000010110111001100100001000000111001101100101011100100111011001100101011001000010000001110111011010010111010001101000001000000111010001110101011100100110111001101001011100000111001100111010001000000110111101110010001000000111001001101111011000010111001101110100011001010110010000111010001000000110111101110010
1101001011011100010000001110011011101000110010101100001011010110111001100101100001000000110100101101110001000000111000001101001011001010111001100101100001000000110111101110010001000000110100001100001011100100111001001101001011000110110111100101110
10101000110100001100101001000000111001101100011011100100110000101100111001000000111001101110100011001010111011101100101011001000010000001101001011011100010000001100010011100100110111101110100011010000010110000100000011011110111001000100000011101110110100101110100011010000010000001100001001000000111001101101101011000010110110001101100001000000111000101110101011000010110111001110100011010010111010001111001001000000110111101100110001000000111011101100001011101000110010101110010001011000010000001110011011011110110110101100101001000000111001101101101011000010110110001101100
110111101101110011010010110111101101110011100110010110000100000011000010010000001100110011001010111011100100000011100000110010101110000011100000110010101110010011000110110111101110010011011100111001100100000011000010110111001100100001000000110000100100000011011000110100101110100011101000110110001100101001000000111001001101001011000110110010100101100001000000110000101101110011001000010000001110011011001010111001001110110011001010110010000100000011101000110111101100111011001010111010001101000011001010111001000101110
1011111010010000110000101110010011100100110100101100011011011110010111001011111
101010001100001011010110110010100100000011011110110011001100110001000000111001101101111011011010110010100100000011011110110011000100000011101000110100001100101001000000110011001100001011101000010110000100000011000010110111001100100001000000110001101110101011101000010000001110100011010000110010100100000011011010110100101100100011001000110110001100101001000000110111101110010001000000110001001100101011100110111010000100000011001010110111001100100001000000110111101100110001000000111010001101000011001010010000001101110011001010110001101101011
11010010110111001110100011011110010000001110010011000010111010001101000011001010111001000100000011101000110100001101001011011100010000001110011011101000110010101100001011010110111001100101110001000000101000001110101011101000010000001110100011010000110010100100000011001100110000101110100001000000110100101101110011101000110111100100000011000010010000001100110011100100111100101101001011011100110011101110000011000010110111000101100001000000110000101101110011001000010110000100000011001100110110001101111011101010111001001101001011011100110011100101100
11001100111001001111001001000000111010001101000011001010110110100100000011010010110111000100000011010010111010000100000011011110110011000100000011000010010000001100110011010010110111001100101001000000110110001101001011001110110100001110100001000000110001001110010011011110111011101101110001011000010000001