001110001011101010110000101110010011101000010000001101111011001100010000001100110011100100110010101110011011010000010000001100011011100100110010101100001011011010010110000100000011100000111010101110100001000000110000100100000011100000110100101101110011101000010000001101111011001100010000001101110011001010111011100100000011011010110100101101100011010110010000001110111011000010111001001101101001000000110010101101110011011110111010101100111011010000010000001110100011011110010000001101101011000010110101101100101
111010001101000011001010010000001100011011100100110010101100001011011010010000001100001001000000111000001110010011011110111000001100101011100100010000001110111011000010111001001101101011101000110100000101100001000000110000100100000011000100110100101110100001000000110111101100110001000000111001101110101011001110110000101110010001000000110000101101110011001000010000001100001001000000110110001101001011101000111010001101100011001010010000001110010011001010110111001101110011001010111010000101110
101001101100101011101000010000001101110011001010110000101110010001000000111010001101000011001010010000001100110011010010111001001100101001000000111010001101001011011000110110000100000011101000110100001100101001000000110001101110101011100100110010000100000011000110110111101101101011001010111001100101100001000000110011001101001011011000110110000100000011000010010000001110110011000010111010000100000011011010110000101100100011001010010000001101001011011100010000001110100011010000110010100100000011001100110111101110010011011010010000001101111011001100010000001100001
1100010011100100110100101100011011010110010110000100000011011110110011000100000011101110110100001100101011000010111010000100000011100110111010001110010011000010111011100100000011011110111001000100000011100100111010101110011011010000110010101110011001000000111001101100101011101110110010101100100001000000111010001101111011001110110010101110100011010000110010101110010001011100010000001001000011000010111011001100101001000000111001001100101011000010110010001111001001000000110000100100000011100110111000101110101011000010111001001100101001000000110111101100110
11100110111010001110010011000010111011100101100001000000110111101110010001000000111001001110101011100110110100001100101011100110010000001110011011001010111011101100101011001000010000001100110011011000110000101110100001000000111010001101111001000000111001001100101011100110111010000100000011101000110100001100101001000000111011001100001011101000010000001101111011011100010110000100000011000010110111001100100001000000110000101101110011011110111010001101000011001010111001000100000011101000110111100100000011000110110111101110110011001010111001000100000011010010111010000111011
1110100011010000110010100100000011101100110000101110100001000000110001001100101011010010110111001100111001000000110111101110000011001010110111000100000011000010111010000100000011101000110111101110000001000000110000101101110011001000010000001100010011011110111010001110100011011110110110100101110001000000100111001100101011110000111010000100000011001000110000101111001001000000111010001100001011010110110010100100000011010010111010000100000011011110111010101110100001011000010000001100001011011100110010000100000011000110110100001100001011011100110011101100101
1101001011101000010000001100001011100110010000001100001011000100110111101110110011001010010000001110100011011110010000001110010011010010111000001100101011011100010111000100000010000010010000001101000011000010110110001100110001000000111000001101111011101010110111001100100001000000111011101100101011010010110011101101000011101000010000001110111011010010110110001101100001000000110001001100101001000000111001101110101011001100110011001101001011000110110100101100101011011100111010000100000011101000110111100100000011100000111010101110100001000000110111101101110
11010010111010000101110
101111101000001011011100110111101110100011010000110010101110010001000000111011101100001011110010010111001011111
1010100011000010110101101100101001000000110000100100000011100000110100101101110011101000010000001101111011001100010000001110110011001010111001001111001001000000111010001101000011010010110001101101011001000000111001101101111011101010111001000100000011000110111001001100101011000010110110100100000011001100111001001101111011011010010000001110100011010000110010100100000011101000110111101110000001000000110111101100110001000000111010001101000011001010010000001110000011000010110111000100000011001100110111101110010
110011101100001011101000110100001100101011100100110100101101110011001110010000001100110011011110111001000100000011000100111010101110100011101000110010101110010001011000010000001101100011000010111100100100000011000010010000001101110011000010111000001101011011010010110111000100000011011110110111000100000011101000111011101101111001000000111000001101100011000010111010001100101011100110010110000100000011000010110111001100100001000000111000001101111011101010111001000100000011010000110000101101100011001100010000001101001011011100111010001101111
1100101011000010110001101101000001011000010000001101100011001010111010000100000011101000110100001100101011011010010000001110011011101000110000101101110011001000010000001110100011101110110010101101100011101100110010100100000011010000110111101110101011100100111001100101100001000000111010001101000011001010110111000100000011100000111010101110100001000000111010001101000011001010110110100100000011011110110111000100000011000010010000001100110011100100110010101110011011010000010000001110111011001010111010000100000011011100110000101110000011010110110100101101110
110100101101110001000000110111101101110011001010010000001110000011011000110000101110100011001010010110000100000011000010110111001100100001000000110001101101111011101100110010101110010001000000111011101101001011101000110100000100000011101000110100001100101001000000111001101100001011011010110010100111011001000000111010001101000011010010111001100100000011001000110111100100000011001010111011001100101011100100111100100100000011101000111011101100101011011000111011001100101001000000110100001101111011101010111001001110011001000000111010101101110011101000110100101101100
1111001011011110111010100100000011001100110100101101110011001000010000001110100011010000110010100100000011000110110100001100101011001010111001101100101001000000110001001100101011001110110100101101110011100110010000001110100011011110010000001101100011011110110111101101011001000000110010001110010011110010010110000100000011101000110100001100101011011100010000001110010011010010111000001100101011011100010000001101001011101000010000001110111011010010111010001101000001000000110111001110101011101000010000001101100011001010110000101110110011001010111001100111011
110100101110100001000000111011101101001011011000110110000100000011000100110010100100000011100100110010101100001011001000111100100100000011010010110111000100000011101000110010101101110001000000110010001100001011110010111001100101110
100011001110010011001010111001101101000001000000110111001100101011101000111010001101100011001010111001100101100001000000110111101110010001000000111010001110111011011110010000001110000011001010111011101110100011001010111001000100000011100000110110001100001011101000110010101110011001011000010000001110111011010010110110001101100001000000111001001101001011100000110010101101110001000000110001101110010011001010110000101101101001000000110001101101000011001010110010101110011011001010010000001110110011001010111001001111001001000000111011101100101011011000110110000101110
10111110101010001101111001000000110001001110010011001010111011100100000011101100110010101110010011110010010000001100110011010010110111001100101001000000101011101100101011011000111001101101000001000000100000101101100011001010010111001011111
1010000011011110111010101110010001000000110011001101111011100100111010001111001001000000111010001110111011011110010000001100111011000010110110001101100011011110110111001110011001000000110111101100110001000000111011101100001011101000110010101110010001000000110100001101111011101000010110000100000011000100111010101110100001000000110111001101111011101000010000001110001011101010110100101110100011001010010000001100010011011110110100101101100011010010110111001100111001011000010000001101111011011100010000001100110011011110111010101110010
1100010011101010111001101101000011001010110110001110011001000000110111101100110001000000110110101100001011011000111010000101100001000000110001101101111011101100110010101110010001011000010000001100001011011100110010000100000011011000110010101110100001000000110100101110100001000000111001101110100011000010110111001100100001000000111010001101000011100100110010101100101001000000110100001101111011101010111001001110011001011100010000001001001011011100010000001110100011010000110010100100000011011010110010101100001011011100010000001110100011010010110110101100101
1101001011011100110011001110101011100110110010100100000011000010010000001110000011011110111010101101110011001000010000001100001011011100110010000100000011000010010000001101000011000010110110001100110001000000110111101100110001000000110100001101111011100000111001100100000011010010110111000100000011000010010000001101100011010010111010001110100011011000110010100100000011010000110111101110100001000000111011101100001011101000110010101110010001011000010000001101111011100100010000001110100011101110110111100100000011100000110111101110101011011100110010001110011
11010010110011000100000011101000110100001100101001000000110000101101100011001010010000001101001011100110010000001110100011011110010000001100010011001010010000001101011011001010111000001110100001000000110011001101001011101100110010100100000011011110111001000100000011100110110100101111000001000000110110101101111011011100111010001101000011100110010110000100000011000010110111001100100001000000111000001110101011101000010000001110111011000010111010001100101011100100010000001100001011011100110010000100000011010000110111101110000011100110010000001101001011011100111010001101111
11101000110100001100101001000000111010001110101011000100010110000100000011000010110111001100100001000000111001001110101011011100010000001110100011010000110010100100000011101110110111101110010011101000010000001110101011100000110111101101110001000000111010