10001111001001110100010000001110011011101000111001001100101011101110010000001101111011101100110010101110010001011000010000001100110011010010110110001101100001000000111010101110000
11101110110100101110100011010000010000001100010011100100110000101101110011001000111100100101100001000000110000101101110011001000010000001110100011010010110010100100000011000010010000001100010011011000110000101100100011001000110010101110010001000000110111101110110011001010111001000101110
1011111010101000110111100100000011100000111001001100101011100000110000101110010011001010010000001001111011100100110000101101110011001110110010101110011001000000111010001101111001000000111000001110101011101000010000001101001011011100111010001101111001000000100111101110010011000010110111001100111011001010010000001010000011101010110010001100100011010010110111001100111011100110010111001011111
10100000111010101110100001000000111010001110111011001010110110001110110011001010010000001010011011001010111011001101001011011000110110001100101001000000110111101110010011000010110111001100111011001010111001100100000011010010110111000100000011101110110000101110100011001010111001000101100001000000110000101101110011001000010000001100011011010000110000101101110011001110110010100100000011101000110100001100101011011010010000001110100011010000111001001100101011001010010000001100100011000010111100101110011001011100010000001000010011011110110100101101100
11101000110100001100101011011010010000001101001011011100010000001110100011010000110010100100000011011000110010101100001011100110111010000100000011101110110000101110100011001010111001000100000011101000110100101101100011011000010000001110100011001010110111001100100011001010111001000111010001000000111001101100011011011110110111101110000001000000110111101110101011101000010000001110100011010000110010100100000011100000111010101101100011100000010110000100000011000010110111001100100001000000111000001101001011000110110101100100000011011110111010101110100
1110100011010000110010100100000011010110110010101110010011011100110010101101100011100110011101100100000011101000110100001100101011011100010110000100000011010010110111000100000011000010010000001101101011000010111001001100010011011000110010100100000011011010110111101110010011101000110000101110010001011000010000001100010011001010110000101110100001000000111010001101000011001010010000001101111011100100110000101101110011001110110010101110011001011000010000001110100011010000110010101101110001000000111010001101000011001010010000001110000011101010110110001110000
111001101100101011100000110000101110010011000010111010001100101011011000111100100111011001000000110000101101110011001000010110000100000011000010110011001110100011001010111001000101100001000000110001001101111011101000110100000100000011101000110111101100111011001010111010001101000011001010111001000101110001000000101010001101111001000000110010101110110011001010111001001111001001000000111000001101111011101010110111001100100001000000111000001110101011101000010000001100001001000000111000001101111011101010110111001100100001000000110000101101110011001000010000001100001
11010000110000101101100011001100010000001101111011001100010000001110011011101010110011101100001011100100010110000100000011100000110111101110101011011100110010001100101011001000010000001100001011011100110010000100000011100110110100101100110011101000110010101100100001011000010000001100001011011100110010000100000011000100110010101100001011101000010000001110100011011110010000001100001001000000111000001100001011100110111010001100101001011100010000001001011011001010110010101110000001000000110100101110100001000000110100101101110001000000111001101101101011000010110110001101100
1100111011000010110110001101100011010010111000001101111011101000111001100101100001000000110000101101110011001000010000001100011011011110111011001100101011100100010000001110111011010010111010001101000001000000111011101101000011010010111010001100101001000000111000001100001011100000110010101110010001000000110010001101001011100000111000001100101011001000010000001101001011011100010000001100010011100100110000101101110011001000111100100101110
101111101010100011011110010000001100100011100100111100100100000010000010111000001110010011010010110001101101111011101000111001100100000011010010110111000100000011010000110000101101100011001100010111001011111
10100000110000101110010011001010010000001110100011010000110100101101110001000000110000101101110011001000010000001101000011000010110110001110110011001010010000001100110011011110111010101110010001000000111000001101111011101010110111001100100011100110010000001101111011001100010000001100001011100000111001001101001011000110110111101110100011100110010110000100000011101110110010101101001011001110110100001101001011011100110011100100000011101000110100001100101011011010010000001100001011001100111010001100101011100100011101000100000011100000111010101110100
11101000110100001100101011011010010000001101001011011100010000001100001001000000110010001101001011100110110100000101100001000000110000101101110011001000010000001110011011101000111001001100101011101110010000001100001011011010110111101101110011001110010000001110100011010000110010101101101001000000111010001101000011100100110010101100101001000000111000001101111011101010110111001100100011100110010000001101111011001100010000001110011011101010110011101100001011100100010000001101001011011100010000001110100011010000110010100100000011001100110100101101110011001010111001101110100
111000001101111011101110110010001100101011100100010111000100000010101110110100001100101011011100010000001101001011101000010000001101101011001010110110001110100011100110010110000100000011100110110010101110100001000000111010001101000011001010010000001100110011100100111010101101001011101000010000001101111011101100110010101110010001000000110000100100000011100110111010001101111011101100110010100100000011101000110111100100000011001000110111100100000011101100110010101110010011110010010000001100111011001010110111001110100011011000111100100101110001000000100000101110011
110010101100001011000110110100000100000011100000110100101100101011000110110010100100000011000100110010101100011011011110110110101100101011100110010000001110100011001010110111001100100011001010111001000101100001000000111010001100001011010110110010100100000011010010111010000100000011011110111010101110100001000000110000101101110011001000010000001110000011101010111010000100000011010010111010000100000011010010110111001110100011011110010000001100001001000000100001101101000011010010110111001100001001000000110001001101111011101110110110000101110
101011101101000011001010110111000100000011000010110110001101100001000000110000101110010011001010010000001100100011011110110111001100101001011000010000001100001011011100110010000100000011101000110100001100101001000000110001001101111011010010110110001101001011011100110011100100000011010000110010101100001011101000010000001100001001000000110110001101001011101000111010001101100011001010010000001100001011000100110000101110100011001010110010000101100001000000111000001101111011101010111001000100000011101000110100001100101001000000111001101111001011100100111010101110000
11011110111011001100101011100100010000001110100011010000110010101101101001011100010000001001001011011100010000001100001001000000110010001100001011110010010000001101111011100100010000001110100011101110110111100100000011100100110010101101101011011110111011001100101001000000111010001101000011001010010000001110011011110010111001001110101011100000010110000100000011011000110010101100001011101100110100101101110011001110010000001101111011011100110110001111001001000000110000100100000011011000110100101110100011101000110110001100101001000000110100101101110
11001010110000101100011011010000010000001101000011000010110110001100110001011100010000001001001011011100010000001100001001000000110010001100001011110010010000001101111011100100010000001110100011101110110111100100000011011010110111101110010011001010010000001110100011101010111001001101110001000000111010001101000011001010110110100111011001000000110000101101110011001000010000001110011011011110010000001100011011011110110111001110100011010010110111001110101011001010010000001100100011000010110100101101100011110010010000001110100011010010110110001101100
1110001011101010110100101110100011001010010000001100100011100100111100100101100001000000110100101101110001000000111010001101000011001010010000001110011011101010110111000100000011011110111001000100000011000010010000001110111011000010111001001101101001000000111000001101100011000010110001101100101001011100010000001001011011001010110010101110000001000000110100101101110001000000110001001101111011110000110010101110011001000000111011101101001011101000110100000100000011011000110000101111001011001010111001001110011001000000110111101100110
11100000110000101110000011001010111001000101110
101111101010100011011110010000001110000011100100110010101110011011001010111001001110110011001010010000001000001011100000111001001101001011000110110111101110100011100110010000001101001011011100010000001001010011001010110110001101100011110010010111001011111
101000001100001011100100110010100100000011101000110100001100101001000000110011001110010011101010110100101110100001000000101111101110110011001010111001001111001010111110010000001110100011010000110100101101110001011000010000001100001011011100110010000100000011100110111010001101111011011100110010100100000011010010111010000101110001000000101011101100101011010010110011101101000001000000110000101101110001000000110010101110001011101010110000101101100001000000111000101110101011000010110111001110100011010010111010001111001001000000110111101100110
1110011011101010110011101100001011100100010000001101001011011100010000001100110011010010110111001100101001000000111000001101111011101110110010001100101011100100010000001100001011011100110010000100000011100110111010001110010011001010111011100100000011011110111011001100101011100100010000001101001011101000010111000100000010011100110010101111000011101000010000001100100011000010111100100100000011000100110111101101001011011000010000001110110011001010111001001111001001000000110011101100101011011100111010001101100011110010010000001110100011010010110110001101100
11101000110100001100101011110010010000001100001011100100110010100100