010101100011011010000010000001100110011101010111001001110100011010000110010101110010
111010001101000011000010110111000100000011101110110100001100101011011100010000001110101011100110110010101100100001000000111011101101000011011110110110001100101001011100010000001001001011101000010000001101101011101010111001101110100001000000110001001100101001000000110010001110010011010010110010101100100001000000110001001100101011001100110111101110010011001010010000001110000011011110111010101101110011001000110010101100100001110110010000001100001011011100110010000100000011100110110100001101111011101010110110001100100001000000110001001100101
11001000110111101101110011001010010000001101001011011100010000001110001011101010110000101101110011101000110100101110100011010010110010101110011001000000111010001101000011000010111010000100000011011010110000101111001001000000110001001100101001000000111011101100001011011100111010001100101011001000010000001101001011011100010000001110100011010000111001001100101011001010010000001101111011100100010000001100110011011110111010101110010001000000110110101101111011011100111010001101000011100110010111000100000010011100111010101110100011011010110010101100111
110111001100101011001010110010000100000011011100110111101110100001000000110001001100101001000000110010001101111011011100110010100111011001000000110001001110101011101000010000001110100011010000110010100100000011011110111010001101000011001010111001001110011001000000111001101101000011011110111010101101100011001000010000001100010011001010010000001101011011001010111000001110100001000000110100101101110001000000111001101100101011100000110000101110010011000010111010001100101001000000110001001101111011101000111010001101100011001010111001100101100
1110111011010010111010001101000001000000110000100100000011011000110100101110100011101000110110001100101001000000110110001100001011000100110010101101100001000000110111101101110001000000110010101100001011000110110100000101110
1011111010000100111001001101111011101110110111001101001011011100110011100101100001000000111010001101111001000000110001101101111011011000110111101110101011100100010000001100001011011100110010000100000011001100110110001100001011101100110111101110101011100100010000001101101011000010110010001100101001000000110010001101001011100110110100001100101011100110010111001011111
1000010011001010110000101110100001000000111010001101111001000000111000001101111011101110110010001100101011100100010000001100110011011110111010101110010001000000110111101110101011011100110001101100101011100110010000001101111011001100010000001100100011011110111010101100010011011000111100100100000011100100110010101100110011010010110111001100101011001000010000001110011011101010110011101100001011100100011101000100000011100000111010101110100001000000110100101110100001000000110100101101110011101000110111100100000011000010010000001110110011001010111001001111001
11011100110100101100011011001010010000001101001011100100110111101101110001000000110011001110010011110010110100101101110011001110111000001100001011011100010110000100000011101110110100101110100011010000010000001101111011011100110010100100000011011110111010101101110011000110110010100100000011011110110011000100000011001100110100101101110011001010010000001100110011100100110010101110011011010000010000001100010011101010111010001110100011001010111001000111010001000000110110101101001011110000010000001101001011101000010000001110111011001010110110001101100
110111101110110011001010111001000100000011000010010000001100011011011000110010101100001011100100010000001100110011010010111001001100101001011000010000001100001011011100110010000100000011101110110100001100101011011100010000001101001011101000010000001100010011001010110011101101001011011100111001100100000011101000110111100100000011001100111001001101111011101000110100000101100001000000110100001101111011011000110010000100000011010010111010000100000011101010111000000100000011010000110100101100111011010000110010101110010001011100010000001010111011010000110010101101110
11011110110011000100000011000010010000001110110011001010111001001111001001000000110011001101001011011100110010100100000011001000110000101110010011010110010000001100010011100100110111101110111011011100010110000100000011100000110111101110101011100100010000001101001011011100010000001100001001000000111001101101101011000010110110001101100001000000111000101110101011000010110111001110100011010010111010001111001001000000110111101100110001000000110000100100000011100000110100101101110011101000010000001101111011001100010000001110000011011110111001001110100
111011101101001011011100110010100111011001000000110000101101110011001000010000001110100011010000110010100100000011101110110100001101111011011000110010100100000011000100111100100100000011101100110010101110010011110010010000001110011011011000110111101110111001000000110010001100101011001110111001001100101011001010111001100101100001000000111001101110100011010010111001001110010011010010110111001100111001000000110000101101100011011000010000001110100011010000110010100100000011101000110100101101101011001010010111000100000010100000111010101110100001000000111010001101111
11101000110100001100101001000000110000101100010011011110111011001100101001000000110100001100001011011000110011000100000011000010110111000100000011011110111010101101110011000110110010100100000011011110110011000100000010010100110000101101101011000010110100101100011011000010010110000100000011000010110111001100100001000000111010001101000011001010010000001110011011000010110110101100101001000000110111101100110001000000110001001101100011000010110001101101011001000000111000001100101011100000111000001100101011100100010110000100000011100110110100101111000
110001101101100011011110111011001100101011100110010000001101111011001100010000001110011011010000110000101101100011011110111010001110011001000000111000001100101011001010110110001100101011001000010110000100000011101000110100001110010011001010110010100100000011000100110110001100001011001000110010101110011001000000110111101100110001000000110110101100001011000110110010100100000011000100111001001110101011010010111001101100101011001000010110000100000011101000110100001110010011001010110010100100000011100110111000001101111011011110110111001100110011101010110110001110011
11011110110011000100000011011010111010101110011011010000111001001101111011011110110110100101100001000000110000101101110011001000010000001110100011010000110010100100000011100110110000101101101011001010010000001101111011001100010000001110111011000010110110001101110011101010111010000100000011000110110000101110100011100110111010101110000001011000010000001110011011011110110110101100101001000000111001101100001011011000111010000101100001000000110000101101110011001000010000001110100011010000110010100100000011001100110100101101110011001010110110001111001
11100000110000101110010011001010110010000100000011100100110100101101110011001000010000001101111011001100010000001100001001000000110110001100101011011010110111101101110001011100010000001000010011011110110100101101100001000000110011101100101011011100111010001101100011110010010000001100110011010010110011001110100011001010110010101101110001000000110110101101001011011100111010101110100011001010111001100111011001000000111000001101111011101010111001000100000011010010111010000100000011010010110111001110100011011110010000001100001001000000110001001100001011100110110111101101110
1110100011010010110110001101100001000000110001101101111011011000110010000111011001000000111010001100001011010110110010100100000011011110110011001100110001000000111010001101000011001010010000001110011011000110111010101101101001011000010000001100001011011100110010000100000011000100110111101110100011101000110110001100101001000000110011001101111011100100010000001110101011100110110010100101110
101111101010100011011110010000001101101011000010110101101100101001000000101001101110000011100100110000101110100011100110010000001110100011000010111001101110100011001010010000001101100011010010110101101100101001000000100000101101110011000110110100001101111011101100110100101100101011100110010111001011111
1010011011000010110110001110100001000000111010001101000011001010110110100100000011101110110010101101100011011000010110000100000011000010110111001100100001000000110110001100101011101000010000001110100011010000110010100100000011100110110000101101100011101000010000001100100011100100110000101101001011011100010000001100110011100100110111101101101001000000111010001101000011001010110110100101110001000000100100101101110001000000111010001110111011001010110111001110100011110010010000001100110011011110111010101110010001000000110100001101111011101010111001001110011
111011101101001011100000110010100100000011101000110100001100101011011010010000001100100011100100111100100101100001000000110001001110101011101000010000001100100011011110010000001101110011011110111010000100000011101110110000101110011011010000010000001110100011010000110010101101101001011100010000001001101011010010111100000100000011001100110111101110101011100100010000001101111011101010110111001100011011001010111001100100000011011110110011000100000011000110110111101101101011011010110111101101110001000000111001101100001011011000111010000101100001000000110000101101110
1101111011101010110111001100011011001010010000001101111011001100010000001100010011000010111100100100000011100110110000101101100011101000010110000100000011000010110111000100000011011110111010101101110011000110110010100100000011011110110011000100000011100110110000101101100011101000111000001100101011101000111001001100101001011000010000001100001001000000111000101110101011000010111001001110100011001010111001000100000011011110110011000100000011000010110111000100000011011110111010101101110011000110110010100100000011011110110011000100000011100110110000101101100
11100000111001001110101011011100110010101101100001011000010000001100001011011100110010000100000011010000110000101101100011001100010000001100001001000000111010001100101011000010111001101110000011011110110111101101110011001100111010101101100001000000110111101100110001000000110001101101111011000110110100001101001011011100110010101100001011011000010110000100000011000010110110001101100001000000110100101101110001000000111010001101000011001010010000001100110011010010110111001100101011100110111