10111001101001011011110110111001110011001011000010000001101000011001010111001001100010011100110010110000100000011011010110000101100011011001010010110000100000011000010110111001100100
11100000110010101110000011100000110010101110010001011100010000001001000011000010111011001100101001000000111001001100101011000010110010001111001001000000111010001110111011011110010000001101111011100100010000001110100011010000111001001100101011001010010000001101111011110000010000001110000011000010110110001100001011101000110010101110011001011000010000001100010011011110110100101101100011001010110010000100000011100110110111100100000011101000110010101101110011001000110010101110010001000000110000101110011001000000111010001101111
110001001101100011000010110111001100011011010000010110000100000011000010110111001100100001000000110001101110101011101000010000001101001011011100010000001110011011011010110000101101100011011000010000001110000011010010110010101100011011001010111001100111011001000000111010001101111001000000111011101101000011010010110001101101000001000000110000100100000011000110110111101110111011010000110010101100101011011000010110000100000011011000110100101101011011001010111011101101001011100110110010100100000011000110111010101110100001000000110100101101110
11100000110100101100101011000110110010101110011001011000010000001101001011100110010000001100001001000000110011101110010011001010110000101110100001000000110100101101101011100000111001001101111011101100110010101101101011001010110111001110100001011100010000001000010011100100110111101110111011011100010000001110011011011110110110101100101001000000110001001110101011101000111010001100101011100100010110000100000011001100110110001101111011101010111001000101100001000000110000101101110011001000010000001101111011011100110100101101111011011100010110000100000011000010110111001100100
11100000110111101110101011100100010000001110100011010000110010100100000011001110111001001100001011101100111100100100000011101000110111100100000011010010111010000111011001000000111010001101000011001010110111000100000011000010110010001100100001000000111010001101000011001010010000001101101011001010110000101110100011100110010000001100001011100110010000001100001011000100110111101110110011001010010110000100000011000010110111001100100001000000111001101110100011001010111011100101110001000000100100001100001011011000110011000100000011000010010000001110000011010010110111001110100
110111101100110001000000111001101101000011001010111001001110010011110010010000001110111011010010110111001100101001011000010000001100001011011100010000001100001011011100110001101101000011011110111011001111001001011000010000001110100011101110110111100100000011100110111000001101111011011110110111001100110011101010110110001110011001000000110111101100110001000000111011101100001011011000110111001110101011101000010000001100011011000010111010001110011011101010111000000101100001000000111010001101000011001010010000001110011011000010110110101100101001000000110111101100110
110110101110101011100110110100001110010011011110110111101101101001011000010000001110011011011110110110101100101001000000110001101101000011011110111000001110000011001010110010000100000011010000110010101110010011000100111001100100000011000010111001100100000011000100110010101100110011011110111001001100101001011100010000001000010011000010110110001101100011100110010110000100000001001100110001100101110
10111110100011001101111011100100110001101100101011011010110010101100001011101000010000001100001011100110010000001100110011011110111001000100000010101000111010101110010011101000110110001100101001011000010000001100001011101000010000001110100011010000110010100100000010000100111010101110011011010000010110000100000010000100111001001101001011100110111010001101111011011000010111001011111
100000100100000011100000110111101110101011011100110010000100000011011110110011000100000011001100110100101101110011001010010000001100110011100100110010101110011011010000010000001110011011101010110010101110100001011000010000001101111011011100110010100100000011011110111010101101110011000110110010100100000011011110110011000100000011100100110010101100001011001000111100100100000011001000111001001100101011100110111001101100101011001000010000001110110011001010110000101101100001000000110111101110010001000000110001101101000011010010110001101101011011001010110111000101100
110001101101000011011110111000001110000011001010110010000100000011001100110100101101110011001010010110000100000011000110111001001110101011011010110001001110011001000000110111101100110001000000110001001110010011001010110000101100100001011000010000001100001001000000110110001101001011101000111010001101100011001010010000001110011011010000110000101101100011011110111010000100000011011110111001000100000011011110110111001101001011011110110111000101100001000000111001101100001011011000111010000101100001000000111011101101000011010010111010001100101
11100000110010101110000011100000110010101110010001011000010000001101110011101010111010001101101011001010110011100101100001000000110110101100001011000110110010100101100001000000111000001100101011011100110111001111001011100100110111101111001011000010110110000101100001000000111000001100001011100100111001101101100011001010111100100101100001000000110000101101110011001000010000001101100011001010110110101101111011011100011101100100000011101000110100001111001011011010110010100100000011001100110100101101110011001010110110001111001
111001101101000011100100110010101100100001110100010000001100010011001010110000101110100001000000110000101110011001000000110110101100001011011100111100100100000011001100111001001100101011100110110100000100000011001010110011101100111011100110010110000100000011110010110010101101100011010110111001100100000011000010110111001100100001000000111011101101000011010010111010001100101011100110010000001110011011001010111000001100001011100100110000101110100011001010110110001111001001011000010000001100001011100110010000001110111011010010110110001101100
11011010110000101101011011001010010000001110100011010000110010100100000011000010110001001101111011101100110010100100000011010010110111001100111011100100110010101100100011010010110010101101110011101000111001100100000011010010110111001110100011011110010000001100001001000000110110101101111011010010111001101110100001000000111000001100001011100110111010001100101001110100010000001110010011011110110110001101100001000000110100101101110011101000110111100100000011100110110110101100001011011000110110000100000011000100110000101101100011011000111001100101100
1100001011011100110010000100000011000100110111101101001011011000010000001110100011010000110010101101101001000000110100101101110001000000110011001110010011001010111001101101000001000000110110001100001011100100110010000101100001000000111000001110101011101000111010001101001011011100110011100100000011101000110100001100101011011010010000001101001011011100010000001101010011101010111001101110100001000000110000101110011001000000110100101110100001000000110001001101111011010010110110001110011001000000111010101110000001011100010000001010111011010000110010101101110
110111101100110001000000110000100100000011011000110100101100111011010000111010000100000011000100111001001101111011101110110111000101100001000000111010001100001011010110110010100100000011101000110100001100101011011010010000001101111011101010111010000101100001000000110000101101110011001000010000001100100011100100110000101101001011011100010000001110100011010000110010101101101001000000110001001100101011001100110111101110010011001010010000001110100011010000110010100100000011001100110100101110010011001010010111000100000010010010110011000100000011101000110100001100101
111001101110101011001010111010000100000011000100110010100100000011011010110111101101001011100110111010000100000011011110111001000100000011100110111010001100001011011000110010100101100001000000110000100100000011001110111001001100101011000010111010000100000011011010110000101101110011110010010000001101101011011110111001001100101001000000110010101100111011001110111001100100000011101110110100101101100011011000010000001100010011001010010000001101110011001010110001101100101011100110111001101100001011100100111100100101110
100001001100001011011000110110001110011001000000110110101100001011001000110010100100000011101000110100001101001011100110010000001110111011000010111100100100000011000010111001001100101001000000111001001100101011011010110000101110010011010110110000101100010011011000111100100100000011011000110100101100111011010000111010000111011001000000110001001110101011101000010000001100010011001010110100101101110011001110010000001100111011100100110010101100001011100110111100100101100001000000111001101101111011011010110010100100000011100000110010101101111011100000110110001100101
11100000111001001100101011001100110010101110010001000000111010001101000011001010110110100100000011101110110100101110100011010000010000001101100011001010111001101110011001000000111001101110101011001010111010000100000011000010110111001100100001000000110010101100111011001110111001100101110
10111110100000101101110011011110111010001101000011001010111001000100000010001100110111101110010011000110110010101101101011001010110000101110100001011000010000001100110011011110111001000100000010000100110000101101100011011000111001100100000011011110111001000100000010100000110000101110100011101000110100101100101011100110010111001011111
10100000110111101110101011011100110010000100000011000110110111101101100011001000010000001110110011001010110000101101100001000000110111101110010001000000110001101101000011010010110001101101011011001010110111000111010001000000111010001100001011010110110010100100000011011110111010101110100001000000111010001101000011001010010000001110011011101000111001001101001011011100110011101110011001110100010000001100001011001000110010000100000011100110110111101101101011001010010000001100110011000010111010000100000011000100110000101100011011011110110111000111011
11000010110111001100100001011000010000001101001011001100010000001111001011011110111010100100000011011000110100101101011011001010010110000100000011101000110100001100101001000000110110001100101011000010111001101110100001000000111000001101111011100100111010001101001011011110110111000100000011011110110011000100000011100110110001101110010011000010111000001