110001100100001011000010000001110000011101010111010000100000011101000110111100100000011001010111011001100101011100100111100100100000011101000110100001110010011001010110010100100000011100010111010101100001011100100111010001110011001011000010000001100001001000000111000101110101011000010111001001110100001000000110111101100110
1100010011100100111010101101001011100110110010101100100001000000111001001101001011100000110010100100000011001110110111101101111011100110110010101100010011001010111001001110010011010010110010101110011001000000110100101101110001000000110000100100000011011000110000101110010011001110110010100100000011101000111010101100010001011100010000001001100011001010111010000100000011101000110100001100101011011010010000001110010011001010110110101100001011010010110111000100000011100110110100101111000011101000111100100100000011010000110111101110101011100100111001100101100
11100110111010001101001011100100111001001101001011011100110011100100000011011110110011001110100011001010110111000111010001000000111010001101000011001010110111000100000011100110111010001110010011000010110100101101110001000000111010001101000011100100110111101110101011001110110100000100000011000010010000001101000011000010110100101110010001000000110001001100001011001110010110000100000011000010110111001100100001000000111010001101111001000000110010101100001011000110110100000100000011001110110000101101100011011000110111101101110001000000110111101100110
11011000110100101110001011101010110111101110010001000000110000101100100011001000010000001100001001000000111000001101111011101010110111001100100001000000110111101100110001000000111010001101000011001010010000001100011011011110110000101110010011100110110010101110011011101000010000001110011011101010110011101100001011100100010111000100000010100000111010101110100001000000110100101110100001000000110100101101110011101000110111100100000011000010010000001100010011000010111001001110010011001010110110000101100001000000110000101101110011001000010000001100001
1110100011011110110000101110011011101000010000001100001011011100110010000100000011110010110010101100001011100110111010000101100001000000110001101101111011101100110010101110010001000000111010001101000011001010010000001100010011101010110111001100111011010000110111101101100011001010010000001110111011010010111010001101000001000000110000100100000011000100110100101110100001000000110111101100110001000000111001101101100011000010111010001100101001011000010000000100110011000110010111000100000011000010111001100100000011000010110001001101111011101100110010100101110
10101000110100001100101001000000110011101110010011001010110000101110100011001010111001000100000011100010111010101100001011011100111010001101001011101000111100100100000011011110110011000100000011100110111010101100111011000010111001000100000011000010110111001100100001000000110011001110010011101010110100101110100001011000010000001110100011010000110010100100000011100110111010001110010011011110110111001100111011001010111001000100000011101000110100001100101001000000111011001101001011011100110010101100111011000010111001000101110
10111110101011101101001011011100110010100100000010101100110100101101110011001010110011101100001011100100010111001011111
100000101100110011101000110010101110010001000000110110101100001011010110110100101101110011001110010000001110010011000010110100101110011011010010110111000100000011101110110100101101110011001010010110000100000011101110110100001100101011011100010000001110100011010000110010100100000011001100111001001110101011010010111010000100000011010000110000101110011001000000110001001100101011001010110111000100000011100110111010001110010011000010110100101101110011001010110010000101100001000000110110001100001011110010010000001101001011101000010000001101111011011100010000001100001
11010000110010101100001011100000010000001110100011011110010000001101000011001010110000101110100001110100010000001110100011010000110010101101110001000000111010001101111001000000110010101110110011001010111001001111001001000000110100001110101011011100110010001110010011001010110010000100000011101110110010101101001011001110110100001110100001000000111000001110101011101000010000001100110011010010110011001110100011001010110010101101110001000000110011101100001011011000110110001101111011011100111001100100000011011110110011000100000011101110110000101110100011001010111001000101110
1010011011001010111010000100000011101000110100001100101001000000110001101100001011100110110101100101100001000000110000101101110011001000010000001110000011101010111010000100000011110010110010101100001011100110111010000101100001000000010011001100011001011100010000001100001011100110010000001100010011001010110011001101111011100100110010100101110
1000001011100110010000001110110011010010110111001100101011001110110000101110010001000000110100101110011001000000111001101101111001000000110111001100101011000110110010101110011011100110110000101110010011110010010000001100001011011100010000001100001011100100111010001101001011000110110110001100101001000000110100101101110001000000110000100100000011001100110000101101101011010010110110001111001001011000010000001100001011011100110010000100000011011110110111001100101001000000110111101101110001000000111011101101000011010010110001101101000001000000111001101101111
110011101110010011001010110000101110100001000000110000100100000011100000111001001101111011001100110100101110100001000000110100101110011001000000110110101100001011001000110010100101100001000000110000100100000011000100110000101110010011100100110010101101100001000000110111101110010001000000111010001110111011011110010000001101101011010010110011101101000011101000010000001100001011011000111011101100001011110010111001100100000011000100110010100100000011010110110010101110000011101000010000001110000011100100110010101110000011000010111001001101001011011100110011100101100
1100001011000110110001101101111011100100110010001101001011011100110011100100000011101000110111100100000011101110110100001100001011101000010000001110011011101010110100101110100011001010110010000101110001000000100100101100110001000000111010001101000011001010010000001110010011000010110100101110011011010010110111001110011001000000110111101100110001000000111011101101001011011100110010100100000011101110110010101110010011001010010000001110010011001010110000101100100011110010010110000100000011101000110100001100001011101000010000001101011011010010110111001100100
1101101011010010110011101101000011101000010000001100010011001010010000001101101011000010110010001100101001110100010000001101001011001100010000001100001001000000110011101110010011001010110000101110100001000000111000001101100011001010110111001110100011110010010000001101111011001100010000001100111011011110110111101110011011001010110001001100101011100100111001001101001011001010111001100100000011011010110000101100100011001010010000001110100011010000110010101101101001000000110001101101000011001010110000101110000001011000010000001110100011010000110000101110100
11100110110111101110010011101000011101100100000011011110111001000100000011010010110011000100000011011100110010101101001011101000110100001100101011100100010110000100000011101000110100001100101011011100010000001110100011010000110010100100000011100110111010101100111011000010111001000100000011101100110100101101110011001010110011101100001011100100010110000100000011100110110111100100000011101000110100001100001011101000010000001110100011010000110010100100000011000110110000101110011011010110010000001101101011000010111100100100000011011100110111101110100001000000110001001100101
11011000110010101100110011101000010000001100101011011010111000001110100011110010010110000100000011000010110111001100100001000000110011101110010011011110111011100100000011011010111010101110011011101000111100100101110
101111101001011011010010111010001100011011010000110010101101110001000000101000001100101011100000111000001100101011100100010111001011111
100110101101001011110000010000001101001011011100010000001110100011010000110010100100000011001100110100101101110011001010111001101110100001000000111000001101111011101110110010001100101011100100010110000100000011011110110111001100101001000000110111101110101011011100110001101100101001000000110111101100110001000000110011101101001011011100110011101100101011100100011101100100000011011110110011000100000011000110110100101101110011011100110000101101101011011110110111000101100001000000110001001101100011000010110001101101011
1110000011001010111000001110000011001010111001000101100001000000110111001110101011101000110110101100101011001110010110000100000011000010110111001100100001000000100101001100001011011010110000101101001011000110110000100100000011100000110010101110000011100000110010101110010001011000010000001101000011000010110110001100110001000000110000101101110001000000110111101110101011011100110001101100101001000000110111101100110001000000110010101100001011000110110100000111011001000000111010001100101011011100010000001100011011011000110111101110110011001010111001100101100
11000010110111001100100001000000111001101101001011110000010000001101111011101010110111001100011011001010111001100100000011011110110011000100000011100110110000101101100011101000010111000100000010010110110010101100101011100000010000001101001011101000010000001101001011011100010000001100001001000000110001001101111011101000111010001101100011001010010111000100000010010010111010000100000011010010111001100100000011000010110111000100000011000010110011101110010011001010110010101100001011000100110110001100101001000000110000101100100011001000110100101110100011010010110111101101110
111010001101111001000000110000101101110011110010010000001100010011100100110111101110111011011100010000001110011011000010111010101100011011001010111001100100000011011110111001000100000011100110110111101110101011100000111001100101110
10100110111000001101001011000110110010100100000011010010110111000100000011100000110111101110111011001000110010101110010001011000010000001101011011001010111000001110100001000000110100101101110001000000111001101101101011000010110110001101100001000000110001001101111011101000111010001101100011001010111001100101100001000000110001101101100011011110111001101100101001000000111001101110100011011110111000001110000011001010110010000101100001000000110011101101111011001010111001100100000011011010111