00110001101101111011011010110010100101100001000000111001101110100011100100110100101101011011001010010000001101001011101000010000001100100011011110111011101101110
11101000111011101101111001000000110111101110010001000000111010001101000011100100110010101100101001000000111010001101001011011010110010101110011001000000111011101101001011101000110100000100000011101000110100001100101001000000111001101101011011010010110110101101101011010010110111001100111001000000110010001101001011100110110100000100000011010100111010101110011011101000010000001110100011011110010000001100010011100100110010101100001011010110010000001101001011101000010111000100000010011000110010101110100001000000110100101110100001000000111001101110100011000010110111001100100
11101000111011101101111001000000110100001101111011101010111001001110011001011000010000001110100011010000110010101101110001000000111001101110000011100100110010101100001011001000010000001100001001000000110001101101000011001010110010101110011011001010110001101101100011011110111010001101000001000000110111101101110001000000110000100100000011100110110100101100101011101100110010100101100001000000111000001110101011101000010000001110100011010000110010100100000011000110111010101110010011001000010000001101111011011100010000001101001011101000010110000100000011000010110111001100100
1101100011001010111010000100000011101000110100001100101001000000111011101101000011001010111100100100000011001000111001001100001011010010110111000111011001000000110001001110010011001010110000101101011001000000111010001101000011001010010000001100011011101010111001001100100001000000110000100100000011011000110100101110100011101000110110001100101001000000111011101101001011101000110100000100000011110010110111101110101011100100010000001101000011000010110111001100100001011000010000001100001011011100110010000100000011100000111010101110100001000000110100101110100
1101001011011100111010001101111001000000110000100100000011101100110000101110100001000000111011101101001011101000110100000100000011000010010000001110100011101110110111100100000011100000110111101110101011011100110010000100000011101110110010101101001011001110110100001110100001000000111010101110000011011110110111000100000011010010111010000101110001000000100110001100101011101000010000001101001011101000010000001110011011101000110000101101110011001000010000001110100011101110110010101101100011101100110010100100000011010000110111101110101011100100111001100101100
111010001100001011010110110010100100000011010010111010000100000011011110111010101110100001011000010000001100001011011100110010000100000011000100110100101101110011001000010000001100001001000000110011001101001011011000110110001100101011101000010000001110010011011110111010101101110011001000010111000100000010101000111010101110010011011100010000001100101011101100110010101110010011110010010000001100100011000010111100100100000011101000110100101101100011011000010000001100100011100100111100100101100001000000110011001110010011011110110110100100000011011110110111001100101
110001001101111011000010111001001100100001000000111010001101111001000000110000101101110011011110111010001101000011001010111001000111011001000000110001101101111011101100110010101110010001000000111010001101000011001010110110100100000011101110110100101110100011010000010000001101110011001010111010001110100011011000110010101110011001011000010000001101111011100100010000001100011011011000110010101100001011011100010000001100100011011110110001101101011011011000110010101100001011101100110010101110011001011000010000001100001011011100110010000100000011100000111010101110100
1100010011001010111010001110111011001010110010101101110001000000111010001110111011011110010000001110000011001010111011101110100011001010111001000100000011100000110110001100001011101000110010101110011001000000111010001101111001000000111001001101001011100000110010101101110001011100010000001001001011001100010000001110100011010000110010100100000011101110110010101100001011101000110100001100101011100100010000001100010011001010010000001110111011000010111001001101101001011000010000001101001011101000010000001110111011010010110110001101100001000000110001001100101
11100100110010101100001011001000111100100100000011010010110111000100000011101000110100001110010011001010110010100100000011101110110010101100101011010110111001100101110
1011111010000010110111001101111011101000110100001100101011100100010111001011111
10010000110000101110110011001010010000001110010011001010110000101100100011110010010000001100001001000000110101101100101011101000111010001101100011001010010000001101111011001100010000001100010011011110110100101101100011010010110111001100111001000000111011101100001011101000110010101110010001011000010000001110000011101010111010000100000011001100110100101110110011001010010000001110001011101010110000101110010011101000111001100100000011011110110011000100000011011100110010101110111001000000110110101101001011011000110101100100000011010010110111001110100011011110010000001100001
11100000110000101101110001011000010000001100001011011100110010000100000010111110110011001101001011101100110010100100000011100000110100101101110011101000111001101011111001000000110111101100110001000000110001101101111011011000110010000100000011101110110000101110100011001010111001000101100001000000110000101101110011001000010000001011111011001100110100101110110011001010101111100100000011011110110011000100000011010000110111101110100001110110010000001110111011010000110010101101110001000000110111101100110001000000110000100100000011100000111001001101111011100000110010101110010
11010000110010101100001011101000010110000100000011100000111010101110100001000000110100101101110001000000110000101110011001000000110110101110101011000110110100000100000011100100110010101101110011011100110010101110100001000000110000101110011001000000111011101101001011011000110110000100000011000100111001001101001011011100110011100100000011010010111010000100000011010010110111000100000011101000111011101100101011011100111010001111001001000000110110101101001011011100111010101110100011001010111001100101100001000000110110001101001011010110110010101110111011010010111001101100101
110000100100000011000100110100101110100001000000110111101100110001000000111001101110101011001110110000101110010001011100010000001010111011010000110010101101110001000000110001101101111011011010110010100101100001000000111001101110100011100100110100101101011011001010010000001110100011010000110010100100000011100110110101101101001011011010110110101100101011100100010000001110100011010000111001001100101011001010010000001101111011100100010000001100110011011110111010101110010001000000111010001101001011011010110010101110011001000000110010001101111011101110110111000101100
11000010110111001100100001000000110110001100101011000010111011001100101001000000110100101110100001000000110111101101110001000000111010001101000011001010010000001100011011101010111001001100100001011100010000001001001011011100010000001100001011011100010000001101000011011110111010101110010001000000110111101110010001000000111010001110111011011110010000001101100011000010110010001100101001000000110100101110100001000000110100101101110011101000110111100100000011101000110100001100101001000000111011001100001011101000010000001110111011010010111010001101000011011110111010101110100
11101000110111101110101011000110110100001101001011011100110011100100000011010010111010000111011001000000111000001110101011101000010000001100001001000000111010001110111011011110010000001110000011011110111010101101110011001000010000001110111011001010110100101100111011010000111010000100000011011110110111000100000011010010111010000100000011101110110100001100101011011100010000001110100011010000110010100100000011101110110100001100101011110010010000001101000011000010111001100100000011100100111010101101110001000000110011001110010011011110110110100100000011010010111010000101100
110000101101110011001000010000001110100011010000110010100100000011101100110000101110100001000000110100101110011001000000110011001110101011011000110110000101110
10111110100000101101110011011110111010001101000011001010111001000100000011100110110111101110010011101000010111001011111
10100000111010101110100001000000110000101110011001000000110110101110101011000110110100000100000011100110110000101101100011101000010000001110100011011110010000001110100011010000111001001100101011001010010000001110000011010010110111001110100011100110010000001101111011001100010000001110010011000010111011100100000011000110111001001100101011000010110110100100000011000010111001100100000011100110110100001100001011011000110110000100000011100110110010101100001011100110110111101101110001000000110100101110100001110110010000001110011011101000110100101110010001000000110100101110100
11101110110010101101100011011000010110000100000011000010110111001100100001000000111000001101111011101010111001000100000011010010111010000100000011010010110111001110100011011110010000001100001001000000111001101101001011001010111011001100101001000000110100101101110001000000111011101101000011010010110001101101000001000000111100101101111011101010010000001101000011000010111011001100101001000000110011001101111011011000110010001100101011001000010000001100001001000000110001101101000011001010110010101110011011001010110001101101100011011110111010001101000
1110100011010000111001001100101011001010010000001101111011100100010000001100110011011110111010101110010001000000111010001101001011011010110010101110011001011000010000001100001011011100110010000100000011011000110000101101001011001000010000001100001011101000010000001110100011010000110010100100000011000100110111101110100011101000110111101101101001011100010000001010111011010000110010101101110001000000110100101110100001000000110100001100001011100100110010001100101011011100111001100101100001000000110001101101111011101100110010101110010001000000110100101110100
1110111011010010111010001101000001000000110111001100101011101000111010001101100011001010111001100100000011011110110111000100000011000010010000001110000011001010111011101110100011001010111001000100000011100000110110001100001011101000110010100101110
101111101010010011101010111001101101000001000000100001101110010011001010110000101101101001000000100001101101000011001010110010101110011011001010010111001011111
10101000110111100100000011000010010000