10111001100100001000000110110001100101011101000010000001101001011101000010000001100111011100100110111101110111
1101000011000010111001001100100001000000110011101110010011000010110010001110101011000010110110001101100011110010010111000100000010101000110100001110101011100110010110000100000011010010111010000100000011101110110100101101100011011000010000001110011011000010111011001100101001000000110000100100000011001100111010101101100011011000010000001110100011010000110100101110010011001000010000001101001011011100010000001110100011010000110010100100000011000110110111101101110011100110111010101101101011100000111010001101001011011110110111000101110
100001101001000010001010100010101010011010001010010000001110011011010000110111101110101011011000110010000100000011000100110010100100000011101110110000101110011011010000110010101100100001000000110000101101110011001000010000001110111011010010111000001100101011001000010000001101001011001100010000001111001011011110111010100100000011101110110100101110011011010000010000001110100011011110010000001110000011100100110010101110011011001010111001001110110011001010010000001101001011101000010000001110011011011110111010101101110011001000010110000100000011000010110111001100100
11101000110100001100101001000000111001101101000011001010110110001110110011001010111001100100000011000100110010100100000011101110110000101110011011010000110010101100100001110110010000001100011011010000110000101101110011001110110100101101110011001110010000001110100011010000110010100100000011100000110110001100001011000110110010100100000011001010111011001100101011100100111100100100000011101000110100001110010011001010110010100100000011011110111001000100000011001100110111101110101011100100010000001110111011001010110010101101011011100110011101100100000011000100111010101110100
110100101100110001000000110100101110100001000000110001001100101001000000111011101100001011011100111010001100101011001000010000001110100011011110010000001110010011010010111000001100101011011100010110000100000011000010010000001100100011000010110110101110000001000000110001101100101011011000110110001100001011100100010000001110111011010010110110001101100001000000110001001110010011010010110111001100111001000000110100101110100001000000110011001101111011100100111011101100001011100100110010000101110
100001001110010011001010110000101100100001000000110100101110011001000000110111001101111011101110010000001110011011011110010000001101000011001010110000101110110011110010010000001100001011011100010000001100001011100100111010001101001011000110110110001100101001000000110111101100110001000000110010101111000011100000110010101101110011100110110010100100000011101000110100001100001011101000010000001100001011011000110110000100000011101110110000101110011011101000110010100100000011100110110100001101111011101010110110001100100001000000110001001100101
11001110111010101100001011100100110010001100101011001000010000001100001011001110110000101101001011011100111001101110100001011000010000001100001011011100110010000100000011010000110000101110110011010010110111001100111001000000110100101110100001000000110001101110101011101000010000001101001011011100010000001110100011010000110010100100000011100100110111101101111011011010010000001110111011010010110110001101100001000000111010001100101011011100110010000100000011011010111010101100011011010000010000001110100011011110010000001110000011100100110010101110110011001010110111001110100
11010010111010000111011001000000111001101101001011011100110001101100101001000000111010001101000011001010010000001110011011000110110000101110010011000110110100101110100011110010010000001101001011011100010000000110001001101110011100100110101001000000110000101101110011001000010000000110001001110000011000000110000001011000010000001110100011010000110000101110100001000000110001101110101011100110111010001101111011011010010000001101000011000010111001100100000011000100110010101100101011011100010000001101101011101010110001101101000
1100001011001000110111101110000011101000110010101100100001011100010000001001001011101000010000001110011011010000110111101110101011011000110010000100000011011100110111101110100001000000110001001100101001000000110001101110101011101000010000001110101011011100111010001101001011011000010000001100001001000000110010001100001011110010010000001101111011011000110010000111011001000000110010101100001011100100111010001101000011001010110111000100000011100000110000101101110011100110010000001100001011011100110010000100000011000110110111101110110011001010111001001110011
1101011011001010110010101110000001000000110100101110100001000000110001001100101011100110111010000101110
101001001101111011011000110110001110011001011000010000001101101011101010110011001100110011010010110111001110011001011000010000001101111011100100010000001100001011011100111100100100000011100110110111101110010011101000010000001101111011001100010000001100010011100100110010101100001011001000010110000100000011011010110000101111001001000000110001001100101001000000110110101100001011001000110010100100000011101000110111100100000011101000110000101110011011101000110010100100000011011100110010101110111001000000111011101101000011001010110111000100000011101000111011101101111
11011110111001000100000011101000110100001110010011001010110010100100000011001000110000101111001011100110010000001101111011011000110010000101100001000000110001001111001001000000110010001101001011100000111000001101001011011100110011100100000011010010111010000100000011101010110111001100011011101010111010000100000011010010110111000100000011101110110000101110100011001010111001000101100001000000110000101101110011001000010000001100010011000010110101101101001011011100110011100100000011000010110011001110010011001010111001101101000001000000110111101110010
11101000110111101100001011100110111010001101001011011100110011100101110
1000101011001110110011101110011001000000110110101100001011110010010000001100010011001010010000001100010011011110111010101100111011010000111010000100000011000110110100001100101011000010111000001100101011100110111010000100000011101110110100001100101011011100010000001110100011010000110010100100000011010000110010101101110011100110010000001100110011010010111001001110011011101000010000001100010011001010110011101101001011011100010000001110100011011110010000001101100011000010111100100100000011010010110111000100000011101000110100001100101
11100110111000001110010011010010110111001100111001011000010000001100010011001010110011001101111011100100110010100100000011101000110100001100101011110010010000001110011011010010111010000111011001000000110100101101110001000000100110001100101011011100111010000100000011000010110111001100100001000000110000101110100001000000100010101100001011100110111010001100101011100100010000001110100011010000110010101111001001000000110001001100101011000110110111101101101011001010010000001100100011001010110000101110010001011100010000001010100011010000110010101111001
1101101011000010111100100100000011000100110010100100000011100000111001001100101011100110110010101110010011101100110010101100100001000000110011001110010011001010111001101101000001000000110001001111001001000000110010001101001011100000111000001101001011011100110011100100000011101000110100001100101011011010010000001101001011011100010000001100010011011110110100101101100011010010110111001100111001000000111011101100001011101000110010101110010001011000010000001100001011011100110010000100000011010010110111001110011011101000110000101101110011101000110110001111001
1110100011000010110101101101001011011100110011100100000011101000110100001100101011011010010000001101111011101010111010000101100001000000110111101110010001000000110001001111001001000000110111101101001011011000110100101101110011001110010000001110100011010000110010100100000011100110110100001100101011011000110110000111011001000000110010101101001011101000110100001100101011100100010000001101111011001100010000001110111011010000110100101100011011010000010000001110111011000010111100101110011001000000110100101110011001000000111010001101111
111000001110010011001010111011001100101011011100111010000100000011101000110100001100101001000000110000101101001011100100010000001110000011000010111001101110011011010010110111001100111001000000111010001101000011100100110111101110101011001110110100000100000011010010111010000101110001000000101010001101000011001010111100100100000011100110110100001101111011101010110110001100100001000000110001001100101001000000110101101100101011100000111010000100000011011110110111000100000011100110110100001100101011011000111011001100101011100110010000001110111011010010111010001101000
11100110110110101100001011011000110110000100000011010000110111101101100011001010111001100100000011101000110111100100000011100100110010101100011011001010110100101110110011001010010000001101111011011100110010100100000011010010110111000100000011001010110000101100011011010000010110000100000011000010110111001100100001000000110001001100101001000000111010001110101011100100110111001100101011001000010000001100101011101100110010101110010011110010010000001101111011101000110100001100101011100100010000001100100011000010111100100101110
100001101100001011100100111001001101111011101000111001100101100001000000111000001100001011100100111001101101110011010010111000001110011001011000010000001100001011011100110010000100000011000100110010101100101011101000010000001110010011011110110111101110100011100110010110000100000011100110110100001101111011101010110110001100100001000000110001001100101001000000110101101100101011100000111010000100000011010010110111000100000011100110110000101101110011001000010000001100110011011110111001000100000011101110110100101101110011101000110010101110010
1110101011100110110010100101100001000000110000101101110011001000010000001101110011001010110100101110100011010000110010101110010001000000111010001101000011001010111100100100000011011100110111101110010001000000111000001101111011101000110000101110100011011110110010101110011001000000110001001100101001000000110001101101100011001010110000101110010011001010110010000100000011001100111001001101111011011010010000001110100011010000110010100100000011001010110000101110010011101000110100000101110
10100110111010001101111011100100110010100100000011011110110111001101001011011110110111001110011001000000111000001110010011001010111001101