10000001110000011100100111010101101110011001010110110000101100001000000110000101101110011001000010000001100001001000000111000001101111011101010110111001100100001000000110111101100110001000000111010001101000011001010010000001100011011011110110000101110010011100110110010101110011011101000010000001110011011101010110011101100001011100100011101000100000011011010110100101111000
111010001101000011001010111001101100101001000000111011101100101011011000110110000101100001000000110000101101110011001000010000001110010011101010110001000100000011010010110111001110100011011110010000001100101011000010110001101101000001000000110100001100001011011010010000001100101011101100110010101110010011110010010000001100100011000010111100100100000011001100110111101110010001000000110011001101111011101010111001000100000011001000110000101111001011100110010110000100000011000010110111001100100001000000111010001110101011100100110111000100000011010010111010000101110
100100101100110001000000110000100100000011100110110110101100001011011000110110000100000011011110110111001100101001011000010000001110100011101010111001001101110001000000110100101110100001000000110010101110110011001010111001001111001001000000110010001100001011110010010000001100110011011110111001000100000011101000110100001110010011001010110010100100000011101110110010101100101011010110111001100111010001000000110100101100110001000000110000100100000011011000110000101110010011001110110010100100000011011110110111001100101001011000010000001100001
11101110110010101100101011010110010000001101100011011110110111001100111011001010111001000111011001000000110001001110101011101000010000001100100011011110010000001101110011011110111010000100000011100100111010101100010001000000110000101100110011101000110010101110010001000000110011001101111011101010111001000100000011001000110000101111001011100110010111000100000010000100110010101100110011011110111001001100101001000000111100101101111011101010010000001100100011100100111100100100000011010010111010000101100001000000110010001110010011000010110100101101110
11000010110111001100100001000000110001101101111011101100110010101110010001000000111011101101001011101000110100000100000011000100111001001100001011011100010111000100000010100110110110101101111011010110110010100100000011010010111010000100000011101000110010101101110001000000110010001100001011110010111001100101110
101111101000001011011100110111101110100011010000110010101110010001000000111011101100001011110010010111000100000010100110110010101100011011011110110111001100100001000000111011101100001011110010010111001011111
10000110110100001101111011011110111001101100101001000000110000100100000011011000110010101100111001000000110111101100110001000000110000100100000011010000110111101100111001000000111010001101000011000010111010000100000011010010111001100100000011001100110000101110100001000000110000101101110011001000010000001110111011001010110110001101100001000000110011001100101011001000011101000100000011010000110000101101110011001110010000001100001011100110010000001100001011000100110111101110110011001010010111000100000010101000110111100100000011010010111010000101100001000000110100101100110
110110001100001011100100110011101100101001011000010000001110000011101010111010000101100001000000110100101101110001000000110011001101001011011100110010100100000011100000110111101110111011001000110010101110010001011000010000001101111011011100110010100100000011100000110111101110101011011100110010000100000011011110110011000100000011000100110000101111001001000000111001101100001011011000111010000101100001000000110011001101111011101010111001000100000011011110111010101101110011000110110010101110011
11100110110000101101100011101000111000001100101011101000111001001100101001011000010000001101111011011100110010100100000011100000110111101110101011011100110010000100000011011110110011000100000011101000110100001100101001000000110001101101111011000010111001001110011011001010111001101110100001000000111001101110101011001110110000101110010001011000010000001100001011011100110010000100000011011110110111001100101001000000110100001100001011011100110010001100110011101010110110000100000011011110110011000100000011000110110111101101101011011010110111101101110
11100110110000101101100011101000010110000100000011000010110111001100100001000000111001001110101011000100010000001101001011101000010000001110100011010000110111101110010011011110111010101100111011010000110110001111001001011100010000001001100011000010111100100100000011101000110100001100101001000000111001001101001011011100110010000100000011001000110111101110111011011100111011101100001011100100110010001110011001011000010000001100001011011100110010000100000011000110110111101110110011001010111001000100000011101000110100001100101
110011001101100011001010111001101101000011110010010000001110000011000010111001001110100001000000111011101101001011101000110100000100000011101000110100001100101001000000111001101100001011011000111010001110011001011100010000001000010011000010111001101110100011001010010000001101001011101000010000001100001011100110010000001101111011001100111010001100101011011100010000001100001011100110010000001111001011011110111010100100000011000110110000101101110001000000111011101101001011101000110100000100000011101000110100001100101
1110000011010010110001101101011011011000110010100111011001000000111010001101000011001010010000001101101011011110111001001100101001000000111010001101000011001010010000001100010011001010111010001110100011001010111001000101110001000000100101101100101011001010111000000100000011010010111010000100000011001100110111101110101011100100010000001110111011001010110010101101011011100110010000001101001011011100010000001110100011010000110010100100000011100000110100101100011011010110110110001100101001011000010000001110100011101010111001001101110011010010110111001100111
110100101110100001000000110010001100001011010010110110001111001001011100010000001000100011100100110000101101001011011100010000001100001011011100110010000100000011101000110100001110010011011110111011100100000011000100111001001100001011011100010000001101111011101100110010101110010001000000110100101110100001110110010000001110100011010000110010101101110001000000110100001100001011011100110011100100000011010010111010000100000011010010110111000100000011000010010000001100011011010000110100101101101011011100110010101111001001000000111011101101000011001010111001001100101
111011101101111011011110110010000100000011010010111001100100000011000100111010101110010011011100111010000101100001000000110000101101110011001000010000001110100011101010111001001101110001000000110100101110100001000000111001101101111011011010110010101110100011010010110110101100101011100110010000001100110011011110111001000100000011101000110010101101110001000000110010001100001011110010111001100101110
1011111010000010110111001101111011101000110100001100101011100100010000001110111011000010111100100101110001000000101010001101000011010010111001001100100001000000111011101100001011110010010111001011111
10010000110000101101110011001110010000001110100011010000110010100100000011010000110000101101101001000000110000101101110011001000010000001110011011100000111001001101001011011100110101101101100011001010010000001110111011010010111010001101000001000000111001101100001011011000111010000100000011000010111001100100000011000010110001001101111011101100110010100101100001000000111010001101000011001010110111000100000011100100111010101100010001000000110100101110100001000000110010001100001011010010110110001111001001000000111011101101001011101000110100000100000011101000110100001100101
1100110011011110110110001101100011011110111011101101001011011100110011100100000011010010110111000100000011001100110100101101110011001010010000001110000011011110111011101100100011001010111001000111010001000000110100001100001011011000110011000100000011000010010000001110000011011110111010101101110011001000010000001101111011001100010000001110011011000010110110001110100001011000010000001100100011010010111010001110100011011110010000001100010011000010111100100100000011100110110000101101100011101000010110000100000011101000111011101101111
110111101110101011011100110001101100101011100110010000001101111011001100010000001110011011000010110110001110100011100000110010101110100011100100110010100101100001000000110000101101110011001000010000001110100011101110110111100100000011011110111010101101110011000110110010101110011001000000110111101100110001000000110001001101100011000010110001101101011001000000111000001100101011100000111000001100101011100100010110000100000011011010110100101111000011001010110010000100000011101110110100101110100011010000010000001100001001000000111000001101111011101010110111001100100
1100001011011100110010000100000011000010010000001101000011000010110110001100110001000000110111101100110001000000111010001110010011001010110000101100011011011000110010100101110001000000101010001110101011100100110111000100000011010010111010000100000011101000111011101101001011000110110010100100000011000010010000001100100011000010111100100100000011010010110111000100000011101000110100001100101001000000111000001101001011000110110101101101100011001010010110000100000011001100110111101110010001000000111010001101000011100100110010101100101
1110111011001010110010101101011011100110010111000100000010011000110000101111001001000000110100101110100001000000110100101101110001000000110000100100000011100000110000101101001011011000010000001101111011001100010000001110111011000010111010001100101011100100010000001100110011011110111001000100000011011110110111001100101001000000110111001101001011001110110100001110100001011000010000001110111011010010111000001100101001000000110100101110100001000000111000101110101011010010111010001100101001000000110010001110010011110010010110000100000011000010110111001100100
1110011011011010110111101101011011001010010000001101001011101000010000001110100011101110110111100100000011011110111001000100000011101000110100001110010011001010110010100100000011101110110010101100101011010110111001100101110
10111110100000101101110011011110111010001101000011001010111001000100000011101110110000101111001001011000010000001110100011010000110000101110100001000000110011101101001011101100110010101110011001000000110000100100000011010000110100101100111011010000010000001100110011011000110000101