101001011010110110010101101100011110010010000001110100011011110010000001100010011001010010000001110111011000010110111001110100011001010110010000100000011100110110100001101111011101010110110001100100001000000110001001100101001000000110100101101110001000000111001001100101011000010110010001101001011011100110010101110011011100110011101100100000011100110111010101100111011000010111001001110011001000000110111101100110
1100100011010010110011001100110011001010111001001100101011011100111010000100000011100010111010101100001011011000110100101110100011010010110010101110011001000000111001101101000011011110111010101101100011001000010000001100010011001010010000001101011011001010111000001110100001000000110001001110010011011110110101101100101011011100010110000100000011000110111010101110010011100100110000101101110011101000111001100100000011101110110000101110011011010000110010101100100001011000010000001110000011010010110001101101011011001010110010000100000011000010110111001100100
110010001110010011110010010000001101001011011100010000001100001001000000110101001100001011100100011101100100000011100110111000001101001011000110110010100100000011100000110111101110101011011100110010001100101011001000010110000100000001001100110001100101110
1010111011010000110010101110010011001010010000001110010011001010110011101110101011011000110000101110010001000000110111001101111011011110110111001101001011011100110011101110011001000000110111101110010001000000111001101110101011100000111000001100101011100100111001100100000011000010111001001100101001000000111010101110011011001010110010000100000001010000110000101101110011001000010000001101001011011100010000001100101011101100110010101110010011110010010000001101000011011110111010101110011011001010010000001110011011011110110110101100101
111000001110010011001010111000001100001011100100110000101110100011010010110111101101110001000000110100101110011001000000110111001100101011000110110010101110011011100110110000101110010011110010010000001100110011011110111001000100000011000010110001101100011011010010110010001100101011011100111010001100001011011000010000001110110011010010111001101101001011101000110111101110010011100110010100100101100001000000110001101100001011100100110010100100000011100110110100001101111011101010110110001100100001000000110001001100101001000000111010001100001011010110110010101101110
111010001101111001000000110100001100001011101100110010100100000011100110111010101100011011010000010000001110100011010000110100101101110011001110111001100100000011010010110111000100000011100100110010101100001011001000110100101101110011001010111001101110011001000000110000101110011001000000110110101100001011110010010000001100010011001010010000001110000011100100110111101110000011001010111001000100000011001100110111101110010001000000110010101101001011101000110100001100101011100100011101100100000011000010010000001101100011010010111001101110100001000000110111101100110
1110011011001010111011001100101011100100110000101101100001000000111011101101001011011000110110000100000011000100110010100100000011100110111010101100010011010100110111101101001011011100110010101100100001011000010000001100001001000000110001101101000011000010110111001100111011001010010000001101111011001100010000001110111011010000110100101100011011010000010000001110111011010010110110001101100001000000110001001100101001000000110000101100111011100100110010101100101011000010110001001101100011001010010110000100000011000010110111001100100001000000110100101100110
111000001110010011011110111000001100101011100100110110001111001001000000110110101100001011011100110000101100111011001010110010000100000011101110110100101101100011011000010000001100010011001010010000001100001011101000111010001100101011011100110010001100101011001000010000001110111011010010111010001101000001000000110111001101111001000000110011101110010011001010110000101110100001000000110010101111000011100000110010101101110011100110110010100101110
10001010111011001100101011100100111100100100000011000010111001001110100011010010110001101101100011001010010000001110011011010000110111101110101011011000110010000100000011000100110010100100000011010110110010101110000011101000010000001101001011011100010000001110100011010000110000101110100001000000111000001101100011000010110001101100101001000000110001001100101011100110111010000100000011100110111010101101001011101000110010101100100001000000111010001101111001000000110100101110100001011000010000001100001011100110010000001101101011101010110001101101000
1110111011000010111001101110100011001010010000001101101011000010111100100100000011101000110100001100101011100100110010101100010011110010010000001100010011001010010000001100001011101100110111101101001011001000110010101100100001011000010000001110110011010010111101000101110
101011001100101011001110110010101110100011000010110001001101100011001010111001100100000011101110110100101101100011011000010000001101011011001010110010101110000001000000110001001100101011100110111010000100000011011110110111000100000011000010010000001110011011101000110111101101110011001010010000001100110011011000110111101101111011100100010000001101001011001100010000001110100011010000110010100100000011000010110100101110010001000000110001001100101001000000110010101111000011000110110110001110101011001000110010101100100001110110010000001101101011001010110000101110100
1101001011011100010000001100001001000000110001101101111011011000110010000100000011001000111001001111001001000000111000001101100011000010110001101100101001110110010000001110011011101010110011101100001011100100010000001100001011011100110010000100000011100110111011101100101011001010111010001101101011001010110000101110100011100110010000001110010011001010111000101110101011010010111001001100101001000000110000100100000011001000111001001111001001000000111000001101100011000010110001101100101001110110010000001110011011011110010000001100100011011110110010101110011
1110011011000010110110001110100001110110010000001100011011000010110111001100100011011000110010101110011001000000110001101101111011011000110010000101100001000000110001001110101011101000010000001101110011011110111010000100000011001000110000101101101011100000011101100100000011001000111001001101001011001010110010000100000011011010110010101100001011101000111001100101100001000000110100001100001011011010111001100101100001000000010011001100011001011100010000001110100011010000110010100100000011100110110000101101101011001010011101100100000011000010110110001101100
1110011011011110111001001110100011100110010000001101111011001100010000001110011011001010110010101100100011100110010000001100110011011110111001000100000011100000111010101100100011001000110100101101110011001110111001100101100001000000111001101100001011011000110111101101111011100000010110000100000011100100110100101100011011001010010110000100000001001100110001100101110001000000111001101101000011011110111010101101100011001000010000001100010011001010010000001100011011011000110111101110011011001010010000001100011011011110111011001100101011100100110010101100100
1110100011011110010000001110000011100100110010101110011011001010111001001110110011001010010000001100110011100100110111101101101001000000110100101101110011100110110010101100011011101000111001100101110001000000100011001101100011011110111010101110010001000000111001101101000011011110111010101101100011001000010000001100010011001010010000001101011011001010111000001110100001000000110100101101110001000000110000100100000011000110110111101101111011011000010000001110000011001010111001001100110011001010110001101110100011011000111100100100000011001000111001001111001
1110010011011110110111101101101001011000010000001100001011011100110010000100000011101000110100001100101001000000110001001100001011001110010000001100010011001010110100101101110011001110010000001110100011010010110010101100100001000000111001101101000011011110111010101101100011001000010000001100010011001010010000001100011011010000110000101101110011001110110010101100100001000000111010101110000011100110110100101100100011001010010000001100100011011110111011101101110001000000110000101101110011001000010000001100010011000010110001101101011
11001010111011001100101011100100111100100100000011101110110010101100101011010110010110000100000011000010110111001100100001000000111011101100101011011000110110000100000011100110110100001100001011010110110010101101110001011100010000001010011011011110110000101110000001000000111001101101000011011110111010101101100011001000010000001100010011001010010000001100011011101010111010000100000011101110110100101110100011010000010000001100001001000000111011101101001011100100110010100100000011011110111001000100000011101000111011101101001011011100110010100101100001000000110100101101110
1110000011010010110010101100011011001010111001100100000011101000110100001100001011101000010000001100110011011110111001001101101001000000110000100100000011011000110111101101110011001110010000001110011011100010111010101100001011100100110010100101100001000000111011101101000011001010110111000100000011001100110100101110010011100110111010000100000011000100111001001101111011101010110011101101000011101000010000001101001011011100010110000100000011000010110111001100100001000000110101101100101011100000111010000100000011011110111010101110100001000000110111101100110
11101000110100001100101001000000110000101101001011100100010000001110100011101110110111100100000011011110111001000100000011101000110100001110010011001010110010100100000011101110110010101100101011010110111001100111011001000000110011001101111011100100010000001101001011001100010000001101001011101000010000001100100011100100111100100100000011100010111010101101001011000110110101100101100001000000110100101110100001000000111011101101001011011000110110000100000011000110111001001100001011000110110101100101100001000000110000101101110011001000010000001110111011010000110010101101110
11101110110010101110100001000000110001001110010011001010110000101101011001011100010000001010000011101010111010000100000011010010111010000100000011011110110111000100000011000010010000001110011011010000110010101101100011001100010110000100000011011000110010101100001011101100110100101101110011001110010000001100001001000000111001101110000011000010110001101100101001000000110001001100101011101000111011101100101011001010110111000101100001000000110000101