0001000000110000101101110001000000110000101101100011101000110010101110010011000010111010001101001011011110110111000111011001000000110000101101110011001000010000001110111011010000110010101110010011001010010000001110111011000010111010001100101011100100010000001101001011100110010000001110111011010010111010001101000011010010110111000100000011100100110010101100001011000110110100000100000011011110110011000100000011101000110100001100101001000000110000101101110011010010110110101100001011011000111001100101100001000000110100101110100
11010010111001100100000011011110110011000100000011001110111001001100101011000010111010000100000011000110110111101101110011100110110010101110001011101010110010101101110011000110110010100100000011101000110111100100000011101000110100001100101001000000110110101101001011011000110101100101110
101010001101000011001010010000001100011011010000110100101100101011001100010000001101111011001100010000001110100011010000110010100100000011000110110111101110111011100110010000001110011011010000110111101110101011011000110010000100000011000110110111101101101011001010010000001101001011011100010000001110100011010000110010100100000011001010110111001100100001000000110111101100110001000000100110101100001011100100110001101101000001011000010000001101111011100100010000001110100011010000110010100100000011000100110010101100111011010010110111001101110011010010110111001100111
11011110110011000100000010000010111000001110010011010010110110000101100001000000110000101101110011001000010000001101111011011100110010100100000011101000110100001100101001000000110010101101110011001000010000001101111011001100010000001010011011001010111000001110100011001010110110101100010011001010111001000111011001000000111010001101000011001010110111000100000011101000110100001100101001000000110011001100001011011010110100101101100011110010010000001110111011010010110110001101100001000000110001001100101001000000111001101110101011100000111000001101100011010010110010101100100
11101110110100101110100011010000010000001101101011010010110110001101011001000000110100101101110001000000111010001101000011001010010000001110111011010010110111001110100011001010111001000101110
1010111011010000110010101101110001000000110000100100000011000110110000101101100011001100010000001101001011100110010000001110100011011110010000001100010011001010010000001110010011001010110000101110010011001010110010000101100001000000110100101110100001000000111001101101000011011110111010101101100011001000010000001100010011001010010000001110100011000010110101101100101011011100010000001100110011100100110111101101101001000000111010001101000011001010010000001100011011011110111011100100000011010010110111000100000011000010010000001110111011001010110010101101011
110000101110100001000000110011001110101011100100111010001101000011001010111001101110100001011000010000001101111011100100010000001101001011101000010000001110111011010010110110001101100001000000110001101100001011101010111001101100101001000000110011101110010011001010110000101110100001000000111010001110010011011110111010101100010011011000110010100100000011010010110111000100000011100100110010101100001011100100110100101101110011001110010110000100000011000100110010101100011011000010111010101110011011001010010000001101001011101000010000001110111011010010110110001101100
110001001100101001000000110010001101001011001100110011001101001011000110111010101101100011101000010000001110100011011110010000001101101011000010110101101100101001000000110100101110100001000000111010001100001011010110110010100100000011011010110100101101100011010110010000001101001011011100010000001100001001000000111000001100001011011100010111000100000010101000110100001100101001000000110001101100001011011000110011000100000011100110110100001101111011101010110110001100100001000000110001001100101001000000111010001100001011010110110010101101110
11001100111001001101111011011010010000001110100011010000110010100100000011000110110111101110111001000000110100101101110001000000111010001101000011001010010000001101101011011110111001001101110011010010110111001100111001011000010000001100001011011100110010000100000011010110110010101110000011101000010000001110111011010010111010001101000011011110111010101110100001000000110011001101111011011110110010000100000011101000110100101101100011011000010000001101110011001010111100001110100001000000110110101101111011100100110111001101001011011100110011100101100
111011101101000011001010110111000100000011000100110010101101001011011100110011100100000011010000111010101101110011001110111001001111001001000000110100101110100001000000111011101101001011011000110110000100000011101000110000101101011011001010010000001101001011101000010000001110111011010010111010001101000011011110111010101110100001000000110110101110101011000110110100000100000011101000111001001101111011101010110001001101100011001010010111000100000010100110110101101101001011011010110110101100101011001000010000001101101011010010110110001101011
11011010110000101100100011001010010000001100001011100110010000001110111011000010111001001101101001000000110000101110011001000000110111001100101011101110010110000100000011010010111001100100000011101000110111100100000011000100110010100100000011001110110100101110110011001010110111000100000011101000111011101101001011000110110010100100000011000010010000001100100011000010111100100100000011010010110111000100000011100110111010101100011011010000010000001110001011101010110000101101110011101000110100101110100011010010110010101110011001000000110000101110011001000000110100101110100
1110011011010000110000101101100011011000010000001110010011001010111000101110101011010010111001001100101001000000110000101101110011001000010000001101001011001100010000001101101011010010110110001101011001000000111001001110101011011100010000001110011011010000110111101110010011101000010110000100000011000010010000001100110011010010110111001100101001000000111001101101101011011110110111101110100011010000010000001100111011100100111010101100101011011000010000001101101011010010111100001100101011001000010000001110111011010010111010001101000001000000110100101110100
11101110110100101101100011011000010000001100100011011110010000001110110011001010111001001111001001000000111011101100101011011000110110000101110001000000101010001101000011010010111001100100000011010010111001100100000011101000110111100100000011000100110010100100000011000110110111101101110011101000110100101101110011101010110010101100100001000000111010001101001011011000110110000100000011101000110100001100101001000000110001101100001011011000110011000100000011000100110010100100000011101000110000101101011011001010110111000100000011011110111010101110100001000000111010001101111
110011101110010011000010111001101110011001011000010000001110111011010000110100101100011011010000010000001100001011101000010000001100110011010010111001001110011011101000010000001110111011010010110110001101100001000000110001001100101001000000110111101101110011011000111100100100000011000100111100100100000011001000110000101111001001011000010000001110100011010000110010101101110001000000110110101101001011011000110101100100000011011010111010101110011011101000010000001100010011001010010000001100111011010010111011001100101011011100010000001110111011010000110010101101110
1101000011011110111010101110011011001010110010000100000011010010110111000100000011101000110100001100101001000000110010101110110011001010110111001101001011011100110011100101110
101111101010100011011110010000001110011011000110110000101101100011001000010000001000011011100100110010101100001011011010010111001011111
10010010110111000100000011101110110100101101110011101000110010101110010001000000111010001101000011001010010000001101101011010010110110001101011001000000111001101110100011000010110111001100100011100110010000001110100011101110110010101101110011101000111100100100000011001100110111101110101011100100010000001101000011011110111010101110010011100110010000001100010011001010110011001101111011100100110010100100000011100110110001101100001011011000110010001100101011001000011101100100000011010010110111000100000011101000110100001100101
111001101110101011011010110110101100101011100100010000001110100011101110110010101101100011101100110010100101110001000000101010001101000011001010010000001101101011010010110110001101011011100000110000101101110001000000110100101110011001000000111010001101111001000000110001001100101001000000111000001110101011101000010000001101111011011100010000001100001001000000110100001101111011101000010000001101000011001010110000101110010011101000110100000101100001000000110100101100110001000000111100101101111011101010010000001101000011000010111011001100101
1101111011011100110010100101100001000000110111101110010001000000110100101100110001000000110111001101111011101000010110000100000011010010110111001110100011011110010000001100001001000000110001001110010011000010111001101110011001000000110101101100101011101000111010001101100011001010010000001101111011001100010000001110111011000010111010001100101011100100010110000100000011011110110011000100000011000010010000001110011011010010111101001100101001000000111010001101111001000000111001001100101011000110110010101101001011101100110010100100000011101000110100001100101
111000001100001011011100010111000100000010010010111010000100000011011010111010101110011011101000010000001110010011001010110110101100001011010010110111000100000011011110110111000100000011101000110100001100101001000000110011001101001011100100110010100100000011101000110100101101100011011000010000001110001011101010110100101110100011001010010000001101000011011110111010000101100001000000110001001110101011101000010000001101111011011100010000001101110011011110010000001100001011000110110001101101111011101010110111001110100001000000110001001101111011010010110110000101100
1101111011100100010000001110100011010000110010101110010011001010010000001110111011010010110110001101100001000000110001001100101001000000110000100100000011100110110101101101001011011100010110000100000011010010110111001110011011101000110010101100001011001000010000001101111011001100010000001100011011100100110010101100001011011010010110000100000011101010111000001101111011011100010000001110100011010000110010100100000011011010110100101101100011010110010111000100000010110010110111101110101001000000111011101101001011011000110110