0010110111001110100011100110010000001101111011001100010000001101110011001010111011100100000011011010110100101101100011010110010110000100000011101110110100101110100011010000010000001100001001000000110001001101001011101000010000001101111011001100010000001101100011001010110110101101111011011100111000001100101011001010110110000101100001000000110000100100000011000100110100101110100001000000110111101100110
11000110110100101101110011011100110000101101101011011110110111000101100001000000111010001110111011011110010000001101111011100100010000001110100011010000111001001100101011001010010000001100010011000010111100101101100011001010110000101110110011001010111001100101100001000000110000101101110011001000010000001110011011101110110010101100101011101000110010101101110001000000110100101110100001011100010000001001101011001010110000101101110011101110110100001101001011011000110010100101100001000000111001001110101011000100010000001100100011011110111011101101110
1110011011011010110111101101111011101000110100000100000011000010010000001101100011000010111001001100111011001010010000001110011011100000110111101101111011011100110011001110101011011000010000001101111011001100010000001110010011010010110001101100101001000000110011001101100011011110111010101110010001000000110100101101110011101000110111100100000011000010010000001100011011101010111000000100000011011110110011000100000011000110110111101101100011001000010000001101101011010010110110001101011001011000010000001100001011011100110010000100000011011010110100101111000
111011101101001011101000110100000100000011010010111010000100000011101000111011101101111001000000111100101100101011011000110101101110011001000000110111101100110001000000110010101100111011001110010000001110111011001010110110001101100001000000110001001100101011000010111010001100101011011100010111000100000010101000110000101101011011001010010000001100001001000000110001001100001011100110110111101101110001000000110111101100110001000000111010001101000011001010010000001100010011011110110100101101100011010010110111001100111001000000110110101101001011011000110101100101100
11000010110111001100100001000000110110101101001011110000010000001110111011010010111010001101000001000000111010001101000011001010010000001100011011011110110110001100100001011000010000001100001011011100110010000100000011101000110100001100101011011100010000001110000011011110111010101110010001000000111010001101000011000010111010000100000011101000110111100100000011101000110100001100101001000000110001001101111011010010110110001101001011011100110011100111011001000000111001101110100011010010111001001110010011010010110111001100111001000000110100101110100
1101111011011100110010100100000011101110110000101111001001011000010000001110100011010010110110001101100001000000110100101110100001000000110001001100101011001110110100101101110011100110010000001110100011011110010000001110100011010000110100101100011011010110110010101101110001011000010000001100001011011100110010000100000011010010111001100100000011010100111010101110011011101000010000001100111011011110110100101101110011001110010000001110100011011110010000001100010011011110110100101101100001000000111010101110000001110110010000001110100011010000110010101101110
111000001101111011101010111001000100000011010010111010000100000011010010110111001110100011011110010000001100001001000000111000001100001011011100010110000100000011100110111010001101001011100100010000001101001011101000010000001110011011011110110110101100101001000000111010001101001011011010110010100101100001000000110000101100100011001000010000001100001001000000110110001100001011100100110011101100101001000000111001101110000011011110110111101101110011001100111010101101100001000000110111101100110
11100000110010101100001011000110110100001110111011000010111010001100101011100100010110000100000011101000111011101101111001000000111010001100101011000010111001101110000011011110110111101101110011001100111010101101100011100110010000001101111011001100010000001100010011100100110000101101110011001000111100100101100001000000110111101110010001000000110000100100000011011000110100101110100011101000110110001100101001000000111001001100001011101000110000101100110011010010110000100101110
101111101010010011010010110001101101000011001010111001000100000010000110111010101110011011101000110000101110010011001000010111001011111
10000100110111101101001011011000010000001100001001000000111000001101001011011100111010000100000011011110110011000100000011011010110100101101100011010110010000001110111011010010111010001101000001000000110110001100101011011010110111101101110011100000110010101100101011011000010000001100001011011100110010000100000011000110110100101101110011011100110000101101101011011110110111000111011001000000110110101101001011110000010000001100001001000000111000001101001011011100111010000100000011011110110011000100000011000110111001001100101011000010110110100101100
1100001011011100110010000100000011101000110100001100101001000000111100101100101011011000110101101110011001000000110111101100110001000000110011001101001011101100110010100100000011001010110011101100111011100110010000001110111011001010110110001101100001000000110001001100101011000010111010001100101011011100010111000100000010101110110100001100101011011100010000001110100011010000110010100100000011011010110100101101100011010110010000001110100011000010111001101110100011001010111001100100000011011110110011000100000011101000110100001100101
1110011011001010110000101110011011011110110111001101001011011100110011100101100001000000111001101110111011001010110010101110100011001010110111000100000011010010111010000100000011001010110111001101111011101010110011101101000001000000110011001101111011100100010000001110100011010000110010100100000011101110110100001101111011011000110010100101100001000000111000001101111011101010111001000100000011010010111010000100000011010010110111001110100011011110010000001110100011010000110010100100000011000110111001001100101011000010110110100101100
111001101110100011010010111001001110010011010010110111001100111001000000111011101100101011011000110110000101100001000000111010001101000011001010110111000100000011001110110100101110110011001010010000001110100011010000110010100100000011000110111010101110011011101000110000101110010011001000010000001100001001000000111001101101001011011010110110101100101011100100010000001110100011010010110110001101100001000000110111101100110001000000111000001110010011011110111000001100101011100100010000001110100011010000110100101100011011010110110111001100101011100110111001100101110
100010001101111001000000110111001101111011101000010000001101100011001010111010000100000011010010111010000100000011000100110111101101001011011000010111000100000010100110111010001101001011100100010000001110100011010000110010100100000011101110110100001101111011011000110010100100000011101000110100101101101011001010010000001101111011011100110010100100000011101110110000101111001001110100010000001110011011001010110000101110011011011110110111000100000011000010111001100100000011000010110001001101111011101100110010100101110
10111110100000101101100011011010110111101101110011001000010000001000011011100100110010101100001011011010010111001011111
10000100110010101100001011101000010000001100110011011110111010101110010001000000110111101110101011011100110001101100101011100110010000001101111011001100010000001110011011101110110010101100101011101000010000001100001011011000110110101101111011011100110010001110011001011000010000001100001011011100110010000100000011000010010000001100110011001010111011100100000011000100110100101110100011101000110010101110010001011000010000001101001011011100010000001100001001000000110110101101111011100100111010001100001011100100010110000100000011101110110100101110100011010000010000001100001
1110100011001010110000101110011011100000110111101101111011011100110011001110101011011000010000001101111011001100010000001110111011000010111010001100101011100100010000001110100011011110010000001110000011100100110010101110110011001010110111001110100001000000110111101101001011011000110100101101110011001110010110000100000011000100110111101110100011010000010000001101000011000010111011001101001011011100110011100100000011000100110010101100101011011100010000001100010011011000110000101101110011000110110100001100101011001000010111000100000010100000111010101110100
1110100011010000110010100100000011100000110000101110011011101000110010100100000011101000110111100100000011000010010000001110001011101010110000101110010011101000010000001101111011001100010000001100011011100100110010101100001011011010010110000100000011000010110111001100100001000000110000101100100011001000010000001110100011010000110010100100000011010100111010101101001011000110110010100100000011011110110011000100000011101000110100001110010011001010110010100100000011011000110010101101101011011110110111001110011
11100110111011101100101011001010111010001100101011011100110010101100100001110110010000001100010011001010110000101110100001000000110100101110100001000000111010101110000001000000111011101101001011101000110100000100000011000010010000001110111011010000110100101110011011010110010000001110100011011110010000001100001001000000110011001110010011011110111010001101000001011000010000001110111011010000110100101100011011010000010000001110100011000010110101101100101011100110010000001101111011001100110011000100000011011110110111000100000011101000110100001100101
11100110110100001100001011011000110110001101111011101110010000001110000011000010111001001110100001000000110111101100110001000000110000100100000011100110110100101100101011101100110010100101110001000000100011001101001011011000110110000100000011001110110110001100001011100110111001101100101011100110010000001110111011010010111010001101000001000000111001101101111011011010110010100100000011011110110011000100000011101000110100001100101001000000110110001101001011100010111010101101111011100100010000001100001011011100110010000100000011101000110100001100101
11001100111001001101111011101000110100000101110
10111110100001001110010011000010110111001100100011110010010000001000011011100100110010101100001011011010010111001011111
100001001101111011010010110110000100000011101000111011101101111001000000110010001101111011110100110010101101110001000000110111101100110001000000110000101101100011011010110111101101