0110010101100011011101000010000001111001011011110111010100100000011000110110000101110101011100110110010100101110
1010011011001010110001101110100011010010110111101101110001000000011001000101110001000000100100101101110011001100110111101110010011011010110000101110100011010010110111101101110001000000110000101100010011011110111010101110100001000000111010001101000011001010010000001001101011010010111001101110011011010010110111101101110001000000110111101100110001000000101000001110010011011110110101001100101011000110111010000100000010001110111010101110100011001010110111001100010011001010111001001100111001011010111010001101101
1010000011100100110111101101010011001010110001101110100001000000100011101110101011101000110010101101110011000100110010101110010011001110010110101110100011011010010000001101001011100110010000001110011011110010110111001101111011011100111100101101101011011110111010101110011001000000111011101101001011101000110100000100000011101000110100001100101001000000110011001110010011001010110010100100000011001000110100101110011011101000111001001101001011000100111010101110100011010010110111101101110001000000110111101100110
1100101011011000110010101100011011101000111001001101111011011100110100101100011001000000111011101101111011100100110101101110011001000000110100101101110001000000110011001101111011100100110110101100001011101000111001100100000011100100110010101100001011001000110000101100010011011000110010100100000011000100111100100100000011101000110100001100101001000000111011101101001011001000110010101110011011101000010000001110110011000010111001001101001011001010111010001111001001000000110111101100110
110001101101111011011010111000001110101011101000110010101110010011100110010000001101001011011100110001101101100011101010110010001101001011011100110011100100000011011110110001001110011011011110110110001100101011101000110010100101100001000000110111101101100011001000010110000100000011011010110100101100100011001000110110001100101001011010110000101100111011001010110010000100000011000010110111001100100001000000110111001100101011101110010000001100011011011110110110101110000011101010111010001100101011100100111001100101110001000000100100101110100
11001010111100001101001011100110111010001110011001000000110001001100101011000110110000101110101011100110110010100100000011011110110011000100000011101000110100001100101001000000110010101100110011001100110111101110010011101000111001100100000011011110110011000100000011010000111010101101110011001000111001001100101011001000111001100100000011011110110011000100000011101100110111101101100011101010110111001110100011001010110010101110010011100110010000001100001011011100110010000100000011001000110111101101110011000010111010001101001011011110110111001110011
11001100111001001101111011011010010000001110000011001010110111101110000011011000110010100100000011010010110111000100000011000010110110001101100001000000111011101100001011011000110101101110011001000000110111101100110001000000110110001101001011001100110010100101110
10101100110111101101100011101010110111001110100011001010110010101110010011100110010000001100001011011100110010000100000011001100110100101101110011000010110111001100011011010010110000101101100001000000111001101110101011100000111000001101111011100100111010000100000011101000110111100100000011100000111001001101111011101100110100101100100011001010010000001110110011011110110110001110101011011100111010001100101011001010111001001110011001000000111011101101001011101000110100000100000011101000110100001100101
110000101110011011100110110100101110011011101000110000101101110011000110110010100100000011101000110100001100101011110010010000001101110011001010110010101100100001000000110000101110010011001010010000001100011011100100110100101110100011010010110001101100001011011000010000001110100011011110010000001110010011001010110000101100011011010000110100101101110011001110010000001010000011100100110111101101010011001010110001101110100001000000100011101110101011101000110010101101110011000100110010101110010011001110010110101110100011011010010011101110011
1100111011011110110000101101100011100110010000001100001011011100110010000100000011001010110111001110011011101010111001001101001011011100110011100100000011101000110100001100001011101000010000001110100011010000110010100100000010100000111001001101111011010100110010101100011011101000010000001000111011101010111010001100101011011100110001001100101011100100110011100101101011101000110110100100000011000110110111101101100011011000110010101100011011101000110100101101111011011100010000001110111011010010110110001101100
11100100110010101101101011000010110100101101110001000000110011001110010011001010110010101101100011110010010000001100001011101100110000101101001011011000110000101100010011011000110010100100000011001100110111101110010001000000110011101100101011011100110010101110010011000010111010001101001011011110110111001110011001000000111010001101111001000000110001101101111011011010110010100101110001000000100100101101110001000000011001000110000001100000011000100101100001000000111010001101000011001010010000001010000011100100110111101101010011001010110001101110100
10001110111010101110100011001010110111001100010011001010111001001100111001000000100110001101001011101000110010101110010011000010111001001111001001000000100000101110010011000110110100001101001011101100110010100100000010001100110111101110101011011100110010001100001011101000110100101101111011011100010000001110111011000010111001100100000011000110111001001100101011000010111010001100101011001000010000001110100011011110010000001110000011100100110111101110110011010010110010001100101001000000110000100100000011100110110010101100011011101010111001001100101
110000101101110011001000010000001110000011001010111001001101101011000010110111001100101011011100111010000100000011001100111010101110100011101010111001001100101001000000110011001101111011100100010000001010000011100100110111101101010011001010110001101110100001000000100011101110101011101000110010101101110011000100110010101110010011001110010110101110100011011010010000001100001011011100110010000100000011001100111010101110100011101010111001001100101
11001110110010101101110011001010111001001100001011101000110100101101111011011100111001100101110001000000101010001101111001000000110110001100101011000010111001001101110001000000110110101101111011100100110010100100000011000010110001001101111011101010111010000100000011101000110100001100101001000000101000001110010011011110110101001100101011000110111010000100000010001110111010101110100011001010110111001100010011001010111001001100111001000000100110001101001011101000110010101110010011000010111001001111001
1000001011100100110001101101000011010010111011001100101001000000100011001101111011101010110111001100100011000010111010001101001011011110110111000100000011000010110111001100100001000000110100001101111011101110010000001111001011011110111010101110010001000000110010101100110011001100110111101110010011101000111001100100000011000010110111001100100001000000110010001101111011011100110000101110100011010010110111101101110011100110010000001100011011000010110111000100000011010000110010101101100011100000010110000100000011100110110010101100101
1010011011001010110001101110100011010010110111101101110011100110010000000110011001000000110000101101110011001000010000000110100001000000110000101101110011001000010000001110100011010000110010100100000010001100110111101110101011011100110010001100001011101000110100101101111011011100010000001101001011011100110011001101111011100100110110101100001011101000110100101101111011011100010000001110000011000010110011101100101001000000110000101110100
111011101110111011101110010111001100111011101010111010001100101011011100110001001100101011100100110011100101110011011110111001001100111
101001101100101011000110111010001101001011011110110111000100000001100110010111000100000010010010110111001100110011011110111001001101101011000010111010001101001011011110110111000100000011000010110001001101111011101010111010000100000011101000110100001100101001000000101000001110010011011110110101001100101011000110111010000100000010001110111010101110100011001010110111001100010011001010111001001100111001000000100110001101001011101000110010101110010011000010111001001111001
10000010111001001100011011010000110100101110110011001010010000001000110011011110111010101101110011001000110000101110100011010010110111101101110
101010001101000011001010010000001010000011100100110111101101010011001010110001101110100001000000100011101110101011101000110010101101110011000100110010101110010011001110010000001001100011010010111010001100101011100100110000101110010011110010010000001000001011100100110001101101000011010010111011001100101001000000100011001101111011101010110111001100100011000010111010001101001011011110110111000100000011010010111001100100000011000010010000001101110011011110110111000101101011100000111001001101111011001100110100101110100
11010100110000001100010010100001100011001010010010100000110011001010010010000001100101011001000111010101100011011000010111010001101001011011110110111001100001011011000010000001100011011011110111001001110000011011110111001001100001011101000110100101101111011011100010000001101111011100100110011101100001011011100110100101111010011001010110010000100000011101010110111001100100011001010111001000100000011101000110100001100101001000000110110001100001011101110111001100100000011011110110011000100000011101000110100001100101
11100110111010001100001011101000110010100100000011011110110011000100000010011010110100101110011011100110110100101110011011100110110100101110000011100000110100100100000011000010110111001100100001000000110011101110010011000010110111001110100011001010110010000100000011101000110000101111000001000000110010101111000011001010110110101110000011101000010000001110011011101000110000101110100011101010111001100100000011000100111100100100000011101000110100001100101001000000100100101101110011101000110010101110010011011100110000101101100
10100100110010101110110011001010110111001110101011001010010000001010011011001010111001001110110011010010110001101100101001011100010000001010100011010000110010100100000010001100110111101110101011011100110010001100001011101000110100101101111011011100010011101110011001000000100010101001001010011100010000001101111011100100010000001100110011001010