1101001011101000010000001110010011001010110110101100001011010010110111000100000011000010110110001101100001000000110111001101001011001110110100001110100001011000010000001110100011010000110010101101110
11100110111010001101001011100100111001001101001011011100110011100100000011101110110010101101100011011000010110000100000011100100111010101100010001000000111001101101111011011010110010100100000011011110110011000100000011010010111010000100000011000010110110001101100001000000110111101110110011001010111001000100000011101000110100001100101001000000111010001100001011000100110110001100101011100110010000001110111011010010111010001101000001000000110000100100000011011000110100101101110011001010110111000100000011100100110000101100111001110110010000001110111011010000110010101101110
1101001011101000010000001101000011000010111001100100000011011000110000101101001011011100010000001110011011011110110110101100101001000000111010001101001011011010110010100101100001000000111001001110101011000100010000001101001011101000010000001100010011100100110100101100111011010000111010000100000011101110110100101110100011010000010000001101100011010010110111001100101011011100010000001100011011011000110111101110100011010000111001100101110
10001010110000101110100011010010110111001100111001000000111010001100001011000100110110001100101011100110010000001110011011010000110111101110101011011000110010000100000011000100110010100100000011000110110111101110110011001010111001001100101011001000010000001110111011010010111010001101000001000000110110101100001011101000010110000100000011011110110100101101100011000110110110001101111011101000110100000101100001000000110111101110010001000000110001001100001011010010111101001100101001011000010000001110100011011110010000001110000011100100110010101110110011001010110111001110100
1110011011101000110000101101001011011100110100101101110011001110010110000100000011000010110111001100100001000000110001001100101001000000110100101101110011100110111010001100001011011100111010001101100011110010010000001110010011101010110001001100010011001010110010000100000011101110110100001100101011011100010000001110100011010000110010100100000011001000110100101110011011010000110010101110011001000000110000101110010011001010010000001110100011000010110101101100101011011100010000001101111011001100110011000101100001000000111011101101000011010010110110001100101
111001101110100011010010110110001101100001000000111011101100001011100100110110100101110
101111101010100011011110010000001100100011101010111001101110100001000000100001101100001011100100111000001100101011101000111001100100000011000010110111001100100001000000100011001101100011011110110111101110010011100110010111001011111
10100110111000001110010011010010110111001101011011011000110010100100000011101000110010101100001001000000110110001100101011000010111011001100101011100110010000001101111011011100010000001110100011010000110010101101101001011000010000001110100011010000110010101101110001000000111001101110111011001010110010101110000001000000110001101100001011100100110010101100110011101010110110001101100011110010010111000100000010101000110100001100101001000000110011001101111011100100110110101100101011100100010000001110011011010000110111101110101011011000110010000100000011011100110111101110100
110001001100101001000000111001101110111011001010111000001110100001000000110011001110010011001010111000101110101011001010110111001110100011011000111100100100000011101110110100101110100011010000010000001100001001000000111011101101000011010010111001101101011001000000110001001110010011101010111001101101000001011000010000001100001011100110010000001101001011101000010000001110111011001010110000101110010011100110010000001110100011010000110010101101101001000000110011001100001011100110111010000111011001000000110001001110101011101000010000001101111011011100110001101100101
1100001001000000111011101100101011001010110101100101100001000000110000101101110011001000010000001110100011010000110010100100000011011110111010001101000011001010111001000100000011101000110100101101101011001010111001100100000011101110110100101110100011010000010000001110100011010000110010100100000011011000110010101100001011101100110010101110011001000000110000101101110011001000010000001100001001000000110100001100001011010010111001000100000011000100111001001110101011100110110100000101110
1011111010101000110111100100000011000110110110001100101011000010110111000100000010000110110000101110010011100000110010101110100011100110010111001011111
1010100011000010110101101100101001000000111010101110000001000000111010001101000011001010010000001100011011000010111001001110000011001010111010000101100001000000110110001100101011101000010000001101001011101000010000001100010011001010010000001110111011001010110110001101100001000000110001001100101011000010111010001100101011011100010110000100000011101000110100001100101011011100010000001101100011000010110100101100100001000000110010001101111011101110110111000101100001000000110000101101110011001000010000001100010011100100111010101110011011010000110010101100100
110111101101110001000000110001001101111011101000110100000100000011100110110100101100100011001010111001100100000011101110110100101110100011010000010000001100001001000000110100001100001011011100110010000100000011000100111001001110101011100110110100000101110001000000101010001110101011100100110111000100000011010010111010000100000011101000110100001100101001000000111001001101001011001110110100001110100001000000111001101101001011001000110010100100000011101010111000001110111011000010111001001100100011100110010110000100000011000010110111001100100
11100110110001101101111011101010111001000100000011010010111010000100000011101110110100101110100011010000010000001101111011110000110011101100001011011000110110000101100001000000110000101101110011001000010000001110011011011110110000101110000001000000110000101101110011001000010000001110111011000010111010001100101011100100010110000100000011101100110010101110010011110010010000001100011011011000110010101100001011011100010110000100000011000010110111001100100001000000110010001110010011110010010000001101001011101000010000001110111011010010111010001101000
1101100011010010110111001100101011011100010000001100011011011000110111101110100011010000111001100101110
1011111010101000110111100100000011101000110000101101011011001010010000001010011011101000110000101101001011011100111001100100000011011110111010101110100001000000110111101100110001000000100110101100001011100100110001001101100011001010010111001011111
10011010110100101111000001000000111010101101110011100110110110001100001011000110110101101100101011001000010000001101100011010010110110101100101001011000010000001101001011011100010000001100110011010010110111001100101011100110111010000100000011100000110111101110111011001000110010101110010001011000010000001110111011010010111010001101000001000000111010001101000011001010010000001110011011101000111001001101111011011100110011101100101011100100010000001110011011011110110000101110000001000000110110001111001011001010010110000100000011100000111001001100101011101000111010001111001
111010001101000011010010110001101101011001110110010000001100001011011100110010000100000011010010110111001110011011101000110000101101110011101000110110001111001001011000010000001110111011010010111010001101000001000000110000100100000011100000110000101101001011011100111010001100101011100101110001010000000100110010111001100100000011000100111001001110101011100110110100000101100001000000110110001100001011110010010000001101001011101000010000001101111011011100010000001110100011010000110010100100000011101110110100001101111011011000110010100100000011011110110011000100000011101000110100001100101
110110101100001011100100110001001101100011001010010111000100000010010010110111000100000011101000111011101101111001000000110110101101111011011100111010001101000011100110010000001110100011010010110110101100101001000000111011101100001011100110110100000100000011010010111010000100000011011110110011001100110001000000111000001100101011100100110011001100101011000110111010001101100011110010010000001100011011011000110010101100001011011100011101100100000011101000110100001100101011011100010000001101000011000010111011001100101001000000111001001100101011000010110010001111001
1100001001000000110011001101001011011100110010100100000011101000110100001101001011000110110101100100000011011000110000101110100011010000110010101110010001000000110111101100110001000000111001101101111011001100111010000100000011100110110111101100001011100000010110000100000011000100110111101101001011011000110010101100100001000000110100101101110001000000111001101101111011001100111010000100000011101110110000101110100011001010111001000111011001000000110010001101001011100000010000001100001001000000110001001110010011101010111001101101000001000000110100101101110
11010010111010000101100001000000110000101101110011001000010000001110011011000110110111101110101011100100010000001110100011010000110010100100000011011010110000101110010011000100110110001100101001000000111011101101001011101000110100000100000011100000110111101110111011001000110010101110010001011000010000001101110011011110111010000100000011000010111001100100000011000110110111101101101011011010110111101101110001000000110001101101100011001010110000101101110011010010110111001100111001011100010000001010100011010000110100101110011001000000111011101101001011011000110110000101100
1100010011110010010000001110110011001010111001001111001001000000110011101101111011011110110010000100000011100100111010101100010011000100110100101101110011001110010110000100000011001110110100101110110011001010010000001100001001000000110001001100101011000010111010101110100011010010110011001110101011011000010000001110000011011110110110001101001011100110110100000101110001000000100001101101100011001010110000101110010001000000110111101100110011001100010000001110100011010000110010100100000011100110110111101100001011100000010110000100000011000010110111001100100
11001100110100101101110011010010111001101101000001000000111011101101001011101000110100000100000011000010010000001110011011011010110111101101111011101000110100000100000011010000110000101110010011001000010000001100010011100100111010101110011011010000010000001110100011010010110110001101100001000000111010001101000011001010010000001100101011011100