10001101100101001011000010000001100001011011100110010000100000011100000110010101110000011100000110010101110010001011000010000001101001011001100010000001101110011011110111010000100000011010000110100101100111011010000010000001100101011011100110111101110101011001110110100000111011001000000110000100100000011000100110100101110100
1101111011001100010000001100110011100100110010101110011011010000010000001100010011101010111010001110100011001010111001000100000011011010110010101101100011101000110010101100100001011000010000001100001011011100110010000100000011000010010000001110011011100000110111101101111011011100110011001110101011011000010000001101111011001100010000001110100011010000110010100100000011001110111001001100001011101100111100100100000011101000110100001100001011101000010000001100011011000010110110101100101001000000110011001110010011011110110110100100000011101000110100001100101
11010000110000101110010011001010010000001110111011010000110010101101110001000000110001001100001011010110110010101100100001011100010000001010000011101010111010000100000011101000110100001100101001000000110110101100101011000010111010000100000011010010110111001110100011011110010000001110011011011010110000101101100011011000010000001110000011011110111010001110011001011000010000001100001011011100110010000100000011000110110111101110110011001010111001000100000011010010111010000100000011101110110010101101100011011000010000001110111011010010111010001101000
11000100111010101110100011101000110010101110010001000000111011101100001011100100110110101100101011001000010111000100000010101000110100001100101001000000111000001110010011010010110110101100101001000000111001101101000011011110111010101101100011001000010000001100010011001010010000001100010011000010110101101100101011001000010000001100001011101000010000001110100011010000110010100100000011000100110111101110100011101000110111101101101001000000110111101100110001000000111010001101000011001010010000001110000011011110111010000101110
101111101000010011100100110111101101001011011000110010101100100001000000100100001100001011100100110010100100000011000010110111001100100001000000110100001100001011100110110100001100101011001000010111001011111
1010100011010000110010100100000011001100110110001100001011101100110111101110101011100100010000001101111011001100010000001100010011100100110111101101001011011000110010101100100001000000110100001100001011100100110010100100000011010010111001100100000011100000110000101110010011101000110100101100011011101010110110001100001011100100110110001111001001000000110011001101001011011100110010100101110001000000101010001101000011001010010000001101100011001010110011101110011001000000110111101110010001000000111011101101001011011100110011101110011
11100000110010101110000011100000110010101110010011001010110010000100000011000010110111001100100001000000111001101100001011011000111010001100101011001000010000001100110011010010111001001110011011101000010110000100000011000010110111001100100001000000111011101101000011001010110111000100000011001000110111101101110011001010010110000100000011100100111010101100010011000100110010101100100001000000111011101101001011101000110100000100000011000110110111101101100011001000010000001100010011101010111010001110100011001010111001000101110
10101000110100001100101001000000110111101110100011010000110010101110010001000000111000001100001011100100111010001110011001000000111011101100001011100100110110101100101011001000010000001110111011010010111010001101000001000000111010001101000011001010010000001100111011100100110000101110110011110010010000001100001011011100110010000100000011000010010000001101100011010010111010001110100011011000110010100100000011100110111010001110101011001100110011001101001011011100110011100101110
10111110101001001100001011000100110001001101001011101000111001101011111
100110101100001011110010010000001100010011001010010000001100101011000010111010001100101011011100010000001110110011000010111001001101001011011110111010101110011001000000111011101100001011110010111001100101110
101001001101111011000010111001101110100011001010110010000100000011101110110100101110100011010000010000001110011011101000111010101100110011001100110100101101110011001110010000001100001011011100110010000100000011001110111001001100001011101100111100100101110
10001000110100101110100011101000110111100100000011101110110100101110100011010000110111101110101011101000010000001110011011101000111010101100110011001100110100101101110011001110011101100100000011000010110111001100100001000000111011101101001011101000110100000100000011011000110100101110110011001010111001000101100001000000111000001100001011100100111001101101100011001010111100100101100001000000110000101101110011001000010000001100010011101010111010001110100011001010111001000111010001000000111001101100101011000010111001101101111011011100110010101100100
11101110110100101110100011010000010000001110000011001010111000001110000011001010111001000100000011000010110111001100100001000000111001101100001011011000111010000101110
100001001101111011010010110110001100101011001000010110000100000011000010110111001100100001000000111001101101101011011110111010001101000011001010111001001100101011001000010000001110111011010010111010001101000001000000110111101101110011010010110111101101110001000000111001101100001011101010110001101100101001110110010000001110100011010000110010100100000011000100111010101110100011101000110010101110010001000000110001001100101011010010110111001100111001000000110110101100101011011000111010001100101011001000010000001110111011010010111010001101000
1101101011010010110110001101011001000000110100101101110011100110111010001100101011000010110010000100000011011110110011000100000011101110110000101110100011001010111001000101110
10001100111001001101001011001010110010000101100001000000110000101101110011001000010000001110011011001010111001001110110011001010110010000100000011101110110100101110100011010000010000001100100011100100110100101100101011001000010000001101111011100100010000001100110011100100110100101100101011001000010000001110000011000010111001001110011011011000110010101111001001011000010000001100001011011100110010000100000011011000110100101110110011001010111001000100000011100110110000101110101011000110110010100100000011000010111001100100000011000010110001001101111011101100110010100101110
1000110011100100110100101100011011000010111001101110011011001010110010101100100001011000010000001100001011100110010000001100100011010010111001001100101011000110111010001100101011001000010000001100110011011110111001000100000011000110110100001101001011000110110101101100101011011100111001100101110
100110101100001011001000110010100100000011010010110111001110100011011110010000001010000011010010110010101110011001011000010000001100001011100110010000001100011011010000110100101100011011010110110010101101110011100110010110000100000011101110110100101110100011010000010000001100110011011110111001001100011011001010110110101100101011000010111010000101100001000000010011001100011001011100010000001100001011100100110010100100000011001010111100001100011011001010110110001101100011001010110111001110100001011000010000001110111011010000110010101101110
11110010110111101110101011011100110011100101110
101111101010100011011110010000001101101011000010110101101100101001000000101001001100001011000100110001001101001011101000010000001110100011000010111001101110100011001010010000001101101011101010110001101101000001000000110110001101001011010110110010101011111001000000100100001100001011100100110010100101110
1000011011010000110111101101111011100110110010100100000011000010010000001111001011011110111010101101110011001110010000001100110011101010110110001101100001000000110011101110010011011110111011101101110001000000110111101101110011001010011101000100000011010000110000101101110011001110010000001101001011101000010110000100000011101110110100101110100011010000010000001110100011010000110010100100000011100110110101101101001011011100010000001101111011011100010110000100000011101000111011101101111001000000110111101110010001000000111010001101000011100100110010101100101
1100100011000010111100101110011001110100010000001110011011010110110100101101110001011000010000001100001011011100110010000100000011011000110000101111001001000000110100101110100001000000111010101101110011101110110000101110011011010000110010101100100001000000110100101101110001000000110000100100000011100110110010101100001011100110110111101101110011010010110111001100111001000000110111101100110001000000110001001101100011000010110001101101011001000000110000101101110011001000010000001001010011000010110110101100001011010010110001101100001
11100000110010101110000011100000110010101110010011100110010110000100000011010010110111000100000011001100110100101101110011001010010000001110000011011110111011101100100011001010111001000101100001000000111000001110101011101000111010001101001011011100110011100100000011100110110111101101101011001010010000001110000011011110111001001110100001000000111011101101001011011100110010100100000011010010110111001110100011011110010000001110100011010000110010100100000011001000110100101110011011010000010110000100000011000010110111001100100001000000110001001100001011100110111010001100101
11010010111010000100000011011110110001101100011011000010111001101101001011011110110111001100001011011000110110001111001001000000110011001101111011100100010000001100110011011110111001001110100011110010010000001101000011011110111010101110010011100110011101000100000011101000110100001100101011011100010000001110011011101000111010101100110011001100010000001100001011011100110010000100000011100100110111101100001011100110111010000100000011010010111010000100000011000010111001100100000011010000110000101110010011001010010110000100000011000010110111001100100
11101110110100101110100011010000010000001110100011010000110010100100000011100110110000101101101011001010010000001110011011000010111010101100011011001010010111000100000010001000110111100100000011011100110111101110100001000000111011101100001011100110110100000100000011011110110011001100110001000000111010001101000011001010010000001101100011010010111000101110101011011110111001000100000011101000110100001100001011101000010000001101001011101000010000001101100011000010111100100100000011010010110111000101110
1011111010100000110111101110100011101000110010101