0110111010001100101001000000111001001101111011101010110111001100100001000000111010001101000011001010010000001100100011010010111001101101000001011000010000001100001011011100110010000100000011000100110000101101011011001010010000001110100011010000110010100100000011100000111010101100100011001000110100101101110011001110010000001101000011000010110110001100110001000000110000101101110001000000110100001101111011101010111001000101110
10111110100001001100001011010110110010101100100001000000100011101101111011011110111001101100101011000100110010101110010011100100111100100100000010100000111010101100100011001000110100101101110011001110010111001011111
10100110111010001100101011101110010000001100111011011110110111101110011011001010110001001100101011100100111001001101001011001010111001100100000011010010110111000100000011000010010000001101010011000010111001000100000011011110111011001100101011100100010000001100001001000000110100001101111011101000010000001101000011001010110000101110010011101000110100000101100001000000110111101110010001000000110100101101110001000000110000100100000011100110110000101110101011000110110010101110000011000010110111000100000011011110110011000100000011101110110000101110100011001010111001000101100
1110100011010010110110001101100001000000111010001101000011001010111100100100000011101110110100101101100011011000010000001110000011101010110110001110000001011100010000001010100011000010110101101100101001000000110000100100000011100000110100101101110011101000010000001101111011001100010000001110100011010000110010100100000011010100111010101101001011000110110010100100000011100000111001001100101011100110111001101100101011001000010000001110100011010000111001001101111011101010110011101101000001000000110000100100000011100110110100101100101011101100110010100101100
11000010110111001100100001000000110001001100101011000010111010000100000011010010111010000100000011101110110100101110100011010000010000001110100011010000111001001100101011001010010000001111001011001010110110001101011011100110010000001100001011011100110010000100000011101110110100001101001011101000110010101110011001000000110111101100110001000000110010101100111011001110111001100101100001000000110001001100101011000010111010001100101011011100010000001100001011011100110010000100000011100110111010001110010011000010110100101101110011001010110010000101100
110000101101110011001000010000001101111011011100110010100100000011011110111010101101110011000110110010100100000011000010110111001100100001000000110000100100000011010000110000101101100011001100010000001101111011001100010000001100010011101010111010001110100011001010111001000111010001000000111001101110111011001010110010101110100011001010110111000100000011010010111010000100000011101110110010101101100011011000010110000100000011000010110111001100100001000000111000001110101011101000010000001100001001000000110001101110010011101010111001101110100
1110010011011110111010101101110011001000010000001110100011010000110010100100000011001000110100101110011011010000010111000100000010000010010000001100110011001010111011100100000011000110111001001110101011011010110001001110011001000000110111101100110001000000111001001101111011011000110110000100000011100110110100001101111011101010110110001100100001000000110001001100101001000000110110101101001011110000110010101100100001000000111011101101001011101000110100000100000011101000110100001100101001000000110000101100010011011110111011001100101001000000111010001101111
11001110110100101110110011001010010000001100001001000000110110001101001011101000111010001101100011001010010000001100011011011110110111001110011011010010111001101110100011001010110111001100011011001010010110000100000011011110111001000100000011001100110111101110101011100100010000001101111011101010110111001100011011001010111001100100000011011110110011000100000010011100110000101110000011011000110010101110011001000000110001001101001011100110110001101110101011010010111010000101110
101111101000001001000000100011101110010011001010110010101101110001000000100001001100101011000010110111000100000010100000111010101100100011001000110100101101110011001110010111001011111
10000100110111101101001011011000010000001100001011011100110010000100000011000100110110001100001011011100110001101101000001000000110111101101100011001000010000001100010011001010110000101101110011100110010110000100000011000100110010101100001011101000010000001110100011010000110010101101101001000000110100101101110001000000110000100100000011011010110111101110010011101000110000101110010001000000111011101101001011101000110100000100000011101100110010101110010011110010010000001101100011010010111010001110100011011000110010100100000011100000110010101110000011100000110010101110010
110000101101110011001000010000001110011011000010110110001110100001011000010000001110011011011110110110101100101001000000110001101110010011001010110000101101101001011000010000001100001011011100110010000100000011101000110100001100101001000000111100101100101011011000110101100100000011011110110011000100000011000010110111000100000011001010110011101100111001011100010000001000001001000000110110001101001011101000111010001101100011001010010000001110011011100000110100101101110011000010110001101101000001000000110101001110101011010010110001101100101
111011101101001011011000110110000100000011001110110100101110110011001010010000001100001001000000110011001101001011011100110010101110010001000000110001101101111011011000110111101110101011100100010110000100000011000100111010101110100001000000110100101110100001000000110100101110011001000000110000101110011001000000110011101101111011011110110010000100000011101110110100101110100011010000110111101110101011101000010111000100000010000100110111101101001011011000010000001101001011101000010000001101001011011100010000001100001001000000110001001100001011100110110111101101110
11101000110100001100001011101000010000001110111011010010110110001101100001000000110101001110101011100110111010000100000011010000110111101101100011001000010000001101001011101000010110000100000011001100110111101110010001000000110000101101110001000000110100001101111011101010111001000100000011000010110111001100100001000000111000001101111011101010111001000100000011100000110000101110010011100110110110001100101011110010010000001100001011011100110010000100000011000100111010101110100011101000110010101110010001000000110111101110110011001010111001000101110
10100110110010101110010011101100110010100100000011000100110000101100011011011110110111000100000011101000110111100100000011001010110000101110100001000000111011101101001011101000110100000100000011010010111010000101110
101111101000010011000010110101101100101011001000010000001000001011011000110110101101111011011100110010000100000010100000111010101100100011001000110100101101110011001110010111001011111
1000010011001010110000101110100001000000110011001101001011011100110010100100000011001100110111101110101011100100010000001101111011101010110111001100011011001010111001100100000011011110110011000100000011000010110110001101101011011110110111001100100011100110010110000100000011001100110111101110101011100100010000001101111011100100010000001100110011010010111011001100101001000000110001001101001011101000111010001100101011100100010000001100100011010010111010001110100011011110010110000100000011101110110100101110100011010000010000001100001
11011000110100101110100011101000110110001100101001000000111011101101001011011100110010100101100001000000111100101100101011011000110101101110011001000000110111101100110001000000111001101101001011110000010000001100101011001110110011101110011001011000010000001110000011001010110010101101100001000000110111101100110001000000111010001110111011011110010000001101100011001010110110101101111011011100111001100100000011001110111001001100001011101000110010101100100001011000010000001110011011010010111100000100000011011110111010101101110011000110110010101110011001000000110111101100110
11000100111010101110100011101000110010101110010001011000010000001101110011001010110000101110010001000000110000100100000011100010111010101100001011100100111010000100000011011110110011000100000011000110111001001100101011000010110110100101100001000000110101001110101011010010110001101100101001000000110111101100110001000000110111101101110011001010010000001101100011001010110110101101111011011100010111000100000010101110110100001100101011011100010000001110111011001010110110001101100001000000110110101101001011110000110010101100100001011000010000001100010011000010110101101100101
11010010111010000100000011010000110000101101100011001100010000001100001011011100010000001101000011011110111010101110010001011000010000001110111011010010111010001101000001000000110000100100000011100000110000101110011011101000110010100100000011100100110111101110101011011100110010000100000011101000110100001100101001000000110010001101001011100110110100000101110
1011111010100110110100001100101011011000110011001101111011100100110010000100000010100000111010101100100011001000110100101101110011001110010111001011111
1001101011010010111100000100000011101000110100001110010011001010110010100100000011100010111010101100001011100100111010001100101011100100111001100100000011011110110011000100000011000010010000001110000011011110111010101101110011001000010000001101111011001100010000001100011011101010111001001110010011000010110111001110100011100110010110000100000011011110111001000100000011100100110000101101001011100110110100101101110011100110010110000100000011011110110111001100101001000000111000001101111011101010110111001100100001000000110111101100110
111001101110101011001010111010000101100001000000110111101101110011001010010000001110000011011110111010101101110011001000010000001101111011001100010000001100110011011000110111101110101011100100010110000100000011100110110100101111000001000000110010101100111011001110111001100101100001000000110000100100000011011000110100101110100011101000110110001100101001000000110011101101111011011110110010000100000011011010110100101101100011010110010110000100000011100110110111101101101011001010010000001101100011001010110110101101111011011100111000001100101011001010110110000101100
1100001011011100110010000100000011000010010000001101100011010010111010001110100011011000110010100100000011100110110000101101100011101000010111000100000010000100110111101101001011011000010000001101