100011011110110110100101110
1011111010000010110111001101111011101000110100001100101011100100010111001011111
100011101100001011101000110100001100101011100100010000001111001011011110111010101110010001000000110011101101111011011110111001101100101011000100110010101110010011100100110100101100101011100110010000000101000011101000110100001100101001000000110001101101100011001010110000101110010001000000111011101101000011010010111010001100101001000000110111101110010001000000110011101110010011001010110010101101110001000000111001101101111011100100111010000101001001000000111011101101000011001010110111000100000011100100110100101110000011001010011101100100000011101000110111101110000
1100001011011100110010000100000011101000110000101101001011011000010110000100000011000010110111001100100001000000111011101100101011010010110011101101000001000000111010001101000011001010110110100111010001000000110000100100000011100000110111101110101011011100110010000100000011101000110111100100000011101000110100001110010011001010110010100100000011100010111010101100001011100100111010001100101011100100111001100100000011011110110011000100000011000010010000001110000011011110111010101101110011001000010000001101111011001100010000001100110011010010110111001100101
11100110111010101100111011000010111001000101100001000000110000101101110011001000010000001101000011000010110110001100110001000000110000100100000011100000110100101101110011101000010000001101111011001100010000001110111011000010111010001100101011100100011101100100000011000100110111101101001011011000010000001100001011011100110010000100000011100110110101101101001011011010010000001110100011010000110010100100000011100110111010101100111011000010111001000100000011000010110111001100100001000000111011101100001011101000110010101110010001011000010000001110100011010000110010101101110
111000001110101011101000010000001110100011010000110010100100000011001100111001001110101011010010111010000100000011000010110111001100100001000000110001001101111011010010110110000100000011001110110010101101110011101000110110001111001001000000111010001101001011011000110110000100000011000110110110001100101011000010111001000111011001000000111010001101000011001010110111000100000011000100111001001100101011000010110101100100000011000010110111001100100001000000111000001110101011101000010000001101001011011100111010001101111001000000111001101101101011000010110110001101100
111000001101111011101000111001100101110
101111101010111011010000110100101110100011001010010000001000111011011110110111101110011011001010110001001100101011100100111001001111001001000000100101001100001011011010010111001011111
100011101100001011101000110100001100101011100100010000001110100011010000110010100100000011001100110100101101110011001010111001101110100001000000111011101101000011010010111010001100101001000000110011101101111011011110111001101100101011000100110010101110010011100100110100101100101011100110010110000100000011011110111001000100000011001110111001001100101011001010110111000100000011010010110011000100000011110010110111101110101001000000110001101101000011011110110111101110011011001010010110000100000011101110110100001100101011011100010000001101010011101010111001101110100
111001001101001011100000110010100111011001000000111010001101111011100000010000001100001011011100110010000100000011101000110000101101001011011000010000001110100011010000110010101101101001011100010000001010100011011110010000001100101011000010110001101101000001000000111000001101111011101010110111001100100001000000111000001110101011101000010000001110100011010000111001001100101011001010010000001110001011101010110000101110010011101000110010101110010011100110010000001101111011001100010000001100001001000000111000001101111011101010110111001100100001000000110111101100110
110011001101001011011100110010100100000011100110111010101100111011000010111001000101100001000000110000101101110011001000010000001101000011000010110110001100110001000000110000100100000011100000110100101101110011101000010000001101111011001100010000001110111011000010111010001100101011100100010111000100000010000100110111101101001011011000010000001100001011011100110010000100000011000110110110001100001011100100110100101100110011110010010000001110100011010000110010100100000011100110111010101100111011000010111001000100000011010010110111000100000011101000110100001100101
111011101100001011101000110010101110010001000000110000101110011001000000110010001101001011100100110010101100011011101000110010101100100001000000111010101101110011001000110010101110010001000000111010001101000011000010111010000100000011000010111001001110100011010010110001101101100011001010010110000100000011101000110100001100101011011100010000001100001011001000110010000100000011101000110100001100101001000000110011001110010011101010110100101110100001110110010000001110011011010010110110101101101011001010111001000100000011001110110010101101110011101000110110001111001
1110100011010010110110001101100001000000110001101101100011001010110000101110010001011000010000001110100011010000110010101101110001000000110001001110010011001010110000101101011001000000110100101110100001011000010000001100001011011100110010000100000011010010110111000100000011000010010000001100110011001010111011100100000011011010110100101101110011101010111010001100101011100110010000001110000011101010111010000100000011101000110100001100101001000000110101001100001011011010010000001101001011011100111010001101111001000000111001101101101011000010110110001101100
111000001101111011101000111001100101110
101111101000010011000010111001001100010011001010111001001110010011010010110010101110011001000000110011001101111011100100010000001010100011000010111001001110100011011000110010101110100011100110010111001011111
1010000011010010110001101101011001000000110001001100001011100100110001001100101011100100111001001101001011001010111001100101100001000000111010001101000011000010111010000100000011010000110000101110110011001010010000001101110011011110010000001110011011101000110111101101110011001010111001100101100001000000110011001110010011011110110110100100000011101000110100001100101001000000111001101110100011000010110110001101011011100110010110000100000011000010110111001100100001000000111010001101111001000000110010101110110011001010111001001111001
111000001101111011101010110111001100100001000000111011101100101011010010110011101101000001000000111010001101000011100100110010101100101001000000111000101110101011000010111001001110100011001010111001001110011001000000110111101100110001000000110000100100000011100000110111101110101011011100110010000100000011011110110011000100000011011000111010101101101011100000010000001110011011101010110011101100001011100100010111000100000010100000111010101110100001000000111010001101000011001010010000001100110011100100111010101101001011101000010000001101001011011100111010001101111
11000010010000001110011011101000110111101101110011001010110101001100001011100100010110000100000011000010110111001100100001000000110010101101001011101000110100001100101011100100010000001110011011001010111010000100000011010010111010000100000011011110110111000100000011000010010000001101000011011110111010000100000011010000110010101100001011100100111010001101000001000000110111101110010001000000110100101101110001000000110000100100000011100110110000101110101011000110110010101110000011000010110111000100000011011110110011000100000011101110110000101110100011001010111001000101100
11000010110111001100100001000000110110001100101011101000010000001110100011010000110010101101101001000000111001101101001011011010110110101100101011100100010000001110110011001010111001001111001001000000111001101101100011011110111011101101100011110010010000001110100011010010110110001101100001000000111001101101111011001100111010000111011001000000111000001110101011101000010000001110100011010000110010101101101001000000110000101101110011001000010000001110100011010000110010100100000011100110111010101100111011000010111001000100000011010010110111001110100011011110010000001100001
1110000011100100110010101110011011001010111001001110110011010010110111001100111011100000110000101101110001011000010000001100001011011100110010000100000011000100110111101101001011011000010000001110100011010000110010101101101001000000110011101100101011011100111010001101100011110010010000001100110011010010110011001110100011001010110010101101110001000000110110101101001011011100111010101110100011001010111001100101110
10101010111001101100101001000000110111001101111001000000110110101100101011101000110000101101100001000000110001001110101011101000010000001110011011010010110110001110110011001010111001000101110
101111101000010011000010111001001100010011001010111001001110010011110010010000001000100011100100110111101110000011100110010111001011111
10101000110100001100101001000000110001001101100011000010110001101101011001000000111010001101111011100000111001100100000011011010111010101110011011101000010000001100010011001010010000001100011011101010111010000100000011011110110011001100110001011000010000001110100011010000110010101101110001000000111001001101111011000010111001101110100001000000111010001101000011001010010000001100110011100100111010101101001011101000010000001100010011001010110011001101111011100100110010100100000011101000110100001100101001000000110011001101001011100100110010100101100
1110100011010010110110001101100001000000111001101101111011001100111010000100000011001010110111001101111011101010110011101101000001000000111010001101111001000000111000001110101011011000111000000100000011101110110100101110100011010000010000001100001001000000111001101101001011011000111011001100101011100100010000001110011011100000110111101101111011011100010000001110100011010000111001001101111011101010110011101101000001000000110000100100000011100110110100101100101011101100110010100100000011010010110111001110100011011110010000001100001
100001101101000011010010110111001100001001000000110001001100001011100110110111101101110001110110010000001110100011010000110010101101110001000000111001101100101011101000010000001110100011010000110010100100000011000100110000101110011011011110110111000100000011011110110111000100000011000010010000001110011011000010111010101100011011001010111000001100001011011100010000001101111011001100010000001110111011000010111010001100101011100100010110000100000011101000110100001100