10010101100100001000000110000101101110011001000010000001101101011000010111001101101000011001010110010000100000011101000110100001110010011011110111010101100111011010000010000001100001001000000110001101101111011011000110000101101110011001000110010101110010001011100010000001001100011000010111100100100000011000010010000001101100011010010111010001110100011011000110010100100000011011110110011000100000011010010111010000100000011000010111010000100000011101000110100001100101
1100010011011110111010001110100011011110110110100100000011011110110011000100000011101000110100001100101001000000110010001101001011100110110100000101100001000000111010001101000011001010110111000100000011100000111010101110100001000000110100101101110001000000111010001101000011001010010000001110011011101000110010101100001011010110111001100100000011100000111001001100101011100000110000101110010011001010110010000100000011000010111001100100000011000010110001001101111011101100110010100101100001000000110000101101110011001000010000001110110011001010111001001111001
111011101100101011011000110110000100000011100110110010101100001011100110110111101101110011001010110010000111011001000000111000001101111011101010111001000100000011101000110100001100101001000000111001001100101011011010110000101101001011011100110010001100101011100100010000001101111011001100010000001110100011010000110010100100000011000100110000101110100011101000110010101110010001000000110111101110110011001010111001000100000011101000110100001100101011011010010110000100000011000010110111001100100001000000110001001100001011010110110010100100000011010010111010000101110
1011111010100000110111101100100011011110111011001101001011001010111001100101100001000000110111101110010001000000100001001100101011001010110011000100000010100000110000101110100011101000110100101100101011100110010111001011111
1010011011010000111001001100101011001000010000001110010011000010111001001100101011001000110111101101110011001010010000001100100011100100110010101110011011100110110010101100100001000000110001001100101011001010110011000101100001000000111011101101001011101000110100000100000011000010010000001101100011010010111010001110100011011000110010100100000011001100110000101110100001110100010000001110011011001010110000101110011011011110110111000100000011101110110100101110100011010000010000001110000011001010111000001110000011001010111001000101100
11100110110000101101100011101000010110000100000011000010110111001100100001000000110000100100000011011000110100101110100011101000110110001100101001000000111001101101000011000010110110001101111011101000010000001101111011100100010000001101111011011100110100101101111011011100010111000100000010011010110000101101011011001010010000001100001001000000111000001101100011000010110100101101110001000000111000001100001011100110111010001100101001011000010000001110010011011110110110001101100001000000110100101110100001000000111010001101000011010010110111000101100
11000010110111001100100001000000110001101110101011101000010000001101001011101000010000001101001011011100010000001110011011010000110000101110000011001010010000001101100011010010110101101100101001000000110000101101110001000000110000101110000011100000110110001100101001000000111000001110101011001100110011000111011001000000110011001101001011011000110110000100000011010010111010000100000011101110110100101110100011010000010000001110100011010000110010100100000011011010110100101101110011000110110010100101100001000000111000001101001011011100110001101101000
11101000110100001100101001000000110010101100100011001110110010101110011001011000010000001100001011011100110010000100000011001100111001001111001001000000111010001101000011001010110110100100000011011110110011000100000011000010010000001101110011010010110001101100101001000000110001001110010011011110111011101101110001011100010000001010100011010000110010100100000011100000110000101110011011101000110010100100000011100110110100001101111011101010110110001100100001000000110001001100101001000000110110101100001011001000110010100100000011101110110100101110100011010000010000001100001
1110011011011010110000101101100011011000010000001110001011101010110000101101110011101000110100101110100011110010010000001101111011001100010000001100010011101010111010001110100011001010111001000101100001000000110010101100111011001110010110000100000011000010110111001100100001000000110110101101001011011000110101100101110
10111110100001001100101011001010110011000100000010100000110000101101100011000010111010001100101011100110010111001011111
10100110110100101101101011011010110010101110010001000000111010001101000011001010110110100100000011010010110111000100000011101110110000101110100011001010111001000100000011100110110010101110110011001010111001001100001011011000010000001101000011011110111010101110010011100110010110000100000011101000110100101101100011011000010000001110100011010000110010101111001001000000111011101101001011011000110110000100000011100000110010101100101011011000011101100100000011101000110100001100101011011100010000001100011011101010111010000100000011101000110100001100101
111000001100001011011000110000101110100011001010111001100100000011010010110111000100000011100110110110001101001011000110110010101110011001011000010000001101111011100100010000001101100011001010110000101110110011001010010000001110100011010000110010101101101001000000111011101101000011011110110110001100101001011000010000001100001011100110010000001111001011011110111010100100000011000110110100001101111011011110111001101100101001011000010000001100001011011100110010000100000011100110111010001100101011101110010000001110100011010000110010101101101001000000110100101101110
1100001001000000111001001101001011000110110100000100000011001110111001001100001011101100111100100100000011101000110100101101100011011000010000001100001011100110010000001110100011001010110111001100100011001010111001000100000011000010111001100100000011100000110111101110011011100110110100101100010011011000110010100101110001000000100001001100101011001100110111101110010011001010010000001111001011011110111010100100000011100110110010101110010011101100110010100101100001000000111001101100101011000010111001101101111011011100010000001110111011010010111010001101000
1000011011000010111100101100101011011100110111001100101001011000010000001110011011000010110110001110100001011000010000001100001011011100110010000100000011000110110000101110100011100110111010101110000001011100010000001001001011001100010000001110100011010000110010100100000011001110111001001100001011101100111100100100000011101110110000101110011001000000110010001110010011000010111011101101110001000000110001101101100011001010110000101110010001011000010000001100001011001000110010000100000011101000110111100100000011101000110100001100101
1100001011000100110111101110110011001010010000001110011011011110110110101100101001000000110001001110101011101000111010001100101011100100010000001100001011011100110010000100000011001100110110001101111011101010111001000101110
1011111010000100110010101100101011001100010000001000011011000010110101101100101011100110010000001100110011011110111001000100000011100110110100101100100011001010010000001100100011010010111001101101000001000000110111101100110001000000110010001110010011001010111001101110011011001010110010000100000011011010110010101100001011101000010111001011111
10100000110111101110101011011100110010000100000011100110110111101101101011001010010000001100010011001010110010101100110001000000111010001101000011000010111010000100000011010010111001100100000011100100110000101110010011001010110010001101111011011100110010100101100001000000111011101101001011101000110100000100000011000010010000001101100011010010111010001110100011011000110010100100000011001100110000101110100001000000110001001100001011000110110111101101110001000000110111101110010001000000110100001100001011011010010111000100000010100110110010101100001011100110110111101101110
111011101101001011101000110100000100000011100000110010101110000011100000110010101110010001011000010000001110011011000010110110001110100001011000010000001100001011011100110010000100000011000010010000001101100011010010111010001110100011011000110010100100000011100110110100001100001011011000110111101110100001000000110111101110010001000000110011101100001011100100110110001101001011000110011101000100000011011010110100101111000001000000111010001101000011001010110110100100000011101110110010101101100011011000010110000100000011000010110111001100100
11011010110000101101011011001010010000001101001011011100111010001101111001000000111001101101101011000010110110001101100001000000110001101100001011010110110010101110011001000000111010001101000011100100110010101100101001000000110100101101110011000110110100001100101011100110010000001101100011011110110111001100111001011000010000001100001011011100110010000100000011010000110000101101100011001100010000001100001011100110010000001110111011010010110010001100101001000000110000101101110011001000010000001110100011010000110100101100011011010110011101000100000011001100111001001111001
11101000110100001100101011011010010000001100001001000000110110001101001011001110110100001110100001000000110001001110010011011110111011101101110001011000010000001100001011011100110010000100000011100110110010101110010011101100110010100100000011101000110100001100101011011010010000001101001011011100010000001100001001000000110011101101111011011110110010000100000011101000110100001101001011000110110101100100000011001110111001001100001011101100111100100101110
101111101010000011011110111010001110100011001010110010000100000010000100110010101100101011001100010111001011111
101010001100001011010110110010100100000011101000111011101101111001000000111000001101111011101010110111001100100011100110010000001101111011001100010000001101100011001010110000101101110001000000110001001100101011001010110011000101100001000000111001001110101011000100010000001101001011101000010000001110111011010010111010001101000001000000111001101100001011011000111010001110000011001010111010001110010011001010010110000100000011000010110111001100100001000000110110001100101011101000010000001101001011101000010000001101100011010010110010100100000011011110110111001100101
1101110011010010110011101101000011101000011101100100000011101000110100001100101011011100010000001110011011000010110110001110100001000000111011101