0100000011100110111010101100111011000010111001000100000011000010110111001100100
11101100110100101101110011001010110011101100001011100100010110000100000011011110111001000100000011000100110010101100101011100100010110000100000011101110110100101101100011011000010000001100001011101000111010001110010011000010110001101110100001000000111010001101000011001010110110100111011001000000110111101110010001000000110011001101100011110010010000001110111011000010111010001100101011100100010000001110000011101010111010000100000011010010110111001110100011011110010000001110100011010000110010100100000011000100110111101110100011101000110111101101101001000000110111101100110
11000010010000001110011011000010111010101100011011001010111001000101110
101111101010100011011110010000001100011011011000110010101100001011011100010000001010000011011000110000101110100011001010010111001011111
10000100110111101101001011011000010000001100001011011100010000001101111011101010110111001100011011001010010000001101111011001100010000001110000011100100110010101110000011000010111001001100101011001000010000001101000011000010111001001110100011100110110100001101111011100100110111000100000011100000110111101110111011001000110010101110010001000000110100101101110001000000110000100100000011100010111010101100001011100100111010000100000011011110110011000100000011101110110000101110100011001010111001000101110001000000101011101101000011010010110110001100101001000000110111101101110
11101000110100001100101001000000110011001101001011100100110010100101100001000000111000001110101011101000010000001101001011011100111010001101111001000000110100101110100001000000110000101110011001000000110110101110101011000110110100000100000011100000110110001100001011101000110010100100000011000010111001100100000011101000110100001100101001000000111011001100101011100110111001101100101011011000010000001110111011010010110110001101100001000000110100001101111011011000110010000111011001000000110110001100101011101000010000001101001011101000010000001100010011011110110100101101100
11000010010000001101100011010010111010001110100011011000110010100101100001000000111010001101000011001010110111000100000011101000110000101101011011001010010000001101001011101000010000001101111011101010111010000101100001000000110010001110010011000010110100101101110001000000110100101110100001000000110111101110110011001010111001000100000011101000110100001100101001000000111001101100001011101010110001101100101011100000110000101101110001011000010000001100001011011100110010000100000011001000111001001111001001000000110100101110100
11000100110010101100110011011110111001001100101001000000111010001101000011001010010000001100110011010010111001001100101001011100010000001010000011101010111010000100000011010010110111000100000011011010110111101110010011001010010110000100000011000010110111001100100001000000111001101100101011100100111011001100101001000000111010001101000011001010010000001110011011000010110110101100101001011000010000001110100011010010110110001101100001000000111100101101111011101010010000001101000011000010111011001100101001000000110010001101111011011100110010100101110
101010001101000011001010110111000100000011100000111010101110100001000000110100101101110011101000110111100100000011101000110100001100101001000000111011101100001011101000110010101110010001000000111001101101111011011010110010100100000011000110110110001100101011000010110111000100000011011000110100101101110011001010110111000100000011100100110000101100111011100110010000001110100011010010110110001101100001000000110000101101100011011000010000001100010011001010010000001110011011011110110000101101011011001010110010000100000011101010111000000101110
1010111011010000110010101101110001000000110010001110010011110010010110000100000011101000110100001100101011110010010000001110111011010010110110001101100001000000111001101100101011100100111011001100101001000000111010001101111001000000110001101101100011001010110000101101110001000000111010001101000011001010010000001110000011011000110000101110100011001010010110000100000011000010110111001100100001000000110000101110010011001010010000001110100011010000110010100100000011101100110010101110010011110010010000001100010011001010111001101110100
1110100011010000110100101101110011001110111001100100000011101000110111100100000011000110110110001100101011000010110111000100000011101000110100001100101001000000110001001110010011000010111001101110011001000000110110001101111011000110110101101110011001000000110000101101110011001000010000001100110011010010110111001100111011001010111001001110000011011000110000101110100011001010111001100100000011011110110011000100000011001000110111101101111011100100111001100101110001000000101011101101000011001010110111000100000011101000110100001100101
1110000011011000110000101110100011001010010000001101001011100110010000001110001011101010110100101110100011001010010000001100100011100100111100100101100001000000110100101110100001000000110110101110101011100110111010000100000011000100110010100100000011100100111010101100010011000100110010101100100001000000110001001110010011010010110011101101000011101000010000001110111011010010111010001101000001000000110110001100101011000010111010001101000011001010111001000101110
1010100011010000110100101110011001000000110100101110011001000000110000100100000011101100110010101110010011110010010000001101110011010010110001101100101001000000110110101101111011001000110010100101110
1011111010011100110111101110100011001010010111001011111001000000100100101101110001000000110110101100001011011100111100100100000011100000110110001100001011101000110010100100000011100000110111101110111011001000110010101110010011100110010000001110100011010000110010101110010011001010010000001101001011100110010000001100001001000000110110101101001011110000111010001110101011100100110010100100000011011110110011000100000011100010111010101101001011000110110101101110011011010010110110001110110011001010111001000101100001000000111011101101000011010010110001101101000
11010010111001100100000011101100110010101110010011110010010000001101001011011100110101001110101011100100110100101101111011101010111001100111011001000000110000101101110011001000010110000100000011000010110110101101111011011100110011100100000011011110111010001101000011001010111001000100000011001000110100101110011011000010110010001110110011000010110111001110100011000010110011101100101011100110010110000100000011010010111010000100000011011010110000101101011011001010111001100100000011100110110100101101100011101100110010101110010001000000111001101101111
1100010011100100110100101110100011101000110110001100101001011000010000001110100011010000110000101110100001000000110011001110010011011110110110100100000011000010010000001100110011000010110110001101100001000000110100101110100001000000111011101101001011011000110110000100000011000100111001001100101011000010110101100101110
10111110101010001101111001000000110011101101001011101100110010100100000011000010010000001100110011010010110111001100101001000000100001101101111011011000110111101110101011100100010000001110100011011110010000001001101011000010110100001101111011001110110000101101110011110010010111001011111
1001100011001010111010000100000011101000110100001100101001000000111010001100001011000100110110001100101011100110010000001100010011001010010000001110111011000010111001101101000011001010110010000100000011100000110010101110010011001100110010101100011011101000110110001111001001000000110001101101100011001010110000101101110001000000111011101101001011101000110100000100000011101100110100101101110011001010110011101100001011100100010110000100000011010000110000101110110011010010110111001100111001000000110011001101001011100100111001101110100
111010001100001011010110110010101101110001000000110111101110101011101000010000001100001011011100111100100100000011010010110111001101011001000000111001101110100011000010110100101101110011100110010000001110100011010000110010101110010011001010010000001101101011000010111100100100000011000100110010100100000011101110110100101110100011010000010000001110011011100000110100101110010011010010111010001110011001000000110111101100110001000000111001101100001011011000111010000111011001000000110001001110101011101000010000001101001011101000010000001101101011101010111001101110100
11000100110010100100000011101010111001101100101011001000010000001110111011010010111010001101000001000000111010001101000011001010010000001100111011100100110010101100001011101000110010101110011011101000010000001100011011000010111001001100101001011000010000001100001011011100110010000100000011011110110111001101100011110010010000001110100011011110111010101100011011010000010000001110100011010000110010100100000011100000110000101110010011101000010000001100001011001100110011001100101011000110111010001100101011001000010110000100000011000010110111001100100001000000110001001100101
1101001011011100111001101110100011000010110111001110100011011000111100100100000011101110110000101110011011010000110010101100100001000000110111101100110011001100010111000100000010101010111001101100101001000000111010001101000011001010010000001100110011011110110110001101100011011110111011101101001011011100110011100100000011011000110100101110001011101010110100101100100001110100010000001101001011011100111010001101111001000000110000100100000011100000110100101101110011101000010000001101111011001100010000001100011011011110110110001100100
1100100011100100110000101110111011011100010000001101100011010010110111001110011011001010110010101100100001000000110111101101001011011000010110000100000011100000111010101110100001000000110011001101111011101010111001000100000011100000110010101101110011011100111100100100000011101110110111101110010011101000110100000100000011011110110011000100000011000010110110001100011011011110110111001100101011101000010000001110010011011110110111101110100001011000010000001100001011011100110010000100000011101000111011101101111001000000111000001100101011011100110111001111001
11101110110111101110010011101000110100000100000011011110110011000100000011100100110111101110011011001010010000001110000011010010110111001101011001011000010000001101001011011100010000001100001011011100010000001100101011000010111001001110100011010000110010101101110001000000111011001100101011100110111001101100101011011000011101100100000011011000110010101110100001000000