101100011011000010000001100110011010010110110001101100001000000110100101110100001110100010000001101001011001100010000001101001011011100010000001100011011100100111010101110011011101000010110000100000011011000110010101110100001000000110100101110100001000000110011101101111001000000110001101101111011011000110010000111011
1110100011010000110010101101110001000000110111101110000011001010110111000100000011101000110100001100101001000000110110001101001011001000010110000100000011000010110111001100100001000000111000001110101011101000010000001101001011011100010000001110100011010000110010100100000011010100110010101101100011011000111100100101110
1011111010101000110100001100101001000000100011001101111011100100110001101100101011011010110010101100001011101000010000001100110011011110111001000100000010100000110100101100101011100110010000001101111011001100010000001000110011011110111011101101100011100110010000001101111011001100010000001100001011011100111100100100000011010110110100101101110011001000010111001011111
101000001101111011101010110111001100100001000000110011001101001011011100110010100101100001000000110001101101111011011000110010000100000011000110110100001101001011000110110101101100101011011100010110000100000011011110111001000100000011101100110010101100001011011000010110000100000011000010010000001100010011010010111010000100000011011110110011000100000011001100110000101110100001000000110001001100001011000110110111101101110001011000010000001110011011011110110110101100101001000000110011101110010011000010111010001100101011001000010000001101000011000010110110100101100
110001101110010011101010110110101100010011100110010000001101111011001100010000001100010011100100110010101100001011001000010110000100000011000010010000001110110011001010111001001111001001000000110110001101001011101000111010001101100011001010010000001100010011010010111010000100000011011110110011000100000011011110110111001101001011011110110111000101100001000000111000001100001011100100111001101101100011001010111100100101100001000000110101101101110011011110111010001110100011001010110010000100000011011010110000101110010011010100110111101110010011101010110110100101100
11000010110111001100100001000000110000100100000011101100110010101110010011110010010000001110011011011010110000101101100011011000010000001100010011010010111010000100000011011110110011000100000011101000110000101110010011100100110000101100111011011110110111000101100001000000110001101101000011011110111000001110000011001010110010000100000011001100110100101101110011001010011101100100000011000010010000001100010011011000110000101100100011001010010000001101111011001100010000001101101011000010110001101100101001011000010000001100001
11011000110100101110100011101000110110001100101001000000110111001110101011101000110110101100101011001110010110000100000011101110110100001101001011101000110010100100000011100000110010101110000011100000110010101110010001011000010000001100001011011100110010000100000011100110110000101101100011101000010110000100000011010010110111000100000011001100110100101101110011001010111001101110100001000000111000001101111011101110110010001100101011100100010111000100000010101110110100001100101011011100010000001110111011001010110110001101100
110110101101001011110000110010101100100001011000010000001100001011001000110010000100000011001010110011101100111011100110010000001110100011011110010000001101101011000010110101101100101001000000110100101101110011101000110111100100000011000100110000101101100011011000111001100101110
1011111010000110110100001101001011000110110101101100101011011100010000001000011011101010111001001110010011110010010111001011111
100001101110101011101000010000001110101011100000010000001110100011010000110010100100000011000110110100001101001011000110110101101100101011011100111001100100000011000100110010101100110011011110111001001100101001000000111010001101000011001010111100100100000011000010111001001100101001000000110010001110010011001010111001101110011011001010110010000101100001000000110000101101110011001000010000001100110011100100111100100100000011101000110100001100101011011010010000001101001011011100010000001100010011101010111010001110100011001010111001000101100
11101110110100101110100011010000010000001110011011011000110100101100011011001010110010000100000011011110110111001101001011011110110111001110011001011000010000001110100011010010110110001101100001000000110111101100110001000000110000100100000011001100110100101101110011001010010000001100011011011110110110001101111011101010111001000111010001000000110111101110010001000000110100101100110001000000111100101101111011101010010000001110101011100110110010100100000011101000110100001101111011100110110010100100000011101000110100001100001011101000010000001101000011000010111011001100101
11000100110010101100101011011100010000001100100011100100110010101110011011100110110010101100100001011000010000001100100011011110010000001101110011011110111010000100000011001100111001001111001001000000111010001101000011001010110110100111010001000000110110001100001011110010010000001110100011010000110010100100000011010100110111101101001011011100111010001110011001011000010000001100011011101010111010000100000011010010110111000100000011101000111011101101111001000000110111101110010001000000111010001101000011100100110010101100101
1110000011010010110010101100011011001010111001100100000011001010110000101100011011010000010110000100000011010010110111001110100011011110010000001100001001000000111001101110100011001010111011101110000011000010110111000101100001000000111011101101001011101000110100000100000011101100110010101100001011011000010000001101111011100100010000001101101011101010111010001110100011011110110111000100000011001110111001001100001011101100111100100101100001000000110000100100000011000110110110001101111011101100110010100100000011011110111001000100000011101000111011101101111
110111101100110001000000110011101100001011100100110110001101001011000110110101100101100001000000110011001101111011101010111001000100000011011000110000101110010011001110110010100100000011100110111000001101111011011110110111001100110011101010110110001110011001000000110111101100110001000000110001101110010011001010110000101101101001011000010000001100001011011100110010000100000011100110110111101101101011001010010000001000011011000010111100101100101011011100110111001100101001110100010000001110010011101010110001000100000011100110110110101101111011011110111010001101000
110111101101110011001010010000001101111011100100010000001110100011101110110111100100000011100110111000001101111011011110110111001100110011101010110110001110011001000000110111101100110001000000110001101110101011100100111001001111001001000000111000001101111011101110110010001100101011100100010110000100000011101110110100101110100011010000010000001100001001000000110110001101001011101000111010001101100011001010010000001100110011011000110111101110101011100100010110000100000011000010110111001100100001000000110000100100000011000100110100101110100001000000110111101100110
1100010011101010111010001110100011001010111001000101100001000000110000101101110011001000010000001100001011001000110010000100000011101000111011101100101011011100111010001111001001000000110110101101001011011100111010101110100011001010111001100100000011000100110010101100110011011110111001001100101001000000111100101101111011101010010000001110011011001010111001001110110011001010011101100100000011100110111010001100101011101110110100101101110011001110010000001101001011101000010000001101111011011100010000001110100011010010110110001101100
11100100110010101100001011001000111100100101110001000000100000100100000011011000110100101110100011101000110110001100101001000000110101001110101011010010110001101100101001000000110111101100110001000000110110001100101011011010110111101101110001000000111001101101000011011110111010101101100011001000010000001100010011001010010000001110011011100010111010101100101011001010111101001100101011001000010000001101001011011100010000001110111011010000110010101101110001000000111001101100101011100100111011001101001011011100110011100101110
10100110110110001101001011000110110010101110011001000000110111101100110001000000111001001100001011100100110010100100000011001000110111101101110011001010010000001110110011001010110000101101100001011000010000001110010011000010110001001100010011010010111010000101100001000000110111101110010001000000111010001110101011100100110101101100101011110010010110000100000011011010110000101101011011001010010000001100001001000000110011101101111011011110110010000100000011000110111010101110010011100100111100100101110
10000010010000001100100011010010111001101101000001000000110111101100110001000000111001001101001011000110110010100100000011000100110111101101001011011000110010101100100001000000111000001101100011000010110100101101110001011000010000001100001011100110010000001101000011001010111001001100101011000010110011001110100011001010111001000100000011001000110100101110010011001010110001101110100011001010110010000101100001000000110110101110101011100110111010000100000011000100110010100100000011000010110110001110111011000010111100101110011
1110011011001010111001001110110011001010110010000100000011101000110111100100000011001010110000101110100001000000111011101101001011101000110100000100000011000110111010101110010011100100111100100101110
10111110100000101101110011011110111010001101000011001010111001000100000010000110111010101110010011100100111100100101100001000000110000101101110011001000010000001101101011011110111001001100101001000000111000101110101011010010110001101101011011011000111100100100000011011010110000101100100011001010010111001011111
100001101110101011101000010000001110101011100000010000001100001001000000110001101101000011010010110001101101011011001010110111000100000011011110111001000100000011110010110111101110101011011100110011100100000011100100110000101100010011000100110100101110100001110110010000001101001011001100010000001110100011010000110010100100000011001100110111101110010011011010110010101110010001011000010000001110100011000010110101101100101001000000110111101100110011001100010000001110100011010000110010100100000011100110110101101101001011011100010110000100000011000010110111001100100
11100100111010101100010001000000110010101100001011000110110100000100000011100000110100101100101011000110110010100