1000010111001001100101001000000110011001100001011100100010000001100010011001010111010001110100011001010111001000100000011000100111100100100000011100000111010101110100011101000110100101101110011001110010000001110100011010000110010100100000011011010110010101100001011101000010000001100001011101000010000001110100011010000110010100100000011000100110111101110100011101000110111101101101
110111101100110001000000111010001101000011001010010000001110000011000010110111000101100001000000110000101101110011001000010000001110011011101000110010101110111011010010110111001100111001000000110100101110100001011000010000001100001011011100110010000100000011101000110100001100101001000000110100001100101011100100110001001110011001011000010000001110010011011110110111101110100011100110010110000100000001001100110001100101110001000000111011101101001011101000110100000100000011000100111010101110100011101000110010101110010001011000010000001110100011010000110000101101110
11000100111100100100000011000010110010001100100011010010110111001100111001000000111010001101000011001010010000001110111011000010111010001100101011100100010000001110100011011110010000001110100011010000110010100100000011011010110010101100001011101000010000001100001011101000010000001100110011010010111001001110011011101000011101100100000011000010110111001100100001000000111010001101000011001010010000001100111011100100110000101110110011110010010000001110100011010000110000101110100001000000110100101110011001000000110010001110010011000010111011101101110
110011001110010011011110110110100100000011101000110100001100101001000000110110101100101011000010111010000101100001000000111001101101000011011110111010101101100011001000010000001100010011001010010000001101110011001010110000101110010011011000111100100100000011001000111001001101001011001010110010000100000011101010111000000100000011000100110010101100110011011110111001001100101001000000111010001101000011001010010000001110111011000010111010001100101011100100010000001101001011100110010000001110000011101010111010000100000011101000110111100100000011010010111010000101110
10001000110111100100000011011100110111101110100001000000111010101110011011001010010000001110100011010000110010100100000011100110110010101100100011010010110110101100101011011100111010000100000011011110110011000100000011001110111001001100001011101100110100101100101011100110010110000100000001001100110001100101110001000000111010001101000011000010111010000100000011010000110000101110110011001010010000001110011011101000110111101101111011001000010000001110100011011110010000001100010011001010010000001100011011011110110110001100100001011100010000001010111011010000110010101101110
110111101101110011010010110111101101110011100110010000001100001011100100110010100100000011100110111010001110010011011110110111001100111001011000010000001100010011011110110100101101100001000000110000100100000011101000111010101110010011011100110100101110000001000000111011101101001011101000110100000100000011101000110100001100101011011010010110000100000011010010110011000100000011001100110111101110010001000000111001101100001011101010110001101100101001011000010000001110111011010000110100101100011011010000010000001110111011010010110110001101100
11011010110000101101011011001010010000001110100011010000110010101101101001000000110110101101001011011000110010000101110
1011111010100110110000101110101011000110110010100100000011001100110111101110010001000000101011101101001011011000110010000100000010001100110111101110111011011000010111001011111
10100110110100101101101011011010110010101110010001000000111010001100101011011100010000001101101011010010110111001110101011101000110010101110011001000000110000100100000011101000110010101100001011000110111010101110000011001100111010101101100001000000110111101100110001000000111000001101111011100100111010000100000011101110110100101101110011001010010110000100000011101000110100001100101001000000111001101100001011011010110010100100000011011110110011000100000011001110110111101101111011001000010000001101101011001010110000101110100
110011101110010011000010111011001111001001011000010000001100001001000000110110001101001011101000111010001101100011001010010000001110011011010000110000101101100011011110111010000101100001000000110000100100000011011000110100101110100011101000110110001100101001000000111000001100101011100000111000001100101011100100010110000100000011100110110000101101100011101000010110000100000011000010010000001100111011100100110000101110100011001010010000001101111011001100010000001101110011101010111010001101101011001010110011100101100001000000110000101101110011001000010000001100001
1100010011010010111010000100000011011110110011000100000011011010110000101100011011001010011101000100000011100000111010101110100001000000110000100100000011000100110100101110100001000000110111101100110001000000110001001110101011101000111010001100101011100100010000001100001011011100110010000100000011001100110110001101111011101010111001000111010001000000110011101101001011101100110010100100000011011110110111001100101001000000110001001101111011010010110110000101100001000000110000101101110011001000010000001110000011011110111010101110010
111010001101000011100100110111101110101011001110110100000100000011101000110100001100101001000000110001001101001011100100110010001110011001110110010000001110111011010000110100101100011011010000010000001101001011011100010000001100111011001010110111001100101011100100110000101101100001000000110000101110010011001010010000001101110011011110111010000100000011100110111010001110101011001100110011001100101011001000010000001100001011100110010000001110100011000010110110101100101001011000010000001100010011101010111010000100000011011010110000101111001001000000110001001100101
11001000110111101101110011001010010000001110011011011110010110000100000011010010110011000100000011011000110100101101011011001010110010000101110
10111110100000101101110011011110111010001101000011001010111001000100000011001100110111101110010001000000111010001101000011001010010000001110011011000010110110101100101001011000010000001101111011100100010000001000100011101010110001101101011011100110010111001011111
101001101100101011100100111011001100101001000000110000100100000011100100110100101100011011010000010000001100111011100100110000101110110011110010010000001101001011011100010000001110100011010000110010100100000011001000110100101110011011010000011101000100000011000110111010101110100001000000111010001101000011001010010000001100010011100100110010101100001011100110111010000100000011010010110111000100000011100110110110001101001011000110110010101110011001011000010000001100010011101010111010000100000011001000110111100100000011011100110111101110100
111010001100001011010110110010100100000011101000110100001100101011011010010000001101111011001100110011000111011001000000110001101110101011101000010000001100001001000000110110001100101011011010110111101101110001011000010000001100001011011100110010000100000011100000111010101110100001000000111000001100101011100000111000001100101011100100010000001100001011011100110010000100000011100110110000101101100011101000010000001101111011011100010000001101001011101000011101100100000011101000110100001100101011011100010000001110011011100010111010101100101011001010111101001100101
110100101110100001000000110111101101110001000000111010001101000011001010010000001100010011100100110010101100001011100110111010000101100001000000110000101101110011001000010000001110000011011110111010101110010001000000110000100100000011100110111000001101111011011110110111001100110011101010110110000100000011011110110011000100000011001110111001001100001011101100111100100100000011011110111011001100101011100100010000001100010011001010110011001101111011100100110010100100000011110010110111101110101001000000110100001100101011011000111000000101110
101111101001110011011110111010001100101001011100101111100100000010010010110111000100000011000110111010101110100011101000110100101101110011001110010000001110101011100000010000001100001011011100111100100100000011101110110100101101100011001000010000001100110011011110111011101101100001011000010000001100100011101010110001101101011001011000010000001100111011011110110111101110011011001010010110000100000011011110111001000100000011101000111010101110010011010110110010101111001001000000110011001101111011100100010000001100001001000000110110001100001011100100110011101100101
111000001100001011100100111010001111001001011000010000001101001011001100010000001111001011011110111010100100000011000110111010101110100001000000111010001101000011001010010000001110011011011000110100101100011011001010111001100100000011001000110111101110111011011100010000001100110011100100110111101101101001000000111000001101001011011100110100101101111011011100010000001110100011011110010000001110000011010010110111001101001011011110110111000101100001000000111011101101001011101000110100001101111011101010111010000100000011011010110000101101011011010010110111001100111
11101110110100101101110011001110111001100101100001000000111010001101000011001010111001001100101001000000111011101101001011011000110110000100000011000100110010100100000011011010110111101110010011001010010000001110000011100100110100101101101011001010010000001110000011010010110010101100011011001010111001100101110
101111101010011011000010111010101100011011001010010000001010010011011110110001001100001011100100111010000100000011001100110111101110010001000000101001001110101011011010111000001110011001000000110111101110010001000000101001101110100011001010110000101101011011100110010111001011111
10100000111010101110100001000000110100101101110011101000110111100100000011000010010000001110011011000010111010101100011011001010111000001100001011011100010000001100001001000000111000001101001011001010110001101100101001000000110111101100110001000000110001001110101011101000111010001100101011100100010000001110100011010000110010100100000011100110110100101111010011001010010000001101111011001100010000001100001011011100010000001100101011001110110011100111010001000000111001101100101011101000010000001101001011101000010000001101111011101100110010101110010
11101000110100001100101001000000110011001101001011100100110010100101100001000000110000101101110011001000010000001110111011010000110010101101110001000000110001001110010011011110111011101101110011010010110111001