11011010000110010101110010001000000110011001101100011000010111011001101111011101010111001000101100001000000011011000110010
11000010010000001101101011001010111010001101000011011110110010000100000011011110110011000100000011001110110100101110110011010010110111001100111001000000110000100100000011100110111010001101001011011000110110000100000011010000110100101100111011010000110010101110010001000000110011001101100011000010111011001101111011101010111001000101100001000000011011000110010
1100001001000000111000001101001011000110110101101101100011001010010000001100110011011110111001000100000011101000110100001100101011011010010000001110100011010000110000101110100001000000111011101101001011011000110110000100000011010110110010101100101011100000010000001100110011011110111001000100000011110010110010101100001011100100111001100101100001000000011011000111000
11101000110111100100000011001000111001001100101011100110111001100101100001000000011011000110011
101111101001000011000010111001001100101011100110101111100101100001000000011001000110010
11101000110111100100000011100000111001001100101011100000110000101110010011001010010000001100001011011100110010000100000011001000111001001100101011100110111001100101100001000000011100100110000
11101000110111100100000011010100111010101100111001000000110000101101110001000000110111101101100011001000010000001101111011011100110010100101100001000000011100100110001
1100010011100100110111101101001011011000110010101100100001000000110000101101110011001000010000001101000011000010111001101101000011001010110010000101100001000000011100100110010
1110000011010010110010100101100001000000011100100110001
1110000011011110111010001110100011001010110010000101100001000000011100100110001
11100110110111101110101011100000010110000100000001110010011000100101100001000000011100100111001
1011111010010000110000101110010011100100110100101100011011011110101111100101100001000000011011100110000
1011111010010000110000101110010011100110110110001100101011101000101111100101100001000000011011000110111
1011111010010000110000101110010011101000111001101101000011011110111001001101110010111110010000001101010011001010110110001101100011110010010110000100000001100010011011000110111
101111101001000011001010110000101110010011101000101111100101100001000000110001001100101011001010110011000101100001000000011010000110010
10111110100100001100101011000010111001001110100011010000111001101011111001011000010000000101000011101000110100001100101001000000110100101101110011011100110010101110010001010010010000001110100011011110010000001100011011011000110010101100001011011100010110000100000001100100011011100110001
1100001011011100110111101110100011010000110010101110010001000000111011101100001011110010010110000100000001100100011011100110001
101111101001000011001010111001001110010011010010110111001100111011100110101111100101100001000000110001001100001011010110110010101100100001011000010000000111000
1100010011100100110111101101001011011000110010101100100001011000010000000111001
110011001110010011010010110010101100100001011000010000000111001
111010001101111001000000111001101101101011011110110101101100101001011000010000000111000
10100001110010011001010110010000101001001000000111010001101111001000000110010001110010011001010111001101110011001011000010000000111000
101111101001000011001010111001101110011011010010110000101101110010111110010000001110011011011110111010101110000001000000110000101101110011001000010000001110010011000010110011101101111011101010111010000101100001000000011001100110101
111010001101000011001010010000001110010011000010110011101101111011101010111010000101100001000000011001100110110
1011111010010000110111101100111111000101000000010011001011100110010000001100011011010000110010101100101011010110111001101011111001011000010000001110100011011110010000001100100011100100111100100101100001000000011011000110011
110100001100101011000010110010000101100001000000111010001101111001000000110110101100001011010110110010100100000011001010111100001100011011001010110110001101100011001010110111001110100001000000110110101100101011000010111010000100000011011110110011000101100001000000011010100110110
110110001100001011100100110010000101100001000000011011000110111
1110000011101010110010001100100011010010110111001100111011100110010110000100000011101110110100001101001011101000110010100101100001000000011011000110110
101111101001000011011110111010001100011011010000010000001110000011011110111010001100011011010000101111100101100001000000110000101101110001000000110010101111000011000110110010101101100011011000110010101101110011101000010000001101111011011100110010100101100001000000011011100110100
110000101101110011011110111010001101000011001010111001000101100001000000011011100110101
10111110100100001110101011011100111010001100101011100101110001010000000100110010111001101011111001000000110001001100101011001010110011000101100001000000011100000110001
11100000111010101100100011001000110100101101110011001110010110000100000001100010011010100110010
100100100101110
101111101001001011000110110100101101110011001110101111100101100001000000110011001101111011100100010000001110100011000010111001001110100011100110010110000100000001100100011000100110001
110011001101111011100100010000001100011011000010110101101100101011100110010110000100000001100100011000100110010
101111101001001011000110110010101011111001000000111011101100001011101000110010101110010011100110010110000100000001100100011000100110000
1100011011101010111001001110010011000010110111001110100001000000110111101110010001000000111001001100001011100110111000001100010011001010111001001110010011110010010110000100000001100100011000100110000
1100010011100100110111101110111011011100010000001100010011100100110010101100001011001000010110000100000001100100011000100110001
1110100011011110010000001101101011000010110101101100101001000000111010001101000011001010010110000100000001100100011000100110001
110001101110010011001010110000101101101011100110010110000100000001100100011000100110000
11000110110111101101100011011110111010101110010011100110010000001100110011011110111001000100000011100110111010001100001011010010110111001101001011011100110011100100000011101000110100001100101011011010010110000100000001100100011000000110011
10111110100100101101101011100000110010101110010011010010110000101101100010111110010110000100000001100100011010000110010
1100011011100100110010101100001011011010010110000100000001100010011011000110111
1011111010010010110111001100100011010010110000101011111001000000111000001101001011000110110101101101100011001010010110000100000001100010011000100111000
1011111010010010111001001101111011011100111001101011111001011000010000001110100011011110010000001110000011100100110010101110011011001010111001001110110011001010010000001110100011010000110010101101101001000000110011001110010011011110110110100100000011100100111010101110011011101000010110000100000001100100011011100110001
100101000101110
1011111010010100110010101101100011011000111100101011111001000000111010001101111001000000110001101101111011101100110010101110010001000000110001101101111011011000110010000100000011001100110100101110011011010000010110000100000001100010011000000110011
100111101110100011010000110010101110010001000000101111101001010011001010110110001101100011010010110010101110011010111110010000001100001011100100110010100100000011101010110111001100100011001010111001000100000011101000110100001100101001000000110111001100001011011010110010101110011001000000110111101100110001000000111010001101000011001010010000001100100011010010110011001100110011001010111001001100101011011100111010000100000011100000111001001101001011011100110001101101001011100000110000101101100001000000110000101110010011101000110100101100011011011000110010101110011
111010001101000011001010111100100100000011000010111001001100101001000000110110101100001011001000110010100100000011011110110011000111011001000000110000101110011001000000101111101000011011000010110110001100110111000101000000010011001011100110010000001100110011001010110010101110100010111110010000001101010011001010110110001101100011110010010110000100000001001100110001100101110
11000110110111101101100011011110111010101110010011100110010000001100110011011110111001000100000011100110111010001100001011010010110111001101001011011100110011100101100001000000010011001100011001011100010110000100000001100100011000000110011
1011111010010100111010101101110011010110110010101110100010111110010110000100000010001000110010101110110011011110110111001110011011010000110100101110010011001010010110000100000001100010011011000110001
100101100101110
10111110100101101101001011001000110111001100101011110010101111100101100001000000111011001100101011000010110110000101100001000000011010000110110
11100000111010101100100011001000110100101101110011001110010110000100000001100010011010100110001
10111110100101101101001011101000110001101101000011001010110111001011111001000000111000001100101011100000111000001100101011100100010110000100000001100010011000100110110
100110000101110
10111110100110001100001011011010110001001011111001011000010000001100110011011110111001001100101001000000111000101110101011000010111001001110100011001010111001000101100001000000011011100110110
1100110011100100111100100101100001000000011011100110110
11010000110010101100001011001000010000001100001011011100110010000100000011010000110100101101110011001110110010100101100001000000011011100110110
1101100011001010110011100100000011000010110111001100100001000000110110001101111011010010110111000101100001000000011011100110101
1110011011101000110010101100001011010110111001100101100001000000011011100110010
11100110111010001100101011000010110101101110011001000000110000101101110011001000010000001100011011101010110001101110101011011010110001001100101011100100111001100101100001000000011011100110100
101111101001100011000010110110101110000011100100110010101111001010111110010110000100000011101000110111100100000011100110111010001100101011101110010110000100000011000010111001100100000011000010111010000100000010101110110111101110010011000110110010101110011011101000110010101110010001011000010000000110001
1011111010011000110000101110010011001000101111100101100001000000011011000110111
10111110100110001100101011001010110101101011111001000000111001101101111011101010111000000101100001000000101001