10111001011111
10100000111001001100101011100000110000101110010011001010010000001100001011100110010000001100010011001010110011001101111011100100110010100101100001000000110000101101110011001000010000001100100011100100110010101110011011100110010000001110100011010000110010100100000011000110111010101110100011011000110010101110100011100110010000001101001011011100010000001100001001000000100010001110101011101000110001101101000001000000110111101110110011001010110111000101110001000000101000001101111011101010111001000100000011011110111011001100101011100100010000001110100011010000110010101101101
110110101100101011011000111010001100101011001000010000001100010011101010111010001110100011001010111001000100000011000010110111001100100001000000110110101110101011100110110100001110010011011110110111101101101011100110010111000100000010011110111001000101100001000000111000001100101011100000111000001100101011100100010110000100000011100110110000101101100011101000010110000100000011000010110111001100100001000000110001001110010011011110110100101101100001011000010000001100101011100110111000001100101011000110110100101100001011011000110110001111001
1101110011001010110001101101011001000000111001101110100011001010110000101101011011100110010111000100000010101000110100001100101011110010010000001100001011100100110010100100000011001010111100001100011011001010110110001101100011001010110111001110100001000000111011101101001011101000110100001101111011101010111010000100000011010000110010101110010011000100111001100101110
10111110100001101101111011011000110110001101111011100000111001100100000011001000111001001100101011100110111001101100101011001000010000001110001011101010110100101100011011010110010111001011111
1000011011101010111010000100000011101000110100001100101011011010010000001100001011100110010000001110100011010000110100101101110001000000110000101110011001000000111000001100001011100000110010101110010001011000010000001110111011010010111010001101000001000000110000100100000011101100110010101110010011110010010000001110011011010000110000101110010011100000010000001101011011011100110100101100110011001010010110000100000011000010110111001100100001000000110100101101110001000000111001101101101011000010110110001101100001000000110001001101001011101000111001100101110
10101000110100001110010011011110111011100100000011101000110100001100101001000000111001101101011011010010110111000101100001000000110000101101110011001000010000001100001011011100111100100100000011011110110010001100100001000000110001001101001011101000111001100100000011011110110011000100000011101000110100001100101001000000111011001100101011000010110110000100000011010010110111001110100011011110010000001100001001000000110110001101001011101000111010001101100011001010010000001110111011000010111010001100101011100100010110000100000011101110110100101110100011010000010000001100001
1100100011101010111001101110100001000000110111101100110001000000111000001100101011100000111000001100101011100100010000001100001011011100110010000100000011100110110000101101100011101000011101000100000011100110110010101110100001000000111010001101000011001010110110100100000011011110110111000100000011101000110100001100101001000000110011001101001011100100110010100100000011101110110100001101001011011000110010100100000011110010110111101110101001000000110001001100101011000010111010000100000011101000110100001100101
110001101101111011011000110110001101111011100000111001100101100001000000110000101101110011001000010000001100100011010010111000000100000011101000110100001100101011011010010000001101001011011100010000001100001001000000111001101100101011000010111001101101111011011100110100101101110011001110010000001101111011001100010000001101000011001010111001001100010011100110010110000100000011000100111001001100101011000010110010000101100001000000111000001100101011100000111000001100101011100100010110000100000011100110110000101101100011101000010110000100000011000010110111001100100
1100001001000000111001101100011011100100110000101110000011001010010000001101111011001100010000001101110011101010111010001101101011001010110011100101100001000000110100001100001011101100110100101101110011001110010000001100110011010010111001001110011011101000010000001110111011001010111010001110100011001010110010000100000011101000110100001100101011011010010000001101001011011100010000001100101011001110110011100111011001000000111010001101000011001010110111000100000011100000111010101110100001000000110000100100000011000100110100101110100001000000110111101100110
110001001110101011101000111010001100101011100100010000001101001011011100111010001101111001000000110000100100000011001100111001001111001011010010110111001100111001000000111000001100001011011100010110000100000011000010110111001100100001000000110011101101001011101100110010100100000011101000110100001100101001000000110001101101111011011000110110001101111011100000111001100100000011000010010000001110110011001010111001001111001001000000111000101110101011010010110001101101011001000000110011001110010011110010011101100100000011001100110111101110010001000000110000101110011
111010001101000011001010111100100100000011000010111001001100101001000000111001101101111001000000111010001101000011010010110111000101100001000000111010001110111011011110010000001101101011010010110111001110101011101000110010101110011001000000111011101101001011011000110110000100000011001000110111100100000011101000110100001100101011011010010000001101111011011100010000001100010011011110111010001101000001000000111001101101001011001000110010101110011001011100010000001010000011101010111010000100000011101000110100001100101011011010010000001101001011011100111010001101111
11000010010000001101000011011110111010000100000011001000110100101110011011010000010000001100010011001010110011001101111011100100110010100100000011101000110100001100101001000000110011001101001011100100110010100101100001000000111010001101000011001010110111000100000011100110111010001110010011000010110100101101110001000000110000101101110011001000010000001110100011010000110100101100011011010110110010101101110001000000111010001101000011001010010000001100111011100100110000101110110011110010010111000100000010001110110100101110110011001010010000001100001
110001001101111011010010110110000100000011010010110111000100000011101000110100001100101001000000110011001110010011110010110100101101110011001110111000001100001011011100010110000100000011000010110111001100100001000000111000001101111011101010111001000100000011011110111011001100101011100100010000001110100011010000110010100100000011000110110111101101100011011000110111101110000011100110010111000100000010000010010000001101100011010010111010001110100011011000110010100100000011000110110000101110100011100110111010101110000001000000110100101110011001000000110000101101110
11010010110110101110000011100100110111101110110011001010110110101100101011011100111010000101110
101111101000001011011100110111101110100011010000110010101110010001000000111011101100001011110010010111001011111
10001100111001001111001001000000111010001101000011001010110110100100000011010010110111000100000011000100111010101110100011101000110010101110010001011000010000001101111011011100110110001111001001000000111001101100101011000010111001101101111011011100110010101100100001000000111011101101001011101000110100000100000011100110110000101101100011101000010000001100001011011100110010000100000011100000110010101110000011100000110010101110010001110100010000001110100011010000110010101101110001000000111001101101001011011010110110101100101011100100010000001110100011010000110010101101101
110100101101110001000000110011101110010011000010111011001111001001011000010000001110111011010000110100101110100011001010010000001101111011100100010000001100010011100100110111101110111011011100010110000100000011101110110100101110100011010000010000001100010011010010111010001110011001000000110111101100110001000000110001001100001011000110110111101101110001000000111001101100101011100100111011001100101011001000010000001110111011010010111010001101000001000000111010001101000011001010110110100101110
1001001011001100010000001110111011010000110100101110100011001010010110000100000011000010110010001100100001000000110110001100101011011010110111101101110011100000110010101100101011011000010000001100001011011100110010000100000011011010110000101100011011001010010110000100000011000010110111001100100001000000111001101101111011011010110010100100000011000110111001001100101011000010110110100101110
10111110101011001100101011000010110110000100000010000110110111101101100011011000110111101110000011100110010111001011111
100001101110101011101000010000001101100011011110110111001100111001000000111010001101000011010010110111000100000011000110110111101101100011011000110111101110000011100110011101000100000011000100110010101100001011101000010000001110100011010000110010101101101001000000111011101100101011011000110110000101100001000000110000101101110011001000010000001101100011000010111100100100000011011110110111000100000011101000110100001100101011011010010000001100001001000000110001001101001011101000010000001101111011001100010000001110100011010000110100101101110
1100010011000010110001101101111011011100010000001110100011010000110010100100000011100110110000101101101011001010010000001110011011010010111101001100101001110110010000001100001011011100110010000100000011100110111000001110010011001010110000101100100001000000110011001101111011100100110001101100101011011010110010101100001011101000010000001101111011011100010000001110100011010000110000101110100001011000010000001110011011001010110000101110011011011110110111001100101011001000010000001101000011010010110011101101000001011000010000001110111011010010111010001101000
11101000110100001100101001000000110000101100100011001000110100101110100011010010110111101101110001000000110111101100110001000000110000100100000011011000110100101110100011101000110110001100101001000000110011101100001011100100110110001101001011000110110101100101100001000000110000101101110011001000010000001000011011000010111100101100101011011100110111001100101001011100010000001010010011011110110110001101100001000000111010001101000011001010110110100100000011101010111000000100000011101000110100101100111011010000111010000101100001000000110000101100010011011110111010101110100
11101000110100001100101001000000111001101