000011101000110111100100000011000010010000001100111011011110110111101100100001000000110001101101111011011100111001101101001011100110111010001100101011011100110001101100101001011100010000001010000011101010111010000100000011000010010000001110000011000010111001101110100011001010010000001110010011011110111010101101110011001000010000001110100011010000110010100100000011010010110111001110011011010010110010001100101001011000010000001100010011101010111010000100000011011100110111101110100
11101000110111100100000011101000110100001100101001000000110001001101111011101000111010001101111011011010010000001101111011001100010000001110100011010000110010100100000011001000110100101110011011010000010110000100000011000010110111001100100001000000110110001100101011101000010000001110100011010000110010100100000011000110110111101110110011001010111001000100000011000100110010100100000011100000111001001100101011101000111010001111001001000000111010001101000011010010110001101101011001011000010000001110100011011110010000001100010011001010110000101110010
11101000110100001100101001000000110110001101111011011100110011100100000011000110110111101101110011101000110100101101110011101010110000101101110011000110110010100100000011010010110111000100000011101000110100001100101001000000110111101110110011001010110111000101110
101111101010010011010010110001101100101001000000101000001100001011100110111010001110010011110010010111001011111
100001001101111011010010110110000100000011000010010000001110001011101010110000101110010011101000110010101110010001000000110111101100110001000000110000100100000011100000110111101110101011011100110010000100000011011110110011000100000011001110111001001101111011101010110111001100100001000000111001001101001011000110110010100100000011010010110111000100000011101000110100001100101001000000111001101101101011000010110110001101100011001010111001101110100001000000111000101110101011000010110111001110100011010010111010001111001001000000110111101100110
111011101100001011101000110010101110010001110100010000001110011011101000111001001100001011010010110111000100000011001100111001001101111011011010010000001101001011101000010000001100001011011000110110000100000011101000110100001100101001000000110110101101111011010010111001101110100011101010111001001100101001000000110000101110011001000000111011101100101011011000110110000100000011000010111001100100000011110010110111101110101001000000110001101100001011011100010111000100000010000100110010101100001011101000010000001101001011101000010000001101001011011100010000001100001
11011010110111101110010011101000110000101110010001011000010000001110111011010010111010001101000001000000110100001100001011011000110011000100000011000010110111000100000011011110111010101101110011000110110010100100000011011110110011000100000011000100111010101110100011101000110010101110010001011000010000001100001011011100110010000100000011011110110111001100101001000000110010101100111011001110010000001110111011001010110110001101100001000000110001001100101011000010111010001100101011011100010110000100000011000010110111001100100001000000110100101110100
1110111011010010110110001101100001000000110110101100001011010110110010100100000011000010110111000100000011001010111100001100011011001010110110001101100011001010110111001110100001000000111000001100001011100110111010001100101001000000110011001101111011100100010000001110100011000010111001001110100011100110010110000100000001001100110001100101110
101111101010000011011110111010001100001011101000110111101100101001000000101000001100001011100110111010001110010011110010010111001011111
1010000011011110111010101101110011001000010000001100010011011110110100101101100011001010110010000100000011100000110111101110100011000010111010001101111011001010111001100100000011101100110010101110010011110010010000001100110011010010110111001100101001110110010000001100001011011100110010000100000011000010110010001100100001011000010000001110111011010000110100101101100011001010010000001110111011000010111001001101101001011000010000001100001001000000111001101110101011001100110011001101001011000110110100101100101011011100110001101111001001000000110111101100110
11000100111010101110100011101000110010101110010001000000111010001101111001000000110110101100001011010110110010100100000011101000110100001100101001000000110110101100001011100110110100000100000011010000110111101101100011001000010000001110100011011110110011101100101011101000110100001100101011100100010111000100000010011110111001000100000011110010110111101110101001000000110110101100001011110010010000001101101011010010111100000100000011101110110100101110100011010000010000001101001011101000010000001100001011011100010000001100101011001110110011100111011
11101000110100001100101011011100010000001100010011001010110011001101111011100100110010100100000011010010111010000100000011001110110010101110100011100110010000001100011011011110110110001100100001011000010000001100110011011000110111101110101011100100010000001110100011010000110010100100000011000100110111101100001011100100110010000100000011100000111001001100101011101000111010001111001001000000111011101100101011011000110110000100000011101000110111100100000011100000111001001100101011101100110010101101110011101000010000001101001011101000010000001100110011100100110111101101101
1110011011101000110100101100011011010110110100101101110011001110010110000100000011000010110111001100100001000000111001001101111011011000110110000100000011010010111010000100000011101000110111100100000011101000110100001100101001000000111010001101000011010010110001101101011011011100110010101110011011100110010000001110111011000010110111001110100011001010110010000101110
100100101100110001000000110100101110100001000000110100101110011001000000110001001100101011000110110111101101101011001010010000001110001011101010110100101110100011001010010000001100011011011110110110001100100001000000110001001100101011001100110111101110010011001010010000001101001011101000010000001100010011001010010000001110000011101010111010000100000011011110110111000100000011101000110100001100101001000000110010001101001011100110110100000101100001000000110100101110100001000000111011101101001011011000110110000100000011000100110010100100000011000010111000001110100
11101000110111100100000011000110111001001100001011000110110101100101110
10100000101010101000100010001000100100101001110010001110101001100101110
10111110100000101101100011011010110111101101110011001000010000001010000011101010110010001100100011010010110111001100111011100110010111001011111
100001001100101011000010111010000100000011010000110000101101100011001100010000001100001001000000111000001101111011101010110111001100100001000000110111101100110001000000111001101110111011001010110010101110100001000000110000101101110011001000010000001100001001000000110011001100101011101110010000001100010011010010111010001110100011001010111001000100000011000010110110001101101011011110110111001100100011100110010110000100000011101110110100101110100011010000010000001100001001000000111001101110000011011110110111101101110011001100111010101101100001000000110111101100110
11101110110000101110100011001010111001000111011001000000111010001101000011001010110111000100000011011010110100101111000001000000110011001101111011101010111001000100000011011110111010101101110011000110110010101110011001000000110111101100110001000000110001001110101011101000111010001100101011100100010110000100000011001100110111101110101011100100010000001100101011001110110011101110011001011000010000001110100011101110110111100100000011100110111000001101111011011110110111001100110011101010110110001110011001000000110111101100110001000000110001101110010011001010110000101101101
11101110110000101110010011011010010000001110111011010010111010001101000001000000111010001101000011001010010000001100010011101010111010001110100011001010111001000101100001000000110111101101110011001010010000001101111011001100010000001100010011100100110000101101110011001000111100100101100001000000110000100100000011011000110100101110100011101000110110001100101001000000110111001110101011101000110110101100101011001110010000001100001011011100110010000100000011100110111010101100111011000010111001000100000011101000110111100100000011101000110000101110011011101000110010100101110
10000100111010101110100011101000110010101110010001000000111001101101111011011010110010100100000011000110111010101110000011100110010110000100000011010000110000101101100011001100010000001100110011010010110110001101100001011000010000001100001011011100110010000100000011000100110000101101011011001010010000001110100011010000110010100100000011100000111010101100100011001000110100101101110011001110111001100101110
101001101100101011100100111011001100101001000000111011101101001011101000110100000100000011000100111010101110100011101000110010101110010001011000010000001110111011010010110111001100101001011000010000001100001011011100110010000100000011100110111010101100111011000010111001000101110
10111110101001101100001011001110110111100100000010100000111010101100100011001000110100101101110011001110010111001011111
1000010011011110110100101101100001000000110000100100000011100000110100101101110011101000010000001100001011011100110010000100000011000010010000001101000011000010110110001100110001000000110111101100110001000000110111001100101011101110010000001101101011010010110110001101011001000000111011101101001011101000110100000100000011001100110111101110101011100100010000001110011011100000110111101101111011011100110011001110101011011000111001100100000011011110110011000100000011100110110000101100111011011110010110000100000011011100110100101100011011001010110110001111001
11101110110000101110011011010000110010101100100001000000110000101101110011001000010000001110000011010010110001101101011011001010110010000101100001000000110110001100101011011010110111101101110011100000110010101100101011011000010110000100000011000110110100101101110011011100110000101101101011011110110111000101100001000000110000101101110011001000010000001101110011101010111010001101101011001010110011100101110001000000101001101110111011001010110010101110100011001010110111000100000011101000110111100100000011101000110000101110011011101000110010100111011
111010001101000011001010110111000100000011011010110100101111000001000000110011001101111011101010111001000100000011001010110011101100