110001000000110001001100001011101000111010001100101011100100010000001100001011101000010000001100001001000000111010001101001011011010110010100111010001000000111010001110101011100100110111000100000011000010111001100100000011101000110100001100101011110010010000001100010011100100110111101110111011011100010111000100000010101000110100001100101011110010010000001110111011010010110110001101100001000000110001001100101
110110001100001011100100110011101100101001011100010000001010011011001010111001001110110011001010010000001101001011011010110110101100101011001000110100101100001011101000110010101101100011110010010111000100000010100110111011101100101011001010111010000100000011100110110000101110101011000110110010100101110
101111101010000011010010111000001110000011010010110111000100000010100000111010101100100011001000110100101101110011001110010111001011111
10000110110111101100100011001000110110001100101001000000111001101101001011110000010000001110000011010010111000001110000011010010110111001110011001000000110100101101110001000000111011001101001011011100110010101101100011001010110000101110110011001010111001100100000011000110110111101110110011001010111001001100101011001000010000001110111011010010111010001101000001000000111011101100001011101000110010101110010001011000010000001100010011101010111010000100000011101100110010101110010011110010010000001100111011001010110111001110100011011000111100100101100
111010001101000011000010111010000100000011101000110100001100101001000000110100101101110011100110110100101100100011001010010000001100010011001010010000001100100011011110110111001100101001000000111011101101001011101000110100001101111011101010111010000100000011000100111001001100101011000010110101101101001011011100110011100100000011101000110100001100101001000000111001101101011011010010110111001110011001011100010000001010111011010000110010101101110001000000111001101101111011001100111010000101100001000000111010001100001011010110110010100100000011011110110011001100110
111010001101000011001010010000001110011011010110110100101101110011100110010110000100000011000010110111001100100001000000111011101101001011101000110100000100000011000010010000001110100011001010110000101110011011100000110111101101111011011100010000001110100011000010110101101100101001000000111010001101000011001010010000001110000011101010110110001110000001000000110011001110010011011110110110100100000011101000110100001100101001000000110001101101111011100100110010100101110001000000101000001110010011001010111001101110011001000000110100101110100
1110100011010000111001001101111011101010110011101101000001000000110000100100000011000110110111101101100011000010110111001100100011001010111001000111011001000000110000101100100011001000010000001110100011011110010000001101001011101000010000001110100011101110110111100100000011100110111000001101111011011110110111001100110011101010110110001110011001000000110111101100110001000000110111101110010011000010110111001100111011001010010000001100110011011000110111101110111011001010111001000100000011101110110000101110100011001010111001000101100
1110100011010000111001001100101011001010010000001100101011001110110011101110011001000000110001001100101011000010111010001100101011011100010110000100000011000010010000001110000011010010110111001110100001000000110111101100110001000000111001101100011011000010110110001100100011001010110010000100000011000110111001001100101011000010110110100101100001000000111001101110101011001110110000101110010001000000110000101101110011001000010000001101110011101010111010001101101011001010110011100100000011101000110111100100000011101000110000101110011011101000110010100101110
10011000110000101111001001000000110000100100000011101000110100001101001011011100010000001110000011101010110011001100110001000000111000001100001011100110111010001100101001000000110000101110100001000000111010001101000011001010010000001100010011011110111010001110100011011110110110100100000011000010110111001100100001000000111001101101001011001000110010101110011001000000110111101100110001000000111010001101000011001010010000001100100011010010111001101101000001110100010000001110011011010000111001001100101011001000010000001110011011011110110110101100101
11101100110010101110010011110010010000001110100011010000110100101101110001000000110110001100101011011010110111101101110011100000110010101100101011011000010000001100001011100110010000001100110011010010110111001100101001000000110000101110011001000000111000001101111011100110111001101101001011000100110110001100101001011000010000001100001011011100110010000100000011100000111010101110100001000000110100101101110011101000110111100100000011101000110100001100101001000000110010001101001011100110110100000111011001000000110000101110011
11011000110100101101011011001010111011101101001011100110110010100100000011100110110111101101101011001010010000001101111011100100110000101101110011001110110010100100000011000010110111001100100001000000110001101101001011101000111001001101111011011100010000001101001011011100010000001110011011011010110000101101100011011000010000001110011011011000110100101100011011001010111001100101110
101111101011001011011110111001001101011011100110110100001101001011100100110010100100000010100000111010101100100011001000110100101101110011001110010111001011111
1001101011010010111100000100000011001100110100101110110011001010010000001110011011100000110111101101111011011100110011001110101011011000111001100100000011011110110011000100000011001100110110001101111011101010111001000101100001000000111011101101001011101000110100000100000011000010010000001110001011101010110000101110010011101000010000001101111011001100010000001101101011010010110110001101011001011000010000001100001011011100110010000100000011101000110100001110010011001010110010100100000011001010110011101100111011100110010000001110111011001010110110001101100
11000100110010101100001011101000110010101101110001011100010000001000010011101010111010001110100011001010111001000100000011101000110100001100101001000000111000001100001011011100010111000100000010101110110100001100101011011100010000001100010011100100110111101110111011011100010000001100010011110010010000001100010011000010110101101101001011011100110011100100000011101010110111001100100011001010111001000100000011101000110100001100101001000000110110101100101011000010111010000101100001000000111010001110101011100100110111000100000011101000110100001100101
1101111011101000110100001100101011100100010000001110011011010010110010001100101001000000111010101110000011101110110000101110010011001000111001100101100001000000110000101101110011001000010000001100010011100100110111101110111011011100010000001110100011010000110000101110100001011100010000001001001011101000010000001110011011010000110111101110101011011000110010000100000011000100110010100100000011011010110000101100100011001010010000001101001011011100010000001100001001000000111001101110001011101010110000101110010011001010010000001110000011000010110111000101100
1100001011011100110010000100000011000110111010101110100001000000110100101101110011101000110111100100000011100000110100101100101011000110110010101110011001000000111010001101111001000000110001101101111011011010110010100100000011101000110111100100000011101000110000101100010011011000110010100101110001000000101001101100101011101000010000001101001011101000010000001101111011101100110010101110010001000000110000100100000011000110110100001100001011001100110100101101110011001110010000001100100011010010111001101101000001000000110000101110100
110011001101001011100100111001101110100001011000010000001100001011011100110010000100000011100110111010001101001011100100010000001101001011101000010000001110011011011110110110101100101001000000110110101101001011011100111010101110100011001010111001100101110
101111101000001001000000111000101110101011010010110001101101011001000000110110101100001011001000110010100100000010100000111010101100100011001000110100101101110011001110010111001011111
100011001101100011011110111010101110010001000000110000101101110011001000010000001110011011101010110010101110100001000000110100001100001011011000110011000100000011000010010000001110000011011110111010101101110011001000010000001100101011000010110001101101000001011000010000001100110011011110111010101110010001000000110010101100111011001110111001100101100001000000110000100100000011100010111010101100001011100100111010001100101011100100010000001101111011001100010000001100001001000000111000001101001011011100111010000100000011011110110011000100000011011100110010101110111
1101101011010010110110001101011001011000010000001100001001000000110110001101001011101000111010001101100011001010010000001101101011000010110001101100101001000000110000101101110011001000010000001101110011101010111010001101101011001010110011100101100001000000110000100100000011100010111010101100001011100100111010001100101011100100010000001101111011001100010000001100001001000000111000001101111011101010110111001100100001000000110111101100110001000000111001001100001011010010111001101101001011011100111001100101100001000000110010001101001011101000111010001101111
11011110110011000100000011000110111010101110010011100100110000101101110011101000111001100111010001000000110110101101001011110000010000001110111011001010110110001101100001011000010000001100001011011100110010000100000011000100110111101101001011011000010000001110100011010000111001001100101011001010010000001110001011101010110000101110010011101000110010101110010011100110010000001101111011001100010000001100001011011100010000001101000011011110111010101110010001000000111011101101001011101000110100000100000011101000110100001100101001000000110001101101111011101100110010101110010
110111101100110001000000111010001101000011001010010000001110000011011110111010000100000011011110110111000101100001000000110111101110010001000000110100101110100001000000111011101101001011011000110110000100000011100100110010101110001011101010110100101110010011001010010000001101100011011110110111001100111011001010111001000101110
101111101011001011001010110000101110011011101000010000001101111011100100010000001010011011101010110011001100110011011110110110001101011001000000100010001110101011011010111000001101100011010010110111001100111011100110010111001011111
10011010110000101101011011001010010000001100001001000000111011001100101011100100111100100100