100101011110010010110000100000011100110110010101100001011100110110111101101110011001010110010000111011001000000110000101101110011001000010000001110011011001010111001001110110011001010110010000100000011101110110100101110100011010000010000001110000011000010111001001110011011011000110010101111001
1100001011011100110010000100000011000100111010101110100011101000110010101110010001011100010000001000001011100110111000001100001011100100110000101100111011101010111001100101100001000000110111101110010001000000111000001100101011000010111001100101100001000000111001101101000011011110111010101101100011001000010000001100010011001010010000001100100011100100110010101110011011100110110010101100100001000000111010001101111001000000110010101100001011101000010000001110111011010010111010001101000001000000111010001101000011001010110110100101110
101111101010000011000010111001001110011011011000110010101111001001000000101000001101001011001010010111001011111
100110001100001011110010010000001110110011001010110000101101100001000000110111101110010001000000110011001101111011101110110110000100000011000010111010000100000011101000110100001100101001000000110001001101111011101000111010001101111011011010010000001101111011001100010000001100001001000000111000001101001011001010010000001100100011010010111001101101000001011000010000001110011011001010110000101110011011011110110111001100101011001000010111000100000010101000110000101101011011001010010000001100001001000000110001101101111011011000110000101101110011001000110010101110010
11001100111010101101100011011000010000001101111011001100010000001110000011010010110001101101011011001010110010000100000011100000110000101110010011100110110110001100101011110010010110000100000011000110110111101110110011001010111001000100000011101000110100001100101001000000110110101100101011000010111010000100000011101110110100101110100011010000010000001101001011101000010110000100000011000010110111001100100001000000111000001101111011101010111001000100000011100110110111101101101011001010010000001100011011100100110010101100001011011010010000001101001011011100111010001101111
111010001101000011001010010000001100100011010010111001101101000001011000010000001100001011011100110010000100000011000010010000001110011011100000110111101101111011011100110011001110101011011000010000001101111011100100010000001110100011101110110111100100000011011110110011000100000011000100111001001101111011101000110100000101110001000000100001101101111011101100110010101110010001000000111011101101001011101000110100000100000011000110111001001110101011100110111010000101110
1011111010100000110111101110100011000010111010001101111011001010010000001010000011000010111001101110100011110010010111001011111
1000010011011110110100101101100001011000010000001110000011001010110010101101100001011000010000001100001011011100110010000100000011011010110000101110011011010000010000001110000011011110111010001100001011101000110111101100101011100110010000001100001011100110010000001100110011010010110111001100101001000000110000101110011001000000111000001101111011100110111001101101001011000100110110001100101001110110010000001110100011010000110010101101110001000000110110101101001011110000010000001110000011001010111000001110000011001010111001000101100
111001101100001011011000111010000101100001000000110000101101110011001000010000001100001001000000110110001101001011101000111010001101100011001010010000001110100011010000110100101100011011010110010000001100011011100100110010101100001011011010010110000100000011011110111001000101100001000000110100101100110001000000111100101101111011101010010000001110000011100100110010101100110011001010111001000100000011010010111010000101100001000000110001001110101011101000111010001100101011100100010111000100000010011010110000101101011011001010010000001100001
1110000011000010111001101110100011001010010110000100000011000010110111001100100001011000010000001110010011011110110110001101100011010010110111001100111001000000110100101110100001000000110111101110101011101000010000001101100011010010110101101100101001000000110000100100000011011000110000101110010011001110110010100100000011100000111010101100110011001100010110000100000011100000111010101110100001000000111010001101000011001010010000001110000011011110111010001100001011101000110111101100101001000000110100101101110011101000110111100100000011010010111010000101100
11000010110111001100100001000000110001001100001011010110110010100100000011010010111010000101110
1011111010101000111010101110010011011100110100101110000001000000101000001101001011001010010111001011111
10100110110010101100001011100110110111101101110001000000110110101110101011101000111010001101111011011100010000001100011011010000110111101110000011100110010000001110111011010010111010001101000001000000111000001100101011100000111000001100101011100100010000001100001011011100110010000100000011100110110000101101100011101000011101000100000011011000110000101111001001000000111010001101000011001010110110100100000011010010110111000100000011101000110100001100101001000000110001001101111011101000111010001101111011011010010000001101111011001100010000001100001
11001000110100101110011011010000010110000100000011100100110010101110011011001010111001001110110011010010110111001100111001000000111010001101000011001010010000001100101011011100110010001110011001000000110111101100110001000000111010001101000011001010010000001100010011011110110111001100101011100110010000001110100011011110010000001101100011000010111100100100000011011110111011001100101011100100010000001110100011010000110010100100000011101000111010101110010011011100110100101110000011100110011101100100000011101110110100001101001011000110110100000100000011000110111010101110100
11000010110111001100100001000000111001101100101011000010111001101101111011011100010110000100000011000010110111001100100001000000110110001100001011110010010000001101111011101100110010101110010001000000111010001101000011001010010000001110011011101000110010101100001011010110111001100100000011101000110100101101100011011000010000001110100011010000110010100100000011001000110100101110011011010000010000001100010011001010010000001100110011101010110110001101100001011100010000001010000011101010111010000100000011101000111011101101111001000000110111101110010
111010001101000011100100110010101100101001000000111001101110000011011110110111101101110011001100111010101101100011100110010000001101111011001100010000001110111011000010111010001100101011100100010000001101001011011100010110000100000011000010110111001100100001000000110001101101111011101100110010101110010001000000111011101101001011101000110100000100000011000110111001001110101011100110111010000101110001000000101100101101111011101010010000001101101011000010111100100100000011000010110010001100100001000000110000100100000011011000110100101110100011101000110110001100101
11011110110111001101001011011110110111000101110
10111110101001101101000011100100110100101101101011100000010000001010000011010010110010100101110001000000100010101111000011000110110010101101100011011000110010101101110011101000010111001011111
10101000110000101101011011001010010000001100001001000000111000101110101011000010111001001110100001000000110111101100110001000000111000001101001011000110110101101100101011001000010000001110011011010000111001001101001011011010111000001110011001110100010000001101001011001100010000001110110011001010111001001111001001000000111001101100001011011000111010000101100001000000110111101101110011011000111100100100000011100110110010101100001011100110110111101101110001000000111011101101001011101000110100000100000011011010110000101100011011001010010110000100000011000010110111001100100
11000010010000001100011011011000110111101110110011001010010000001101111011100100010000001110100011101110110111100100000011010010110111000100000011001100110100101101110011001010010000001110000011011110111011101100100011001010111001000111011001000000110001001110101011101000010000001101001011001100010000001101110011011110111010000100000011100110110000101101100011101000010110000100000011011010110100101101110011000110110010100100000011101000111011101101111001000000110111101110010001000000111010001101000011100100110010101100101
1100001011011100110001101101000011011110111011001101001011001010111001100101100001000000110110101101001011110000010000001110111011010010111010001101000001000000111010001101000011001010010000001110011011100000110100101100011011001010010110000100000011000010110111001100100001000000111001101100101011000010111001101101111011011100010000001110100011010000110010101101101001011100010000001010000011101010111010000100000011100110110111101101101011001010010000001100010011101010111010001110100011001010111001000100000011000010111010000100000011101000110100001100101
110001001101111011101000111010001101111011011010010000001101111011001100010000001110100011010000110010100100000011001000110100101110011011010000010110000100000011000010110111001100100001000000110111101110110011001010111001000100000011101000110100001100101001000000111001101101000011100100110100101101101011100000111001100101100001000000110000101101110011001000010000001100001001000000110011101101100011000010111001101110011001000000110111101100110001000000111001101101000011000010111001001110000001000000111011101101000011010010111010001100101
1110111011010010110111001100101001011100010000001010000011101010111010000100000011000010010000001100111011011110110111101100100001000000110110001101001011001110110100001110100001000000111000001100001011100110111010001100101001000000110111101110110011001010111001000101110001000000101010001101000011001010111100100100000011001000110111100100000011011100110111101110100001000000111001001100101011100010111010101101001011100100110010100100000011011000110111101101110011001110010000001100010011000010110101101101001011011100110011100101110
10111110100001101101111011100100110111001101001011100110110100000100000010100000110100101100101011100110010111001011111
1010011011000110110000101101100011001000010000001100001011011100110010000100000011000100110110001100001011011100110001101101000001000000111001101101111011011010110010100100000011000100111001001101111011000010110010000100000011000100110010101100001011011100111001100111010001000000110001101110101011101000010000001101101011101010111001101101000011100100110111101