01110010011011110110111101110100001011000010000001100101011000010110001101101000001000000110000101101110
1101111011101010110111001100011011001010011101100100000011100110110100101101101011011010110010101110010001000000111011101101001011101000110100000100000011101000111011101101111001000000111000001101001011011100111010001110011001000000110111101100110001000000111011101100001011101000110010101110010001000000111010001101111001000000110111101101110011001010010110000100000011000010110111001100100001000000111001101110100011100100110000101101001011011100010000001101001011101000010111000100000010101110110100001100101011011100010000001100011011011110110110001100100
11010010111010000100000011101110110100101101100011011000010000001100010011001010010000001100001001000000110101001100101011011000110110001111001001110110010000001101111011001100010000001110111011010000110100101100011011010000010000001100111011010010111011001100101001011000010000001100100011010010111001101110011011011110110110001110110011001010110010000100000011010010110111000100000011101110110100101101110011001010010110000100000011011010110100101101100011010110010110000100000011011110111001000100000011000100111001001101111011101000110100000101100001000000110100101101110
11000110110100001100001011011100110011101100101001000000111011101101001011101000110100000100000011011110111010001101000011001010111001000100000011011100110111101110101011100100110100101110011011010000110110101100101011011100111010000101110
101111101001101011101010110110001101100011001010110010000100000011101110110100101101110011001010010111001011111
1000010011011110110100101101100001000000111001101101111011011010110010100100000011100110111000001101001011000110110010100100000011010010110111000100000011000010010000001101100011010010111010001110100011011000110010100100000011101110110000101110100011001010111001000100000011101000110100101101100011011000010000001110100011010000110010100100000011001100110110001100001011101100110111101110101011100100010000001101001011100110010000001100111011000010110100101101110011001010110010000101100001000000111010001101000011001010110111000100000011000010110010001100100
110000101101110001000000110010101110001011101010110000101101100001000000111000101110101011000010110111001110100011010010111010001111001001000000110111101100110001000000111000001101111011100100111010000101100001000000111001101101111011011010110010100100000011100110111010101100111011000010111001000100000011000010110111001100100001000000110111001110101011101000110110101100101011001110011101100100000011000100110111101101001011011000010000001110100011011110110011101100101011101000110100001100101011100100010110000100000011000010110111001100100
111001101100101011100100111011001100101001000000111011101101001011101000110100000100000011101000110111101100001011100110111010000101110
10111110100000101110011011100110110010101110011111000101000000010011001001000000100110101101001011011000110101101011111
100011001100001011100100010000001110011011101010111001001110000011000010111001101110011011001010111001100100000011000010110111001111001001000000110100101101101011010010111010001100001011101000110100101101111011011100010000001101111011001100010000001101001011101000010000001110100011010000110000101110100001000000110001101100001011011100010000001100010011001010010000001101101011000010110010001100101001011100010000001001001011101000010000001110011011010000110111101110101011011000110010000100000011000100110010100100000011011010110100101101100011010110110010101100100
1101001011011100111010001101111001000000110000100100000011001110110110001100001011100110111001100100000011101000110100001100001011101000010000001101001011100110010000001101011011001010111000001110100001000000111011101100001011100100110110100100000011000100111100100100000011000100110010101101001011011100110011100100000011010010110111000100000011000010010000001100010011000010111001101101111011011100010000001101111011001100010000001101000011011110111010000100000011101110110000101110100011001010111001000101110
101010001101000011001010010000001100110011010010111100001100101011001000010000001100001011010010111001000100000011101000110100001100001011101000010000001101001011101000010000001100011011011110110111001110100011000010110100101101110011100110010000001100111011010010111011001100101011100110010000001110011011011110110110101100101001000000111000001100101011011110111000001101100011001010010000001100001001000000111000001100001011010010110111000100000011010010110111000100000011101000110100001100101001000000111001101110100011011110110110101100001011000110110100000101110
1000001011101000010000001100110011010010111001001110011011101000010000001100001001000000111010001100101011000010111001101110000011011110110111101101110011001100111010101101100001000000110111101100110001000000111001001110101011011010010000001101101011000010111100100100000011000100110010100100000011101000110000101101011011001010110111000100000011101110110100101110100011010000010000001101001011101000010110000100000011000100111010101110100001000000111001101101000011011110111010101101100011001000010000001101111011011100110110001111001001000000110001001100101
1110000011101010111010000100000011010010110111000100000011101000110100001100101001000000110110101101111011011010110010101101110011101000010000001101001011101000010000001101001011100110010000001110100011011110010000001100010011001010010000001110011011101110110000101101100011011000110111101110111011001010110010000101110
10111110100000101110010011101000110100101100110011010010110001101101001011000010110110000100000010000010111001101110011011001010111001111100010100000001001100100100000010011010110100101101100011010110010111001011111
1000010011011110110100101101100001000000111010001101111011001110110010101110100011010000110010101110010001000000110000100100000011100010111010101100001011100100111010000100000011011110110011000100000011101110110000101110100011001010111001000101100001000000110000100100000011100010111010101100001011100100111010000100000011011110110011000100000011011100110010101110111001000000110110101101001011011000110101100101100001000000110000101101110001000000110111101110101011011100110001101100101001000000110111101100110001000000111011101101000011010010111010001100101
1110011011101010110011101100001011100100110001101100001011011100110010001111001001011000010000001101000011000010110110001100110001000000110000101101110001000000110111101110101011011100110001101100101001000000110111101100110001000000110010101110010011010010110111001100111011011110111001001101111011011110111010000101100001000000110000101101110011001000010000001101000011000010110110001100110001000000110000101101110001000000110111101110101011011100110001101100101001000000110111101100110001000000110001101101111011011100111001101100101011100100111011001100101
11011110110011000100000011100100110111101110011011001010111001100101100001000000111010001101001011011000110110000100000011010000110000101101100011001100010000001100010011001010010000001110111011000010111001101110100011001010110010000101110
101010001101000011010010111001100100000011010010111001100100000011000010111001101110100011100100110100101101110011001110110010101101110011101000011101100100000011101000110100001100101011100100110010101100110011011110111001001100101001000000111000001110010011011110111000001101111011100100111010001101001011011110110111000100000011101000110100001100101001000000110010001101111011100110110010101110011001000000111010001101111001000000111010001101000011001010010000001100101011001100110011001100101011000110111010000101110
1011111010000010110111001101111011101000110100001100101011100100010111001011111
10011010110100101111000001000000111010001110111011011110010000001110011011100000110111101101111011011100110011001110101011011000111001100100000011011110110011000100000011000100110111101101001011011000110100101101110011001110010000001110111011000010111010001100101011100100010110000100000011101000111011101101111001000000110111101100110001000000110110101101001011011000110101100101100001000000110000101101110011001000010000001100001011011100010000001100101011001110110011100100000011101110110010101101100011011000010000001100010011001010110000101110100011001010110111000111011
111001101110111011001010110010101110100011001010110111000100000011101110110100101110100011010000010000001110000011011110111010101101110011001000110010101100100001000000111011101101000011010010111010001100101001000000111001101110101011001110110000101110010011000110110000101101110011001000111100100101110
1010100011010000110100101110011001000000110110101100001011110010010000001100010011001010010000001110100011000010110101101100101011011100010000001110100011101110110100101100011011001010010000001101111011100100010000001110100011010000111001001101001011000110110010100100000011000010010000001100100011000010111100100101110
1011111010000010110111001101111011101000110100001100101011100100010111001011111
10000100110111101101001011011000010000001110100011101110110111100100000011011110111010101101110011000110110010101110011001000000110111101100110001000000110100001100001011100100111010001110011011010000110111101110010011011100010000001110011011010000110000101110110011010010110111001100111011100110010110000100000011101000111011101101111001000000110111101110101011011100110001101100101011100110010000001101111011001100010000001110000011001010110000101110010011011000110001001100001011100100110110001100101011110010010110000100000011101000111011101101111
110111101110101011011100110001101100101011100110010000001101111011001100010000001100011011000010110111001100100011010010110010101100100001000000110010101110010011010010110111001100111011011110111001001101111011011110111010000101100001000000110000101101110011001000010000001101111011011100110010100100000011001000110111101111010011001010110111000100000011011110110011000100000011100110110111001100001011010010110110001110011001000000111010001101000011000010111010000100000011010000110000101110110011001010010000001100010011001010110010101101110
110001001110010011101010110100101110011011001010110010000101100001000000110100101101110001000000111010001110111011011110010000001110001011101010110000101110010011101000111001100100000011011110110011000100000