000000110100001100101011011000111000000101100001000000111010001101000011000010110111000100000011010010110111000100000011000010010000001101100011000010111001001100111011001010010000001101000011001010110000101100100001000000110000101101110011001000010000001110011011010000110111101110101011011000110010001100101011100100111001100101100001000000111010001101000011001010010000001110100011010000110100101101110011011100110010101110010001000000111000001100001011100100111010001110011
11000100110010101101001011011100110011100100000011011110111011001100101011100100110010001101111011011100110010100100000011000010110111001100100001000000111010001100001011100110111010001100101011011000110010101110011011100110010000001100010011001010110011001101111011100100110010100100000011101000110100001100101001000000111010001101000011010010110001101101011001000000110001001100101001000000111001001100101011000010110010001111001001110100010000001100010011101010111010000100000011101000110100001100101001000000111011101101000011011110110110001100101
11001100110100101110011011010000010000001101101011000010111100100100000011000100110010100100000011100000111010101110010011000110110100001100001011100110110010101100100001011000010000001100001011101000010000001110100011010010110110101100101011100110010110000100000011011010110111101110010011001010010000001110010011001010110000101110011011011110110111001100001011000100110110001111001001011000010000001100001011011100110010000100000011101000110100001100101001000000110110001101111011101110110010101110010001000000110100001100001011011000110011000101100001000000110100101100110
111001101110000011100100110100101101110011010110110110001100101011001000010000001110100011010000110010100100000011011000110010101100001011100110111010000101100001000000110000101101110011001000010000001101000011101010110111001100111001000000111010101110000001011000010000001110111011010010110110001101100001000000110001001100101001000000110100101101110001000000110100001101001011001110110100000100000011100000110010101110010011001100110010101100011011101000110100101101111011011100010000001101111011011100110010100100000011011110111001000100000011101000111011101101111
11001000110000101111001011100110011101000100000011011110111001000100000011010010111010000100000011011010110000101111001001000000110001001100101001000000110110101100001011001000110010100100000011100110110000101101100011101000110010101110010001011000010000001100001011011100110010000100000011100110110010101110010011101100110010101100100001000000111011101101001011101000110100000100000011001010110011101100111001000000111001101100001011101010110001101100101001011000010000001110000011011110111010001100001011101000110111101100101011100110010110000100000011000010110111001100100
11100000110000101110010011100110110111001101001011100000111001100101110
10111110100001101110010011010010110110101110000001000000100001101101111011001000010111001011111
100001001101111011010010110110000101100001000000110001001110010011011110110100101101100001011000010000001101111011100100010000001100110011100100111100100101110
101111101000011011011110110010000100000011100110110111101110101011011100110010001110011001000000110001001101111011010010110110001100101011001000010111001011111
1010011011011110110000101101011001000000111010001101000011001010110110100100000011010010110111000100000011101110110000101110010011011010010000001110111011000010111010001100101011100100010000001110100011010010110110001101100001000000111001101101111011001100111010000101100001000000111010001101000011001010110111000100000011100110110001101110010011000010111000001100101001000000110000101101110011001000010000001100011011011000110010101100001011011100011101100100000011000010110111001100100001000000110100101100110001000000111010001101111001000000110001001100101
1100100011100100110010101110011011100110110010101100100001000000111011101101000011010010111010001100101001011000010000001100010011011110110100101101100001000000111010001101000011001010110110100100000011010010110111000100000011011010110100101101100011010110010000001100001011011100110010000100000011101110110000101110100011001010111001000101100001000000110000101101110011001000010000001110111011010000110010101101110001000000111010001100101011011100110010001100101011100100010000001110011011001010111001001110110011001010010000001110100011010000110010101101101
110100101101110001000000110000100100000011011100110000101110000011010110110100101101110001011100010000001000101011001110110011100100000011100110110000101110101011000110110010100101110
101111101000011011011110110010000100000011100110110111101110101011011100110010001110011001000000111001001100001011001110110111101110101011101000010111001011111
10100000111001001100101011100000110000101110010011001010010000001100001011100110010000001100001011000100110111101110110011001010010110000100000011101000110100001100101011011100010000001110011011101000110010101110111001000000111010001101000011001010110110100100000011010010110111000100000011101110110100001101001011101000110010100100000011001110111001001100001011101100111100100100000011100110110010101100001011100110110111101101110011001010110010000111011001000000110001101110010011001010110000101101101001011000010000001100010011101010111010001110100011001010111001000101100
1100001011011100110010000100000011000010010000001101100011010010111010001110100011011000110010100100000011000100110100101110100001000000110111101100110001000000110011001101100011011110111010101110010001000000110000101100100011001000110010101100100001000000110001001100101011001100110111101110010011001010010000001111001011011110111010100100000011100110110010101110010011101100110010100101100001000000110011101100101011011100111010001101100011110010010000001100010011011110110100101101100011010010110111001100111001000000111010101110000001011100010000001000001
11000100110100101110100001000000110111101100110001000000110110001100101011011010110111101101110011100000110010101100101011011000010110000100000011011100111010101110100011011010110010101100111001011000010000001100001011011100110010000100000011101000110100001100101001000000110110001100101011000010111001101110100001000000111000001101111011101010110111001100100011001010110010000100000011011010110000101100011011001010010110000100000011100110110100001101111011101010110110001100100001000000110011101101001011101100110010100100000011101000110100001100101
110011001101100011000010111011001101111011101010111001000101110
10111110100001101110101011100100111001001111001001000000110111101100110001000000100001101101111011001000101111100101100
101001101101000011011110111010101101100011001000010000001100010011001010010000001101101011000010110010001100101001000000110111101100110001000000111001101101100011010010110001101100101011001000010000001100011011011110110010000100000011101000110100001100001011101000010000001101000011000010111001100100000011001010110100101110100011010000110010101110010001000000110001001100101011001010110111000100000011000110111001001101001011011010111000001100101011001000010110000100000011011110111001000100000011100110111000001110010011010010110111001101011011011000110010101100100
110000100100000011001000110000101111001001000000111010001101111001000000110110101100001011010110110010100100000011010010111010000100000011001100110100101110010011011010010111000100000010001100111001001111001001000000110100101110100001000000110111101100110001000000110000100100000011001100110100101101110011001010010000001100010011100100110111101110111011011100010110000100000011101110110100101110100011010000010000001101111011011100110100101101111011011100111001100101100001000000110000101101110011001000010000001110011011101000110010101110111001000000110100101110100
1110111011010010111010001101000001000000110000100100000011001110110111101101111011001000010000001110111011010000110100101110100011001010010000001100111011100100110000101110110011110010010110000100000011000010010000001101100011010010111010001110100011011000110010100100000011000110111010101110010011100100111100100100000011100000110111101110111011001000110010101110010001011000010000001100001001000000110001001101001011101000010000001101111011001100010000001100010011101010111010001110100011001010111001000100000011000010110111001100100
11001100110110001101111011101010111001000101100001000000111010001101000011100100110010101100101001000000110111101110010001000000110011001101111011101010111001000100000011100110111000001101111011011110110111001100110011101010110110001110011001000000110111101100110001000000111001001101001011000110110100000100000011000110111001001100101011000010110110100101100001000000111001101100001011011000111010000100000011000010110111001100100001000000100001101100001011110010110010101101110011011100110010100101110
101111101000110011010010111001101101000001000000101000001101001011001010010111001011111
1000011011011110110010000100000011011110111001000100000010010000110000101100100011001000110111101100011011010110010110000100000011100110111000001110010011010010110111001101011011011000110010101100100001000000111011101101001011101000110100000100000011100110110000101101100011101000010000001110100011011110010000001100111011010010111011001100101001000000110011001101001011100100110110101101110011001010111001101110011001011000010000001110011011011000110100101100011011001010010000001100001011011100110010000100000011100110110010101100001011100110110111101101110
11101110110100101110100011010000010000001110000011001010111000001110000011001010111001000100000011000010110111001100100001000000111001101100001011011000111010000101100001000000110000101101110011001000010000001110000011011000110000101100011011001010010000001101001011011100010000001100001001000000110010001101001011100110110100000100000011011010110100101111000011001010110010000100000011101110110100101110100011010000010000001101111011110010111001101110100011001010111001001110011001011100010000001010000011101010111010000100000011101000110100001100101
11011110111100101110011011101000110010101110010001000000110110001101001011100010111010101101111011100100010110000100000011000010010000001101100011010010111010001110100011011000110010100100000011000100111001001101111011101000110100000101100001000000110000101101110011001000010000001100001001