00010000001101011011011100110111101110111
11101110110100001100101011011100010000001100100011011110110111001100101001000000110010101101110011011110111010101100111011010000010000001100010011110010010000001110100011010000110010100100000011101010110111001100100011101010110110001100001011101000110100101101111011011100111001100100000011011110110111000100000011101000110100001100101001000000111001101110101011100100110011001100001011000110110010100101100001000000110000101101110011001000010000001101100011011110110111101101011011010010110111001100111001000000111000101110101011010010111010001100101
1110100011010000110100101100011011010110010111000100000010101000110100001100101001000000111010001101001011011010110010100100000011100100110010101110001011101010110100101110010011001010110010000100000011101000110111100100000011100110110001101100001011011000110010000100000011000110111001001100101011000010110110100100000011001000110010101110000011001010110111001100100011100110010000001101111011011100010000001110100011010000110010100100000011100110110100101111010011001010010000001101111011001100010000001110100011010000110010100100000011100000110000101101110
11000010110111001100100001000000111010001101000011001010010000001101000011001010110000101110100001000000110111101100110001000000111010001101000011001010010000001100110011010010111001001100101001110110010000001110100011010000110010100100000011100110110110001101111011101110110010101110010001000000111010001101000011001010010000001100010011001010111010001110100011001010111001000101110001000000101001001100101011011010110111101110110011001010010000001110100011010000110010100100000011100000110000101101110001000000110100101101110011101000110111100100000011101000110100001100101
110010001100001011010010111001001111001001000000111011101101000011001010110111000100000011001000110111101101110011001010010110000100000011000010110111001100100001000000111001101101011011010010110110100100000011010010111010000100000011011100110010101111000011101000010000001100100011000010111100100101110
10011110110011000100000011000110111001001100101011000010110110100100000011101000110100001110101011100110010000001110000011100100110010101110000011000010111001001100101011001000010110000100000011101000110100001100101001000000110001001110101011101000111010001100101011100100010000001101001011100110010000001110101011100110111010101100001011011000110110001111001001000000110110101100001011001000110010100100000011010010110111000100000010001000110010101110110011011110110111001110011011010000110100101110010011001010010110000100000001001100110001100101110
1011111010000100111010101110100011101000110010101110010011011010110100101101100011010110010111001011111
10010010110011000100000011011010110000101100100011001010010000001101111011001100010000001110011011101110110010101100101011101000010000001100011011100100110010101100001011011010010110000100000011010010111001100100000011000010010000001100100011001010110110001101001011000110110100101101111011101010111001100100000011000010110111001100100001000000110110101101111011100110111010000100000011101110110100001101111011011000110010101110011011011110110110101100101001000000110011001101111011011110110010000101110001000000101010001101000011011110111001101100101
1110111011010000110111100100000011000110110000101101110001000000111001001100101011011000110100101110011011010000010000001110011011011110111010101110010001000000110001001110101011101000111010001100101011100100110110101101001011011000110101100101100001000000110011001101001011011100110010000100000011010010111010000100000011100110111010001101001011011000110110000100000011011010110111101110010011001010010000001101100011010010110011101101000011101000011101100100000011000010110111001100100001000000110100101110100001000000110100101110011
11100100110010101100011011010110110111101101110011001010110010000100000011011010110111101110010011001010010000001100010011001010110111001100101011001100110100101100011011010010110000101101100001000000110100101101110001000000111001101101111011011010110010100100000011000110110000101110011011001010111001100101110
10111110101010001101111001000000110001101110101011100100110010100100000010011010110000101110111011100110110101101101001011011100111001100100000011001100110111101110010001000000101001001100101011011100110111001100101011101000010111001011111
100001101110101011101000010000001110100011010000110010100100000011000110110000101101100011001101110001010000000100110010111001100100000011100110111010001101111011011010110000101100011011010000010000001101111011100000110010101101110001011000010000001110010011101010110001000100000011010010111010000100000011101110110010101101100011011000010000001110111011010010111010001101000001000000111001101100001011011000111010000101100001000000110110001100101011101000010000001101001011101000010000001101000011000010110111001100111001000000111010001101111001000000110010001110010011000010110100101101110
11101000111011101101111001000000110010001100001011110010111001100101100001000000111010001101000011001010110111000100000011100110110000101101100011101000010000001101001011101000010000001110111011001010110110001101100001011000010000001100001011011100110010000100000011011000110010101110100001000000110100101110100001000000110110001101001011001010010000001101001011011100010000001110100011010000110000101110100001000000111000001101001011000110110101101101100011001010010000001100001001000000110110101101111011011100111010001101000001000000110111101110010
11011010110111101110010011001010011101100100000011101000110100001100101011011100010000001110100011000010110101101100101001000000110100101110100001000000110111101110101011101000010110000100000011001000111001001100001011010010110111000101100001000000110000101101110011001000010000001100110011011000110111101110101011100100010000001101001011101000010110000100000011100110111010001110010011001010111010001100011011010000010000001101001011101000010000001101111011101010111010000100000011101110110100101110100011010000010000001100001
11100110111010001101001011000110110101100101100001000000110000101101110011001000010000001101100011001010111010000100000011010010111010000100000011010000110000101101110011001110010000001110101011100000010000001110100011011110010000001100100011100100111100100101110
1000001001000000111000001101001011001010110001101100101001000000110111101100110001000000111010001101000011010010111001100100000011010010111001100100000011101000110111100100000011000100110010100100000011100110110111101100001011010110110010101100100001011000010000001100001011011100110010000100000011010110110010101110000011101000010000001110010011001010110000101100100011110010010000001110100011011110010000001110100011101010111001001101110001000000111010001101000011001010010000001101101011010010110110001101011001000000110100101101110
11000110110100001100101011001010111001101100101011011010110000101101011011010010110111001100111001000000111010001101001011011010110010100101110
1010011011011110110110101100101001000000110110001100001011011100110010001110011001000000110110101100001011010110110010100100000011000110110100001100101011001010111001101100101001000000110111101100110001000000110000100100000011000100110010101110100011101000110010101110010001000000111000101110101011000010110110001101001011101000111100100100000011101000110100001100001011011100010000001110100011010000110010100100000011000100111010101110100011101000110010101110010001000000111000001110010011011110110010001110101011000110110010101100100001000000110111101101110
111010001101000011001010110110100100000011010010111001100101110
101011101101000011001010110111000100000011101000110100001100101001000000111001101101111011010010110110000100000011010010111001100100000011100000110111101101111011100100010110000100000011101000110100001100101001000000110001101101000011001010110010101110011011001010010000001110111011010010110110001101100001000000111011101100001011011100111010000100000011001100110000101110100001110110010000001110100011011110010000001110010011001010110110101100101011001000111100100100000011101110110100001101001011000110110100000101100001000000110000101100110011101000110010101110010
1110000011100100110010101110011011100110110100101101110011001110010000001110100011010000110010100100000011101110110100001100101011110010010000001100110011100100110111101101101001000000111010001101000011001010010000001100011011101010111001001100100001011000010000001100011011100100111010101101101011000100110110001100101001000000110100101110100001000000111000101110101011010010111010001100101001000000111001101101101011000010110110001101100001011000010000001100001011011100110010000100000011101110110111101110010011010110010000001101001011011100111010001101111
1101001011101000010000001100001001000000111000001101111011101010110111001100100001000000110111101100110001000000110011001101001011011100110010100100000011001100111001001100101011100110110100000100000011000100111010101110100011101000110010101110010001110110010000001110100011010000110010101101110001000000111000001110010011001010111001101110011001011000010000000100110011000110010111000100000011000010111001100100000011101010111001101110101011000010110110000101110
10111110100001101110010011001010110000101101101001000000100001101101000011001010110010101110011011001010010111001011111
101000001110101011101000010000001100110011010010111011001100101001000000111000101110101011000010111001001110100011100110010000001101111011001100010000001110011011101000111001001101001011100000111000001101001011011100110011101110011001011000010000001110100011010000110000101110100001000000110100101110011001011000010000001110100011010000110010100100000011011000110000101110011011101000010000001101111011001100010000001110100011010000110010100100000011011010110100101101100011010110010110000100000011010010110111001110100011011110010000001100001
111000001100001011011100010110000100000011101110110100101110100011010000010000001110100011101110110111100100000011100110111000001101111011011110110111001100110011101010110110001110011001000000110111101100110001000000111001001100101011011100110111001100101011101000010111000100000010101110110100001100101011011100010000001110100011010000110010100100000011000110111010101110010011001000010000001101001011100110010000