000000111001001100101011001000010000001110111011000010111001001100101001011000010000001100010011110010010000001110111011010000110100101100011011010000010000001100001
111001101110100011100100110111101101110011001110010000001110000011011110110100101110011011011110110111000100000011010010111001100100000011100000111001001101111011001000111010101100011011001010110010000101110
10101100110100101101110011001010110011101100001011100100010000001100010011110010010000001101001011101000111001100100000011000010110001101101001011001000110100101110100011110010010000001100100011011110110010101110011001000000111010001101000011001010010000001110011011000010110110101100101001011000010000001110100011010000110010100100000011001110110110001100001011110100110100101101110011001110010000001100010011001010110100101101110011001110010000001101111011001100010000001101100011001010110000101100100001000000110111101110010
110000101110010011100110110010101101110011010010110001100101110
1001001011011100010000001101000011011110111010000100000011101110110010101100001011101000110100001100101011100100010110000100000011101110110100001100101011011100010000001101001011101000010000001101001011100110010000001100100011010010110011001100110011010010110001101110101011011000111010000100000011101000110111100100000011100000111001001100101011100110110010101110010011101100110010100100000011011010110100101101100011010110010000001100110011100100110111101101101001000000110001001100101011000110110111101101101011010010110111001100111
11100110110111101110101011100100010110000100000011000010110111001100100001000000111001101110000011011110110100101101100011010010110111001100111001000000111010001101000011001010010000001100011011100100110010101100001011011010010110000100000011010010111010000100000011011010110000101111001001000000110001001100101001000000110101101100101011100000111010000100000011100000110010101110010011001100110010101100011011101000110110001111001001000000111001101110111011001010110010101110100001000000110001001111001001000000111001101100011011000010110110001100100011010010110111001100111
1110100011010000110010100100000011011100110010101110111001000000110110101101001011011000110101100100000011101100110010101110010011110010010000001100111011001010110111001110100011011000111100100101100001000000111011101101001011101000110100001101111011101010111010000100000011000100110111101101001011011000110100101101110011001110010110000100000011000010110111001100100001000000111001101100101011101000111010001101001011011100110011100100000011010010111010000100000011000100111100100100000011010010110111000100000011101000110100001100101
110010101100001011100100111010001101000011001010110111000100000011001000110100101110011011010000010000001101111011100100010000001110000011000010110111000100000011101000110100001100001011101000010000001101001011101000010000001101001011100110010000001100100011011110110111001100101001000000110100101101110001011100010000001010100011010000110100101110011001000000110110101100101011101000110100001101111011001000010000001101001011100110010000001110000011101010111001001110011011101010110010101100100001000000110100101101110
100010001100101011101100110111101101110011100110110100001101001011100100110010100101100001000000110000101101110011001000010000001110100011010000110010100100000011011010110100101101100011010110010000001101001011100110010000001101110011011110111010000100000011100110110101101101001011011010110110101100101011001000010000001110101011011100110010001100101011100100010000001110100011101110110010101101110011101000111100100100000011001100110111101110101011100100010000001101000011011110111010101110010011100110010110000100000011000010110111001100100
1110111011011110111010101101100011001000010000001100101011100010111010101100001011011000110110001111001001000000110000101101110011100110111011101100101011100100010000001101001011011100010000001110011011011010110000101101100011011000010000001110001011101010110000101101110011101000110100101110100011010010110010101110011001000000110011001101111011100100010000001100011011011110110011001100110011001010110010100101100001000000111010001100101011000010010110000100000001001100110001100101110
1000011011100100110010101100001011011010010000001100001011011000111001001100101011000010110010001111001001000000111001101101011011010010110110101101101011001010110010000100000011011010110000101111001001000000110001001100101001000000110101101100101011100000111010000100000011101000111011101100101011011100111010001111001001000000110011001101111011101010111001000100000011010000110111101110101011100100111001100100000011010010110011000100000011100110110001101100001011011000110010001100101011001000010000001110111011010010111010001101000011011110111010101110100
111001101110101011001110110000101110010001011000010000001100001011011100110010000100000011000100111100100100000011000010110010001100100011010010110111001100111001000000111010001101111001000000110100101110100001000000110000101110011001000000110110101110101011000110110100000100000011100000110111101110111011001000110010101110010011001010110010000100000011011000111010101101101011100000010000001110011011101010110011101100001011100100010000001100001011100110010000001110011011010000110000101101100011011000010000001101101011000010110101101100101001000000110100101110100
11100000111001001100101011101000111010001111001001000000111001101110111011001010110010101110100001000000111011101101001011011000110110000100000011000100110010100100000011001110110111101101111011001000010000001110100011101110110111100100000011001000110000101111001011100110010110000100000011010110110010101100101011100000110100101101110011001110010000001101001011101000010000001101001011011100010000001100001001000000110001101101111011011110110110000100000011100000110110001100001011000110110010100101110001000000101001101111001011100100111010101110000001000000110111101100110
11000110111001001100101011000010110110100100000011011010110000101111001001000000110001001100101001000000111000001110010011001010111001101100101011100100111011001100101011001000010000001100001011100110010000001100001011000100110111101110110011001010010000001101001011011100010000001110100011010000110010100100000011100000111001001101111011100000110111101110010011101000110100101101111011011100010000001101111011001100010000001100001001000000111000001101111011101010110111001100100001000000110000101101110011001000010000001110001011101010110000101110010011101000110010101110010
11011110110011000100000011100110111010101100111011000010111001000100000011101000110111100100000011000010010000001110000011010010110111001110100001000000110111101100110001000000111000001100101011100100110011001100101011000110111010001101100011110010010000001100110011100100110010101110011011010000010000001100011011100100110010101100001011011010010110000100000011010110110010101100101011100000010000001101001011101000010000001101001011011100010000001100001001000000110001101101111011011110110110000100000011100000110110001100001011000110110010100100000011101000111011101101111
1101111011100100010000001110100011010000111001001100101011001010010000001101000011011110111010101110010011100110011101100100000011101000110100001100101011011100010000001110000011101010111010000100000011010010111010000100000011010010110111000100000011011110110111001100101001000000110111101110010001000000111010001110111011011110010000001101111011101010110111001100011011001010010000001110000011010000110100101100001011011000111001100101100001000000110000101101110011001000010000001100011011011110111001001101011001000000110100101110100
110001101101100011011110111001101100101001011100010000001001001011101000010000001110111011010010110110001101100001000000110101101100101011001010111000000100000011001110110111101101111011001000010000001110100011010000111010101110011001000000110011001101111011100100010000001110011011001010111011001100101011100100110000101101100001000000111011101100101011001010110101101110011001011000010000001100001011011100110010000100000011101110110100101101100011011000010000001100010011001010010000001100110011011110111010101101110011001000010000001110110011001010111001001111001
11101010111001101100101011001100111010101101100001000000110111101101110001000000111011001101111011110010110000101100111011001010111001100101110
1010100011011110010000001100011011011110110111101101100001000000110110001101001011100010111010101101111011100100111001100100000011010010110111000100000011010000110111101110100001000000111011101100101011000010111010001101000011001010111001000101100001000000110010001101001011100000010000001100001001000000110001101101100011011110111010001101000001000000110100101101110001000000110001101101111011011000110010000100000011101110110000101110100011001010111001000101100001000000110000101101110011001000010000001110111011100100110000101110000001000000110100101110100
11100100110111101110101011011100110010000100000011101000110100001100101001000000110001001101111011101000111010001101100011001010010000001110100011101110110111100100000011011110111001000100000011101000110100001110010011001010110010100100000011101000110100101101101011001010111001100101100001000000111010001101000011001010110111000100000011100000110110001100001011000110110010100100000011010010111010000100000011010010110111000100000011101000110100001100101001000000111001101110101011011100011101100100000011100100110010101101110011001010111011100100000011101000110100001100101
1110000011100100110111101100011011001010111001101110011001000000110111101101110011000110110010100100000011011110111001000100000011101000111011101101001011000110110010100101110
1010100011010000110010100100000011000100110010101110011011101000010000001110111011000010111100100100000011011110110011000100000011100110110001101100001011011000110010001101001011011100110011100100000011001100111001001110101011010010111010001110011001011000010000001101111011100100010000001100010011011110110100101101100011010010110111001100111001000000111011001101001011011100110010101100111011000010111001000101100001000000110100101110011001000000110100101101110001000000110000100100000011100110111010001101111011011100110010100100000011010100110000101110010
11011110110111000100000011000010010000001101000011011110111010000100000011010010111001001101111011