1101100110111101110101011100100010111000100000010001100110111101110101011100100111010001101000001000000111011101100001011110010010111001011111
1010111011010000110010101101110001000000111010001101000011001010010000001110111011001010110000101110100011010000110010101110010001000000111011101101001011011000110110000100000011100000110010101110010011011010110100101110100001011000010000001101000011000010110111001100111001000000111010001101000011001010010000001101000011000010110110100100000011101000110100001110010011001010110010100100000011001000110000101111001011100110011101000100000011011010110100101111000001000000110000101101110001000000110111101110101011011100110001101100101001000000110111101100110
11100110110000101101100011101000111000001100101011101000111001001100101001000000111011101101001011101000110100000100000011011110110111001100101001000000111000101110101011000010111001001110100011001010111001000100000011011110110011000100000011000010010000001110000011011110111010101101110011001000010000001101111011001100010000001100010011000010111100100100000011100110110000101101100011101000010110000100000011001000110100101110100011101000110111100100000011000110110111101101101011011010110111101101110001000000111001101100001011011000111010000101100
11001000110100101110100011101000110111100100000011011110110011000100000011000110110111101100001011100100111001101100101011100110111010000100000011100110111010101100111011000010111001000101100001000000110000101101110011001000010000001100001001000000111000101110101011000010111001001110100001000000110111101100110001000000111001101110100011100100110111101101110011001110010000001100010011001010110010101110010001110110010000001100010011011110110100101101100001000000111010001101000011001010110110100100000011101000110111101100111011001010111010001101000011001010111001000101100
110000101101110011001000010000001110000011011110111010101110010001000000110111101110110011001010111001000100000011010010110110101101101011001010110010001101001011000010111010001100101011011000111100100100000011011110110111000100000011101000110100001100101001000000110100001100001011011010011101100100000011101000111010101110010011011100010000001101001011101000010000001110100011101110110100101100011011001010010000001100001001000000110010001100001011110010010000001101001011011100010000001110100011010000110010100100000011100000110100101100011011010110110110001100101
1100110011011110111001000100000011101000110100001110010011001010110010100100000011101110110010101100101011010110111001100101110001000000100000101101110001000000110111101110101011011100110001101100101001000000110111101100110001000000110001001101100011000010110001101101011001000000111000001100101011100000111000001100101011100100010110000100000011001000110100101110100011101000110111100100000011011110110011000100000011100000110100101101101011001010110111001110100011011110010110000100000011010010110111000100000011001100110100101101110011001010111001101110100
111000001101111011101110110010001100101011100100010110000100000011000010110010001100100011001010110010000100000011101000110111100100000011101000110100001100101001000000110000101100010011011110111011001100101001011000010000001110111011010010110110001101100001000000110011101101001011101100110010100100000011100110111010001101001011011000110110000100000011011010110111101110010011001010010000001100110011011000110000101110110011011110111010101110010001011100010000001000011011011110111011001100101011100100010000001110111011010010111010001101000
11000100111001001100001011011100010000001110111011010000110010101101110001000000111011101101001011100000110010101100100001011000010000001100001011011100110010000100000011100110110110101101111011010110110010100100000011001100111001001101111011011010010000001110100011010000111001001100101011001010010000001110100011011110010000001100110011011110111010101110010001000000111011101100101011001010110101101110011001011000010000001100001011100110010000001111001011011110111010100100000011000010111000001110000011100100110111101110110011001010011101100100000011101000110100001100101
11011000110000101110100011101000110010101110010001000000111011101101001011011000110110000100000011011010110000101101011011001010010000001101001011101000010000001101000011000010111001001100100011001010111001000101100001000000110000101101110011001000010000001101101011011110111001001100101001000000110111101100110001000000111010001101000011001010010000001100110011011000110000101110110011011110111010101110010001000000110111101100110001000000101011101100101011100110111000001101000011000010110110001101001011000010010111000100000010100110110010101110111
11010000110000101101101011100110010000001101001011011100010000001101000011001010111001101110011011010010110111001100111011100110010110000100000011010010010111001100101001011100010000001100011011011110110000101110010011100110110010100100000011101110111001001100001011100000111000001100101011100100010110000100000011010010110011000100000011101000110111100100000011000100110010100100000011100110110110101101111011010110110010101100100001000000111011101101000011001010111001001100101001000000111010001101000011001010111001001100101001000000110100101110011
11100110111010001110010011011110110111001100111001000000110011001101001011100100110010100101110
101111101000001001000000110110101100101011101000110100001101111011001000010000001101111011001100010000001100111011010010111011001101001011011100110011100100000011000010010000001110011011101000110100101101100011011000010000001101000011010010110011101101000011001010111001000100000011001100110110001100001011101100110111101110101011100100010111001011111
1010011011100000111001001101001011011100110101101101100011001010010000001110100011010000110010100100000011010000110000101101101001000000111011101101001011101000110100000100000011100110110000101101100011101000010000001100001011001100111010001100101011100100010000001101001011101000010000001101000011000010111001100100000011010000111010101101110011001110010000001110100011101110110111100100000011011110111001000100000011101000110100001110010011001010110010100100000011001000110000101111001011100110011101000100000011011000110010101110100
11001000111001001100001011010010110111000111011001000000110110101100001011010110110010100100000011000010010000001110000011010010110001101101011011011000110010100100000011011110110011000100000011000010010000001110001011101010110000101110010011101000010000001101111011001100010000001110011011101000111001001101111011011100110011100100000011000100110010101100101011100100010110000100000011010000110000101101100011001100010000001100001001000000111000001101111011101010110111001100100001000000110111101100110001000000111010001110010011001010110000101100011011011000110010100101100
110000101101110001000000110111101110101011011100110001101100101001000000110111101100110001000000110001101101111011100100110100101100001011011100110010001100101011100100010000001110011011001010110010101100100011100110010110000100000011101000111011101101111001000000110111101110101011011100110001101100101011100110010000001101111011001100010000001101010011101010110111001101001011100000110010101110010001000000110001001100101011100100111001001101001011001010111001100101100001000000110000101101110001000000110111101110101011011100110001101100101001000000110111101100110
11100000110010101110000011100000110010101110010001011000010000001100100011010010111010001110100011011110010000001110000011010010110110101100101011011100111010001101111001011000010000001100001011011100010000001101111011101010110111001100011011001010010000001101111011001100010000001110011011000010110110001110100011100000110010101110100011100100110010100101100001000000110100001100001011011000110011000100000011000010110111000100000011011110111010101101110011000110110010100100000011011110110011000100000011100110110000101101100
1110000011100100111010101101110011001010110110000101100001000000110000100100000011010000110000101101110011001000110011001110101011011000010000001101111011001100010000001100011011011110110110101101101011011110110111000100000011100110110000101101100011101000010110000100000011000010110111001100100001000000110000100100000011010000110010101100001011001000010000001101111011001100010000001110011011010000110000101101100011011110111010000101100001000000110000101101100011011000010000001110000011011110111010101101110011001000110010101100100001000000110111101110010
11000110111010101110100001000000110011001101001011011100110010100101110001000000100001001101111011010010110110000100000011101000110100001100101011100110110010100100000011101000110111101100111011001010111010001101000011001010111001000100000011000010010000001100110011001010111011100100000011011010110100101101110011101010111010001100101011100110010110000100000011000010110111001100100001000000111000001101111011101010111001000100000011011110111011001100101011100100010000001110100011010000110010100100000011010000110000101101101001110100010000001110100011010000110100101110011
1110001011101010110000101101110011101000110100101110100011110010010000001100110011011110111001000100000011011110110111001100101001000000110111101100110001000000111010001100101011011100010000001110000011011110111010101101110011001000111001100101110001000000101001001110101011000100010000001100001011011100110010000100000011101000111010101110010011011100010000001101001011101000010000001100101011101100110010101110010011110010010000001100100011000010111100100101100001000000110011001101111011100100010000001100001
11001100110111101110010011101000110111001101001011001110110100001110100001110110010000001110100011010000110010101101110001000000111001101100101011101110010000001101001011101000010000001110101011100000010000001101001011011100010000001100001001000000111010001101000011010010110111000100000011011000110100101101110011001010110111000100000011000100110000101100111001011000010000001100001011011100110010000100000011100110110110101101111011010110110010100100000011010010111010000100000011101000110100001110010011001010110010100100000011101110110010101100101011010110111001100101110
100111101100010011100110110010101110010011101100110010100100000011101000110111100100000011001000111001001100001011010010110111000100000011010010111010000100000011001100111001001