10101101110001011000010000001110011011101000110100101110010001000000110100101101110
1110100011101110110111100100000011001010110011101100111011100110010000001100010011001010110000101110100011001010110111000111011001000000110000101101110011001000010000001100001001000000111001101110000011011110110111101101110011001100111010101101100001000000110111101100110001000000111001101101000011100100110010101100100001000000111001101110101011001010111010000101110
1011111010000010110111000100000011001010111100001100011011001010110110001101100011001010110111001110100001000000111000001101100011000010110100101101110001000000101000001101111011101000110000101110100011011110110010100100000010100000111010101100100011001000110100101101110011001110010111001011111
10101000110000101101011011001010010000001100101011010010110011101101000011101000010000001101111011101010110111001100011011001010111001100100000011011110110011000100000011000100110111101101001011011000110010101100100001000000111000001101111011101000110000101110100011011110110010101110011001011000010000001110100011101110110111100100000011011110111010101101110011000110110010101110011001000000110111101100110001000000110001001110101011101000111010001100101011100100010110000100000011101000110100001100101001000000111100101100101011011000110101101110011
11000010110111001100100001000000111011101101000011010010111010001100101011100110010000001101111011001100010000001110100011101110110111100100000011001010110011101100111011100110010110000100000011000010010000001110001011101010110000101110010011101000110010101110010001000000110111101100110001000000110000100100000011100000110100101101110011101000010000001101111011001100010000001100011011100100110010101100001011011010010110000100000011011110110111001100101001000000111001101110000011011110110111101101110011001100111010101101100001000000110111101100110
11101110110100001101001011101000110010100100000011101110110100101101110011001010010110000100000011000010010000001101101011011110111001001110011011001010110110000100000011011110110011000100000011100110110000101101100011101000010110000100000011101000110100001100101001000000110101001110101011010010110001101100101001000000110000101101110011001000010000001110010011010010110111001100100001000000110111101100110001000000110000100100000011011000110010101101101011011110110111000101110001000000100001001100101011000010111010000100000011000010110110001101100001000000111010001101111
11000010010000001100110011100100110111101110100011010000011101000100000011100110111010101100111011000010111001000100000011101000110111100100000011101000110000101110011011101000110010100101110001000000100000100100000011000110111001001110101011100110111010000100000011011110111001000100000011011100110111101110100001011000010000001100001011100110010000001111001011011110111010100100000011011000110100101101011011001010010111000100000010000100110000101101011011001010010000001101001011101000010111000100000010010010110011000100000011101110110000101101110011101000110010101100100
111001001101001011000110110100001100101011100100010110000100000011100000111010101110100001000000111010001101000011100100110010101100101001000000110111101110101011011100110001101100101011100110010000001101101011011110111001001100101001000000110001001110101011101000111010001100101011100100010110000100000011100110111011101100101011000010111010001101101011001010110000101110100011100110010000001100001011011100110010000100000011000010110110001101101011011110110111001100100011100110010110000100000011000010110111001100100
11000010110111001101111011101000110100001100101011100100010000001100101011001110110011100101110
101111101000011011000010111001001110010011011110111010000100000010100000111010101100100011001000110100101101110011001110010111001011111
1000010011001010110000101110100001000000110000100100000011011000110000101110010011001110110010100100000011000110110000101110010011100100110111101110100001000000111010001100101011011100110010001100101011100100011101000100000011000100111001001110101011010010111001101100101001000000110100101110100001000000111011101100101011011000110110000101100001000000110000101101110011001000010000001101101011010010111100000100000011101110110100101110100011010000010000001101001011101000010000001100001
1110100011000010110001001101100011001010111001101110000011011110110111101101110011001100111010101101100001000000110111101100110001000000110001001101001011100110110001101110101011010010111010000100000011000100110010101100001011101000110010101101110001000000111010001101111001000000111000001101111011101110110010001100101011100100010000001101111011100100010000001100110011011110111010101110010001000000100111001100001011100000110110001100101011100110010000001100010011010010111001101100011011101010110100101110100001011000010000001100110011011110111010101110010
111100101100101011011000110101101110011001000000110000101101110011001000010000001110100011101110110111100100000011101110110100001101001011101000110010101110011001000000110111101100110001000000110010101100111011001110111001100101100001000000110000100100000011100000110100101101110011101000010000001101111011001100010000001110011011000110110000101101100011001000110010101100100001000000110001101110010011001010110000101101101001011000010000001110011011011110110110101100101001000000111001001101111011100110110010100101100001000000110111101110010
11011110111001001100001011011100110011101100101001000000110011001101100011011110111011101100101011100100010000001110111011000010111010001100101011100100010110000100000011000010010000001101100011010010111010001110100011011000110010100100000011100100110000101110100011000010110011001101001011000010010110000100000011011100111010101110100011011010110010101100111001011000010000001100001011011100110010000100000011100110111010101100111011000010111001000101110001000000100100101100110001000000111100101101111011101010010000001101000011000010111011001100101001000000110111001101111
111001101100011011000010110110001100100011001010110010000100000011000110111001001100101011000010110110100101100001000000111001001100001011101110010000001110111011010010110110001101100001000000110010001101111001011000010000001101001011001100010000001110110011001010111001001111001001000000111010001101000011010010110001101101011001011100010000001010000011101010111010000100000011000010010000001101100011010010111010001110100011011000110010100100000011100100110100101101101001000000110111101100110001000000111000001100001011100110111010001100101
11100100110111101110101011011100110010000100000011101000110100001100101001000000110010001101001011100110110100000101100001000000110000101101110011001000010000001100010011000010110101101100101001000000110100101110100001011100010000001010000011101010111010000100000011011110111001001100001011011100110011101100101001011000010000001101100011001010110110101101111011011100010000001101111011100100010000001100011011010010111010001110010011011110110111000101100001000000110001101110101011101000010000001101001011011100010000001100111011011110110111101100100
111001101101001011110100110010101100100001000000110001001101001011101000111001100101110
1011111010000010110111000100000011001010111100001100011011001010110110001101100011001010110111001110100001000000100000101110000011100100110100101100011011011110111010000100000010100000111010101100100011001000110100101101110011001110010111001011111
100100001100001011011000111011001100101001000000111010001110111011001010110110001110110011001010010000001101100011000010111001001100111011001010010000001100001011100000111001001101001011000110110111101110100011100110011101000100000011001110110100101110110011001010010000001110100011010000110010101101101001000000110000100100000011100110110001101100001011011000110010000100000011101000110100101101100011011000010000001110100011010000110010101111001001000000110000101110010011001010010000001110011011011110110011001110100001011100010000001001101011001010110000101101110
11101000110100101101101011001010010000001110000011011110111010101110010001000000110111101101110001000000111010001101000011001010010000001100111011100100110000101110100011001010110010000100000011000110111001001110101011011010110001001110011001000000110111101100110001000000110000100100000011100000110010101101110011011100111100100100000011011000110111101100001011001100010110000100000011000010010000001110000011010010110111001110100001000000110111101100110001000000110001001101111011010010110110001101001011011100110011100100000011000110111001001100101011000010110110100111011
11101110110100001100101011011100010000001101000011000010110110001100110001000000110001101101111011011000110010000101100001000000110011001101111011101010111001000100000011011110111010101101110011000110110010101110011001000000110111101100110001000000111001101110101011001110110000101110010001011000010000001110100011010000110010100100000011110010110010101101100011010110111001100100000011011110110011000100000011001100110111101110101011100100010000001100010011001010110000101110100011001010110111000100000011001010110011101100111011100110010110000100000011000010110111001100100
110000100100000011001110110110001100001011100110111001100100000011011110110011000100000011101110110100001101001011101000110010100100000011101110110100101101110011001010010111000100000010100000110111101110101011011100110010000100000011101000110100001100101001000000110000101110000011100100110100101100011011011110111010001110011001000000110100101101110001000000110000100100000011011010110111101110010011101000110000101110010001011000010000001110111011010010111010001101000001000000111001101101111011011010110010100100000011011110111001000100000011000010110110001101100
11011110110011000100000011101000110100001100101001000000110101101100101011100100110111001100101011011000111001100111011001000000110110101101001011110000010000001110100011010000110010101101110001000000111010001101000011001010010000001100110011100100111010101101001011101000010000001100001011011100110010000100000011011110111010001101000011001010111001000100000011010010110111001100111011100100110010101100100011010010110010101101110011101000111001100100000011101000110111101100111011001010111010001101000011001010111001000111010001000000111000001110101011101000010000001100001
11100000110000101110