11001100110011001100101011100100110010101101110011101000010000001110110011001010110011101100101011101000110000101100010011011000110010101110011001011000010000001110111011010010110110001101100001000000110000101100110011001100110111101110010011001000010000001100010011001010111010001110100011001010111001000100000011011100110111101110101011100100110100101110011011010000110110101100101011011100111010000100000011101000110100001100001011011100010000001110100011010000110010100100000011011000110000101100010011011110111001001101001011011110111010101110011
11100000110111101101111011100100010000001100011011000010110111000100000011011110110001001110100011000010110100101101110001110110010000001100101011100110111000001100101011000110110100101100001011011000110110001111001001000000110000101110011001000000111010001101000011001010111100100100000011000010111001001100101001000000111001001100001011100100110010101101100011110010010000001110100011011110110110001100101011100100110000101100010011011000110010100100000011000110110111101101111011010110111001100101100001000000110000101101110011001000010000001101000011000010111011001100101
11011100110111101110100001000000110011001110101011001010110110000100000011101000110111100100000011001000110111100100000011010100111010101110011011101000110100101100011011001010010000001110100011011110010000001110111011010000110000101110100001000000111010001101000011001010111100100100000011000100111010101111001001011100010000001000010011101010111010000100000011010010110111000100000011001010111011001100101011100100111100100100000011001100110000101101101011010010110110001111001001000000111010001101000011001010111001001100101001000000110100101110011
1110011011011110110110101100101001000000111001101110101011100000110010101110010011001100110110001110101011010010111010001111001001110110010000001100001011011100110010000100000011010010110011000100000011010010111010000100000011000100110010100100000011100000111001001100101011100000110000101110010011001010110010000100000011101110110100101110100011010000010000001100011011011000110010101100001011011100110110001101001011011100110010101110011011100110010000001100001011011100110010000100000011000110110000101110010011001010010110000100000011101000110100001100101
11000100110010101101110011001010110011001101001011101000010000001110111011010010110110001101100001000000110001001100101001000000111011001100101011100100111100100100000011001110111001001100101011000010111010000100000011101000110111100100000011101000110100001100101001000000111001001100101011000110110010101101001011101100110010101110010001011000010000001100001011011100110010000100000011101000110100001100101001000000111001101100001011101000110100101110011011001100110000101100011011101000110100101101111011011100010000001101110011011110010000001101100011001010111001101110011
1110100011011110010000001110100011010000110010100100000011001110110100101110110011001010111001000101110
100100100100000011001100110111101110101011011100110010000101100001000000110100101101110001000000111010001101000011001010010000001110100011010010110110101100101001000000110111101100110001000000111001101100011011000010111001001100011011010010111010001111001001011000010000001110100011001010110111000100000011011110111001000100000011001100110100101100110011101000110010101100101011011100010000001100111011000010110110001101100011011110110111001110011001000000110111101100110001000000111001101101111011101010111000000101100001000000110001101101111011101010110110001100100
1100010011001010010000001100100011001010110000101101100011101000010000001101111011101010111010000100000011101110110010101100101011010110110110001111001001011000010000001100001011101000010000001100001011011100010000001100101011110000111000001100101011011100111001101100101001000000110111001101111011101000010000001110111011011110111001001110100011010000010000001101101011001010110111001110100011010010110111101101110011010010110111001100111001011000010000001110100011010000110111101110101011001110110100000100000011101000110100001100101
111011001100101011001110110010101110100011000010110001001101100011001010111001100100000011101110110010101110010011001010010000001100010011011110111010101100111011010000111010000101110001000000100100101100110001000000110100101101110001000000111010001101000011001010010000001110110011010010110110001101100011000010110011101100101011100110010000001100001011000100110111101110101011101000010000001001100011011110110111001100100011011110110111000101100001000000110000101100010011011110111010101101110011001000110100101101110011001110010000001110111011010010111010001101000
110111101110000011101010110110001100101011011100111010000100000011001100110000101101101011010010110110001101001011001010111001100101100001000000111010001101000011001010010000001110001011101010110000101101110011101000110100101110100011110010010000001101111011001100010000001110100011001010110111000100000011001110110000101101100011011000110111101101110011100110010000001110111011001010111001001100101001000000110110101100001011001000110010100100000011010010110111000100000011101000110010101101110
1100111011001010110111001110100011011000110010101101101011001010110111011100010100000001001100101110011001000000110100001101111011101010111001101100101011100110010110000100000011101000110100001100101011100100110010100100000011101110110111101110101011011000110010000100000011000100110010100100000011000010010000001101000011101010110111001100100011100100110010101100100001000000110011101100001011011000110110001101111011011100111001100100000011011110110011000100000011101110110100001101111011011000110010101110011011011110110110101100101
11000010110011101110010011001010110010101100001011000100110110001100101001000000110011001101111011011110110010000100000011001110110100101110110011001010110111000100000011101110110010101100101011010110110110001111001001000000110011001101111011100100010000001110100011010000110010100100000011100110111010101110000011100000110110001111001001000000110111101100110001000000110011001101111011100100111010001111001001000000111000001101111011011110111001000100000011001100110000101101101011010010110110001101001011001010111001100101100001000000110000101110100
1110100011010000110010100100000011100100110000101110100011001010010000001101111011001100010000001110100011101110110111100100000011001110110000101101100011011000110111101101110011100110010000001100001011011100110010000100000011000010010000001101000011000010110110001100110001000000110010101100001011000110110100000101110
101011101101000011000010111010000100000011000010010000001110010011001010110110001101001011001010110011000100000011101000110111100100000011101000110100001100101001000000110110001100001011000100110111101110101011100100110100101101110011001110010000001101000011101010111001101100010011000010110111001100100001011000010000001101001011011100111001101110100011001010110000101100100001000000110111101100110001000000110001001110010011001010110000101100100001000000110000101101110011001000010000001100011011010000110010101100101011100110110010100101100001000000111010001101111
11010000110000101110110011001010010000001100001001000000111011101100001011100100110110100100000011000110110111101101101011001100110111101110010011101000110000101100010011011000110010100100000011011010110010101100001011011000010000100100000010101000110111100100000011101000110100001100101001000000111001101101001011000110110101100101100001000000110000101100111011001010110010000101100001000000110000101101110011001000010000001101001011011100110011001100001011011100111010000100000011000100111001001100001011011100110001101101000011001010111001100101100
11010000110111101110111001000000110100101101101011100000110111101110010011101000110000101101110011101000010000001100001011011100010000001100001011001000111011001100001011011100111010001100001011001110110010100101110
1001001011101000010000001110110011001010111001001111001001000000111001001100001011100100110010101101100011110010010000001101000011000010111000001110000011001010110111001110011001011000010000001110100011010000110000101110100001000000111001101100101011100100111011001100001011011100111010001110011001000000110111101100010011010100110010101100011011101000010000001110100011011110010000001110011011001010110001101101111011011100110010001101001011011100110011100100000011101000110100001100101001000000110101101101001011011100110010001101110011001010111001101110011
110111101100110001000000111010001101000011001010110100101110010001000000111001101110101011100000110010101110010011010010110111101110010011100110010000001110100011011110010000001110100011010000110010100100000011100000110111101101111011100100011101100100000011000100111010101110100001000000111001101101000011011110111010101101100011001000010000001110100011010000110010100100000011000110110111101101111011010110010000001101001011011100010000001100001011011100111100100100000011001100110000101101101011010010110110001111001001000000111010001101000011010010110111001101011
111010001101000011001010010000001100001011001000110111101110000011101000110100101101111011011100010000001101111011001100010000001110100011010000110100101110011001000000111000001101100011000010110111000100000011101000110111101101111001000000111010001110010011011110111010101100010011011000110010101110011011011110110110101100101001011000010000001100001001000000110011101110010011000010111010001110101011010010111010001111001001000000110000101110100001000000111010001101000011001010010000001100101011011100110010000100000011011110110011000100000011101000110100001100101
11101110110100101101110011101000110010101110010001000000110110101101001011001110110100001110100001000000111001001100101011100000110000101111001001000000110100001100101011100100010110000100000011010010110011000100000011101000110100001100101001000000110110001101111011101100110010100100000011011110110011000100000011010000110010101110010001000000110011001100101011011000110110001101111011101110010000001100011011100100110010101100001011101000111010101110010011001010111001100100000011001100110000101101001011011000110010101100100001000000110111101100110
1100100011011110110100101101110011001110010000001101001011101000010110000100000011000010010000001101000011101010110111001100100011100100110010101100100001000000