1100110110100000101110
101111101010011011011110111010101110000011100110010000001110101011011100110010001100101011100100010000001110100011010000110010100100000011000010111001001110100011010010110001101101100011001010111001100100000011011110110011000100000011101000110100001100101011010010111001000100000011100100110010101110011011100000110010101100011011101000110100101110110011001010010000001001101011001010110000101110100011100110010111001011111
1001111011110000110001101101000011001010110010101101011001000000101001101101111011101010111000000101110001000000100100001100101011100110111001101101001011000010110111000100000010100110110111101110101011100000010111000100000010011010110111101100011011010110010000001110100011101010111001001110100011011000110010100101100001000000111000001100001011001110110010100100000001101000011100100100000011101000110111100100000001101010011001000101110
10111110100111101111000001000000111001001110101011011010111000000100000010100110110111101110101011100000010111001011111
101010001110111011011110010000001101111011100100010000001110100011010000111001001100101011001010010000001110010011101010110110101110000011100110010000001101111011001100010000001100010011001010110010101100110001011000010000001110111011010010110110001101100001000000110110101100001011010110110010100100000011010010111010000100000011100110111010001110010011011110110111001100111011001010111001000100000011101000110100001100001011011100010000001100001001000000110110101110101011000110110100000100000011011000110000101110010011001110110010101110010
11100000111001001101111011100000110111101110010011101000110100101101111011011100010000001101111011001100010000001101101011001010110000101110100001000000111011101101001011101000110100001101111011101010111010000111011001000000110000101101110011001000010000001100110011011110111001001101101001000000110000100100000011101100110010101110010011110010010000001101110011011110111010101110010011010010111001101101000011010010110111001100111001000000111001101101111011101010111000000101110
1001101011000010110101101100101001000000110100101110100001000000110110001101001011010110110010100100000011001110111001001100001011101100111100100100000011100110110111101110101011100000010110000100000011000010110111001100100001000000110011101101001011101100110010100100000011010010111010000100000011101110110100001100001011101000010000001100110011011000110000101110110011011110111010101110010001000000110111101110010001000000111010001101000011010010110001101101011011001010110111001101001011011100110011100100000011110010110111101110101
110110001101001011010110110010100101110
1011111010100110110111101110101011100000010000001000001001011010110110001100001001011010111001101100001011100000010111001011111
10000100110111101101001011011000010000001101000011000010110110001100110001000000110000100100000011100000110111101110101011011100110010000100000011011110110011000100000011001110111001001100001011101000110010101100100001000000111000001101111011101000110000101110100011011110110010101110011001011000010000001101111011011100110010100100000011100000110111101110101011011100110010000100000011011110110011000100000011000100110010101100101011001100010000001110011011011000110100101100011011001010110010000100000011101000110100001101001011011100010110000100000011011110110111001100101
111000001101001011011100111010000100000011011110110011000100000011001110111001001100101011110010010000001110000011001010110000101110011001011000010000001101111011011100110010100100000011011110110111001101001011011110110111000101100001000000110000101101110011001000010000001110100011010000111001001100101011001010010000001101111011101010110111001100011011001010111001100100000011011110110011000100000011100100110100101100011011001010010110000100000011010010110111000100000011100110110100101111000001000000111000001101001011011100111010001110011001000000110111101100110
1110111011000010111010001100101011100100010000001110100011011110010000001100110011010010111011001100101001110110010000001110011011101000111001001100001011010010110111000100000011010010111010000100000011101000110100001110010011011110111010101100111011010000010000001100001001000000110001101101111011011000110000101101110011001000110010101110010001011000010000001110100011010000110010101101110001000000111000001110101011011000111000000100000011101000110100001100101001000000111000001100101011000010111001100100000011101000110111100100000011010010111010000101100
11000010110111001100100001000000111010001110101011100100110111000100000011010010111010000100000011010010110111001110100011011110010000001100001001000000111001101100001011101010110001101100101011100000110000101101110001000000110000101100111011000010110100101101110001011000010000001110111011010010111010001101000001000000111010001110111011011110010000001101000011001010110000101100100011100110010000001101111011001100010000001100011011001010110110001100101011100100111100100100000011100110110110001101001011000110110010101100100001110100010000001110011011101000110010101110111
1101001011101000010000001110100011001010110111001100100011001010111001000101100001000000110000101100100011001000110100101101110011001110010000001110000011001010111000001110000011001010111001000100000011000010110111001100100001000000111001101100001011011000111010000111011001000000110000101101110011001000010000001110111011010000110010101101110001000000111100101101111011101010010000001110011011001010111001001110110011001010010110000100000011001100111001001101001011001010110010000100000011000100111001001100101011000010110010000101110
1011111010000110111001001100001011101110110011001101001011100110110100000100000011011110111001000100000010100000111001001100001011101110110111000100000010100110110111101110101011100000010111001011111
10000100110111101101001011011000010000001110011011010010111100000100000011101110110100001101001011101000110100101101110011001110111001100101100001000000110000101101110011001000010000001100001001000000110110001100001011100100110011101100101001000000110010101100101011011000011101100100000011011110111001000100000011101000110100001100101001000000110110001100001011101000111010001100101011100100010110000100000011000010110111001100100001000000110100001100001011011000110011000100000011000010010000001110100011010000110111101110010011011100110001001100001011000110110101100101100
1100010011001010110100101101110011001110010000001110111011001010110110001101100001000000110001101101100011001010110000101101110011001010110010000101100001000000111011101101001011101000110100000100000011000010111001100100000011011010111010101100011011010000010000001110111011000010111010001100101011100100010000001100001011100110010000001110111011010010110110001101100001000000110001101101111011101100110010101110010001000000111010001101000011001010110110100101110001000000101001101101011011010010110110100100000011000110110110001100101011000010110111000101100
11000010110111001100100001000000111000001110101011101000010000001101001011011100010000001110111011010000110111101101100011001010010000001110000011001010111000001110000011001010111001000101100001000000110110101100001011000110110010100101100001000000110011101101001011011100110011101100101011100100010110000100000011100000110000101110010011100110110110001100101011110010010110000100000011000010110111000100000011011110110111001101001011011110110111000101100001000000110000100100000011011000110100101110100011101000110110001100101
11101000110100001111001011011010110010100101100001000000110000101101110011001000010000001110100011010000111001001100101011001010010000001100011011011000110111101110110011001010111001100101110001000000100001001101111011010010110110000100000011101000110111100100000011000010010000001101101011000010111001101101000001011100010000001010000011010010110001101101011001000000110011001101001011001100111010001111001001000000110001101110010011000010111011101100110011010010111001101101000001011000010000001101111011100100010000001100001
11010000111010101101110011001000111001001100101011001000010000001110000011100100110000101110111011011100111001100101100001000000111000001101111011101010110111001100100001000000111010001101000011001010010000001110011011010000110010101101100011011000111001100101100001000000110000101101110011001000010000001100001001000000110110001101001011101000111010001101100011001010010000001110010011011110110110001101100001011000010000001100001011001100111010001100101011100100010000001101000011000010111011001101001011011100110011100100000011000100110111101101001011011000110010101100100
11101000110100001100101011011010010000001110111011010010111010001101000001000000110000100100000011011000110100101110100011101000110110001100101001000000111011101100001011101000110010101110010001011000010000001110110011010010110111001100101011001110110000101110010001011000010000001110011011000010110110001110100001000000110000101101110011001000010000001101000011001010111001001100010011100110010111000100000010100000110111101110101011100100010000001110100011010000110100101110011001000000110110001101001011100010111010101101111011100100010000001101111011101100110010101110010
11101000110100001100101001000000111001101101000011001010110110001101100011100110010000001101001011011100010000001100001001000000111001101101001011001010111011001100101001011000010000001110100011010000110010101101110001000000111000001101111011101010111001000100000011101000110100001100101001000000110111101110100011010000110010101110010001000000111001101101111011101010111000000101100001000000110001101101100011001010110000101110010001000000110011001110010011011110110110100100000011101000110100001100101
11100110110010101100100011010010110110101100101011011100111010000111011001000000110001101101000011011110111000000100000011000010010000001101100011011110110001001110011011101000110010101110010001011000010000001100001011011100110010000100000011000010110010001100100001000000111010001101111001000000110100101110100001011000010000001110111011010010111010001101000001000000110000100100000011100010111010101100001011100100111010000100000011011110110011000100000011001110110111101101111011001000010000001100010011001010110010101100110
11001110111001001100001011101100111100100101110001000000100000101100100011001000010000001110100011010000110010100