000001100011011011110110110001101111011101010111001000100000011011110110011000100000011011000110000101110110011001010110111001100100011001010111001000100000011001000111001001101111011100000111001100101110001000000100110001100101011101000010000001101001011101000010000001110011011101000110000101101110011001000010000001110011011010010111100000100000011101110110010101100101011010110111001100101100
11101000110100001100101011011100010000001110011011101000111001001100001011010010110111000100000011011110110011001100110001000000111000101110101011010010111010001100101001000000110001101101100011001010110000101110010001011000010000001100001011011100110010000100000011010110110010101100101011100000010000001101001011011100010000001110011011011010110000101101100011011000010000001100010011011110111010001110100011011000110010101110011001011000010000001110011011001010110000101101100011001010110010000100000011101010111000000101110
10111110100110001100101011011010110111101101110001000000101000001101001011000110110101101101100011001010010111001011111
1010111011010010111000001100101001000000111001101101001011110000010000001101100011001010110110101101111011011100111001100111010001000000110001101110101011101000010000001100101011000010110001101101000001000000110100101101110011101000110111100100000011001010110100101100111011010000111010000100000011100000110100101100101011000110110010101110011001110100010000001110000011101010111010000100000011011110110111000100000011101000110100001100101011011010010000001100001001000000111000001101111011101010110111001100100001000000110111101100110
111001101100001011011000111010000101100001000000111001101101001011110000010000001101100011000010111001001100111011001010010000001100011011011000110111101110110011001010111001100100000011011110110011000100000011001110110000101110010011011000110100101100011011010110010110000100000011101000111011101101111001000000110111101110101011011100110001101100101011100110010000001101111011001100010000001101000011011110111001001110011011001010111001001100001011001000110100101110011011010000010110000100000011100110110110001101001011000110110010101100100
111010001101000011010010110111000111011001000000110110001101001011010110110010101110111011010010111001101100101001000000110111101100110001000000110001101101100011011110111011001100101011100110010110000100000011011010110000101100011011001010010110000100000011011100111010101110100011011010110010101100111001011000010000001100001011011100110010000100000010000110110000101111001011001010110111001101110011001010010110000100000011000010010000001110001011101010110000101110010011101000110010101110010001000000110111101100110001000000110000101101110
110111101110101011011100110001101100101001000000110010101100001011000110110100000101100001000000110000101101110011001000010000001110100011101110110111100100000011011110111010101101110011000110110010101110011001000000110111101100110001000000110011001101100011011110111010101110010001000000110111101100110001000000110110101110101011100110111010001100001011100100110010000111011001000000111010001101111001000000111010001101000011001010111001101100101001000000111000001110101011101000010000001110100011101110110111100100000011100010111010101100001011100100111010001110011
1101111011001100010000001110110011010010110111001100101011001110110000101110010001110100010000001100010011011110110100101101100001000000110000100100000011100010111010101100001011100100111010001100101011100100010000001101111011001100010000001100001011011100010000001101000011011110111010101110010001000000110100101101110001000000110000100100000011101110110010101101100011011000010000001110100011010010110111001101110011001010110010000100000011100110110000101110101011000110110010101110000011000010110111000101100001000000110111101110010
11101110110100001101001011000110110100000100000011010010111001100100000011000100110010101110100011101000110010101110010001011000010000001100100011011110010000001101001011101000010000001101001011011100010000001100001001000000111001101110100011100100110111101101110011001110010000001101010011000010111001000101100001000000110100101101110001000000110000100100000011010110110010101110100011101000110110001100101001000000110111101100110001000000110001001101111011010010110110001101001011011100110011100100000011101110110000101110100011001010111001000101100001000000110111101110010
111001101100101011101000010000001110100011010000110010100100000011010100110000101110010001000000110111101101110001000000111010001101000011001010010000001101000011011110111010000100000011010000110010101100001011100100111010001101000001000000111010001101001011011000110110000100000011001000110111101101110011001010010111000100000010100110110010101110100001000000111010001101000011001010010000001101010011000010111001000100000011000100111100100101100001000000110000101101110011001000010000001110011011101000110100101110010001000000110100101110100
11001000110000101101001011011000111100100100000011001100110111101110010001000000111001101101001011110000010000001110111011001010110010101101011011100110010111000100000010010110110010101100101011100000010000001110100011010000110010100100000011010100110000101110010001000000110001101101100011011110111001101100101001000000110001101101111011101100110010101110010011001010110010000101110001000000101000001110101011101000010000001101001011011100111010001101111001000000111001101101101011000010110110001101100001000000110001001101111011101000111010001101100011001010111001100101110
101111101010011011010000110000101101100011011110111010000100000010101100110100101101110011001010110011101100001011100100010111001011111
101001101110000011011000110100101110100001000000111001101101001011110000010000001101111011100100010000001100101011010010110011101101000011101000010000001110011011010000110000101101100011011110111010001110011001110100010000001110000011101010111010000100000011101000110100001100101011011010010000001101001011011100111010001101111001000000110000100100000011100010111010101100001011100100111010000100000011000100110111101110100011101000110110001100101001110100010000001100110011010010110110001101100001000000110100101110100001000000111010101110000
1110111011010010111010001101000001000000111011001101001011011100110010101100111011000010111001000111010001000000111001101110100011011110111000000100000011010010111010000111011001000000110000101101110011001000010000001101001011011100010000001100001001000000110110101101111011011100111010001101000001000000110100101110100001000000111011101101001011011000110110000100000011000100110010100100000011001100110100101110100001000000110011001101111011100100010000001110101011100110110010100101110
101111101000101011100110111001101100101011011100110001101100101001000000110111101100110001000000100000101101110011000110110100001101111011101100110100101100101011100110010111001011111
101010001100001011010110110010100100000011000010010000001100100011011110111101001100101011011100010000001101111011001100010000001100001011011100110001101101000011011110111011001101001011001010111001100101100001000000110001101101000011011110111000000100000011101000110100001100101011011010010110000100000011000010110111001100100001000000111011101101001011101000110100001101111011101010111010000100000011101000110100001100101001000000110001001101111011011100110010100101100001000000110001001110101011101000010000001110111011010010111010001101000
1110011011011110110110101100101001000000110111101100110001000000111010001101000011001010110100101110010001000000110111101110111011011100010000001101100011010010111000101110101011011110111001000100000011100110111010001110010011000010110100101101110011001010110010000111010001000000110000101100100011001000010000001110100011010000110010101101101001000000111010001101111001000000111001101101001011110000111010001100101011001010110111000100000011011000110000101110010011001110110010100100000011100110111000001101111011011110110111001100110011101010110110001110011
11011110110011000100000011101110110000101110100011001010111001000111010001000000110001001101111011010010110110000100000011001110110010101101110011101000110110001111001001000000111010001101001011011000110110000100000011001000110100101110011011100110110111101101100011101100110010101100100001011000010000001110111011010000110100101100011011010000010000001110111011010010110110001101100001000000110001001100101001000000110100101101110001000000110000100100000011001100110010101110111001000000110110101101001011011100111010101110100011001010111001100101110
101011101101000011001010110111000100000011000110110111101101100011001000010110000100000011100110111010001110010011000010110100101101110001000000110000101101110011001000010000001100010011011110111010001110100011011000110010100100000011010010111010000101110
10111110100110101110101011100110110100001110010011011110110111101101101001000000100001101100001011101000111001101110101011100000010111001011111
101010001100001011010110110010100100000011101000110100001100101001000000110110001100001011100100110011101100101011100110111010000100000011000100111001001101111011000010110010000100000011011010111010101110011011010000111001001101111011011110110110101110011001011000010000001100010011100100110010101100001011010110010000001110100011010000110010101101101001000000110100101101110011101000110111100100000011000010110111000100000011001010110000101110010011101000110100001100101011011100010000001110000011000010110111000101100001000000111001101110100011100100110010101110111
1110011011000010110110001110100001000000110111101110110011001010111001000101100001000000110000101101110011001000010000001110011011101000110100101110010001000000111010001101000011001010110110100100000011011100110111101110111001000000110000101101110011001000010000001110100011010000110010101101110001000000110011001101111011100100010000001110100011010000111001001100101011001010010000001100100011000010111100101110011001011100010000001010100011010000110010101101110001000000110110001100101011101000010000001110100011010000110010101101101
1110011011101000110000101101110011001000010000001100110011011110111001000100000011101000111011101100101011011000111011001100101001011000010000001110100011010010110110001101100001000000111010001101000011001010111001001100101001000000110100101110011001000000110