11101110100011010000110010101110010001000000110010001101001011100110110100000101100001000000110000101101110011001000010000001101100011001010111010000100000011010010111010000100000011100110110100101101101011011010110010101110010
111011001100101011100100111100100100000011100110110110001101111011101110110110001111001001000000110000101101110001000000110100001101111011101010111001000111011001000000110111101110010001000000110010001101111001000000111010001101000011001010110110100100000011010010110111000100000011000010010000001100010011011000110111101100011011010110111010001101001011011100010000001110011011000010111010101100011011001010111000001100001011011100010111000100000010101110110100001100101011011100010000001100011011011110110110001100100001011000010000001101101011000010110101101100101
110100101101110011101000110111100100000011000010010000001110100011000010111001001110100001011000010000001100001011100110010000001100011011011110110010001101100011010010110111000101110
10111110100001101110101011100100111001001100001011011100111010000100000011000010110111001100100001000000101001001100001011100110111000001100010011001010111001001110010011110010010111001011111
10011010110000101101011011001010010000001100001011100110010000001100001001000000111000001101001011001010011101100100000011011110111001000100000011001100110111101110010001000000110000100100000011101000110000101110010011101000011101100100000011011000110100101101110011001010010000001110100011010000110010100100000011001000110100101110011011010000010110000100000011100000111010101110100001000000111001101110101011001110110000101110010001000000110000101101110011001000010000001100110011100100111010101101001011101000010110000100000011011000110000101111001
1100010011000010111001001110011001000000110000101100011011100100110111101110011011100110010110000100000011000010110111001100100001000000110001001100001011010110110010100101110
101111101000001011100000111000001101100011001010111000001101001011001010010111001011111
10100000110000101110010011001010010000001100001011011100110010000100000011000110110111101110010011001010010000001110100011010000110010100100000011001100111001001110101011010010111010000101100001000000110100001100001011101100110100101101110011001110010000001110111011010010111000001100101011001000010000001110100011010000110010100100000011011110111010101110100011100110110100101100100011001010011101100100000011101110110100001101001011000110110100000101100001000000111011101101001011101000110100000100000011101000110100001100101
1100011011011110111001001100101011100110010110000100000011000100110111101101001011011000010000001110111011010010111010001101000001000000110000100100000011011000110100101110100011101000110110001100101001000000111011101100001011101000110010101110010001000000111010001101001011011000110110000100000011010010111010000100000011101000110000101110011011101000110010101110011001000000111011101100101011011000110110000101110001000000101001101110100011100100110000101101001011011100010110000100000011000010110111001100100001000000111000001110101011101000010000001100001
11011000110100101110100011101000110110001100101001000000111001101110101011001110110000101110010001011000010000001100001011011100110010000100000011000010010000001100010011010010111010000100000011011110110011000100000011000100111001001110101011010010111001101100101011001000010000001100011011010010110111001101110011000010110110101101111011011100010110000100000011000010110111001100100001000000111001101101001011011010110110101100101011100100010000001100001011001110110000101101001011011100010111000100000010010010110111000100000011101000110100001100101
110110101100101011000010110111000100000011101000110100101101101011001010010000001110000011011000110000101100011011001010010000001110100011010000110010100100000011000010111000001110000011011000110010101110011001000000110100101101110001000000110000100100000011001000110100101110011011010000010110000100000011000010010000001110000011000010111001101110100011001010010000001100010011001010110100101101110011001110010000001110000011101010111010000100000011100100110111101110101011011100110010000100000011101000110100001100101001000000110010101100100011001110110010100111011
111011101101000011001010110111000100000011011110110111001100101001000000110110001100001011110010110010101110010001000000110100101110011001000000110100101101110001011000010000001110011011100000111001001101001011011100110101101101100011001010010000001101000011000010110110001100110001000000111010001101000011001010010000001110011011101010110011101100001011100100010110000100000011000010110111001100100001000000111001101101000011100100110010101100100001000000110110001100101011011010110111101101110011100000110010101100101011011000010110000100000011000010110111001100100
1110011011100010111010101100101011001010111101001100101001000000111001101101111011011010110010100100000011010100111010101101001011000110110010100101100001000000110111101110010001000000110000100100000011001110110110001100001011100110111001100100000011011110110011000100000011000110111100101100100011001010111001000111011001000000110100101100110001000000111010001101000011001010010000001100001011100000111000001101100011001010111001100100000011010000110000101110110011001010010000001101100011011110111001101110100001000000111010001101000011001010110100101110010
11100110111000001101001011100100110100101110100001011000010000001110000011101010111010000100000011010010110111000100000011101000110100001100101001000000111001001100101011100110111010000100000011011110110011000100000011101000110100001100101001000000110000101110000011100000110110001100101011100110010110000100000011100110111010101100111011000010111001000101100001000000110000101101110011001000010000001110100011010000110010100100000011011000110100101110001011101010110111101110010001000000111010001101000011000010111010000100000011110010110111101110101
1101000011000010111011001100101001000000110001001101111011010010110110001100101011001000010111000100000010000110110111101110110011001010111001000100000011101110110100101110100011010000010000001110000011000010111001101110100011001010010111000100000010110010110111101110101001000000110110101100001011110010010000001100001011001000110010000100000011100110110111101101101011001010010000001100010011101010111010001110100011001010111001000100000011101110110100001100101011011100010000001100011011101010111010000101100001000000110100101100110
110010101100001011101000110010101101110001000000110100001101111011101000011101000100000011011110111001000100000011100000111010101110100001000000111000101110101011010010110111001100011011001010010000001101101011000010111001001101101011000010110110001100001011001000110010100101100001000000110111101110010011000010110111001100111011001010010000001110000011000010111001101110100011001010010110000100000011011110111001000100000011000110110110001101111011101100110010101110011001000000111010001101111001000000110011001101100011000010111011001101111011101010111001000101110
1011111010100000111010101100110011001100111001100100000011011110110011000100000011000010110111001111001001000000111001101101111011100100111010000100000011011110110011000100000010001100111001001110101011010010111010001011111
10011010110000101111001001000000110001001100101001000000110110101100001011001000110010100101100001000000110001001110101011101000010000001101001011101000010000001110011011010000110111101110101011011000110010000100000011000100110010100100000011100000111001001100101011100000110000101110010011001010110010000100000011001100110100101110010011100110111010000100000011101110110100101110100011010000010000001110011011101010110011101100001011100100010111000100000010000010111000001110000011011000110010101110011001000000111011101101001011011000110110000100000011001000110111100101100
1100001011100110010000001100010011001010110011001101111011100100110010100100000011001000110100101110010011001010110001101110100011001010110010000111011001000000110111101110010001011000010000001100001011100110010000001100110011011110110110001101100011011110111011101110011001011000010000001100101011000010111010000100000011000100110010101110011011101000011101000100000011101000110100001100101001000000110001101110010011101010111001101110100001000000110110101110101011100110111010000100000011000100110010100100000011101000110100001101001011000110110101100101100
1101001011001100010000001110101011100110110010101100100001000000111001001100001011101110010111000100000010100000110000101110010011001010010000001100001011011100110010000100000011100110110110001101001011000110110010100100000011000010111000001110000011011000110010100111011001000000111001101110000011100100110100101101110011010110110110001100101001000000111001101110101011001110110000101110010001011000010000001100001011011100110010000100000011100110110111101101101011001010010000001100011011010000110111101110000011100000110010101100100
110110001100101011011010110111101101110001110100010000001101111011100100010000001110011011101000110010101110111001000000110100101101110001000000110000100100000011100110110110101100001011011000110110000100000011100110111010001101111011011100110010101101010011000010111001000101110001000000101011101101000011001010110111000100000011000110110111101101100011001000010110000100000011011010110000101101011011001010010000001101001011101000010000001101001011011100111010001101111001000000111000001110101011001100110011001110011001000000110111101100110
111010001101000011010010110111000100000011000110111001001110101011100110111010000101110
101111101000001001000000101010001100001011011100111001101100101011110010010111001011111
100001001100101011000010111010000100000011100110110010101110110011001010110111000100000011001010110011101100111011100110010110000100000011110010110010101101100011010110111001100100000011000010110111001100100001000000111011101101000011010010111010001100101011100110010000001110011011001010111000001100001011100100110000101110100011001010110110001111001001110100010000001100001011001000110010000100000011000010010000001110000011010010110111001110100001000000110111101100110001000000110001101110010011001010110000101101101001011000010000001101110011001010110000101110010
1110100011010000110010100100000011100110110000101101101011001010010000001101