0000110010101101110001000000110001101101111011011000110010000101100001000000111000001110101011101000010000001101001011101000010000001101001011011100111010001101111001000000110011101101100011000010111001101110011011001010111001100101110
101111101010100011011110010000001110000011100100110010101110011011001010111001001110110011001010010000001001111011100100110000101101110011001110110010101110011001000000110111101110010001000000100110001100101011011010110111101101110011100110010000001101001011011100010000001001010011001010110110001101100011110010010111001011111
1000011011101010111010000100000011000010010000001101000011011110110110001100101001000000110100101101110001000000111010001101000011001010010000001110011011101000110000101101100011010110010000001110000011000010111001001110100001011000010000001110100011010000110010100100000011100110110100101111010011001010010000001101111011001100010000001100001001000000111001101101000011010010110110001101100011010010110111001100111001011000010000001100001011011100110010000100000011101110110100101110100011010000010000001100001001000000110001001101100011101010110111001110100
11100110110110101100001011011000110110000100000011010110110111001101001011001100110010100100000011100110110001101110010011000010111000001100101001000000110111101110101011101000010000001110100011010000110010100100000011100000111010101101100011100000010000001110001011101010110100101110100011001010010000001100011011011000110010101100001011100100010000001110111011010010111010001101000011011110111010101110100001000000110001101110101011101000111010001101001011011100110011100100000011101000110100001100101001000000111001001101001011011100110010000101110
10101000110100101100101001000000110010101100001011000110110100000100000011100110110010101110000011000010111001001100001011101000110010101101100011110010010000001101001011011100010000001101101011101010111001101101100011010010110111000101100001000000110000101101110011001000010000001101100011000010111100100100000011101000110100001100101011011010010000001101001011011100010000001110011011100000111001001101001011011100110011100100000011101110110000101110100011001010111001000100000011101000111011101101111001000000110010001100001011110010111001100101100
11000110110100001100001011011100110011101101001011011100110011100100000011101000111011101101001011000110110010100100000011000010010000001100100011000010111100100111011001000000110100101101110001000000111010001101000011001010010000001101100011000010111001101110100001000000110001001101111011010010110110000100000011101000110100001100101011011010010000001110100011001010110111001100100011001010111001000100000011011110110111000100000011000010010000001110011011011000110111101110111001000000110011001101001011100100110010100101110
10011110110001001110011011001010111001001110110011001010010000001110100011010000110000101110100001000000111010001101000011001010111001001100101001000000110100101110011001000000110010101101110011011110111010101100111011010000010000001100001011101000010000001100110011010010111001001110011011101000010000001110100011011110010000001100001011011000110110001101111011101110010000001100110011011110111001000100000011101110110000101110011011101000110100101101110011001110010110000100000011000010111001100100000011101000110100001100101011110010010000001101101011101010111001101110100
11000100110010100100000011000110110111101110110011001010111001001100101011001000010000001110100011011110010000001110100011010000110010100100000011011000110000101110011011101000010111000100000010101000110111100100000011001010111011001100101011100100111100100100000011100000110111101110101011011100110010000100000011011110110011000100000011011110111001001100001011011100110011101100101001011000010000001110111011001010110100101100111011010000010000001110100011101110110111100100000011100000110111101110101011011100110010001110011001000000110111101100110
1100100011011110111010101100010011011000110010100100000011100100110010101100110011010010110111001100101011001000010000001110011011101010110011101100001011100100010110000100000011000010110111001100100001000000110111101101110011001010010000001110000011010010110111001110100001000000110111101100110001000000111011101100001011101000110010101110010001110110010000001100010011011110110100101101100001000000111010001101000011001010010000001110100011101110110111100100000011011000110000101110100011101000110010101110010
1110100011011110110011101100101011101000110100001100101011100100010000001110111011010010111010001101000001000000111010001101000011001010010000001101010011101010110100101100011011001010010000001101111011001100010000001110100011010000110010100100000011011110111001001100001011011100110011101100101001000000111010001101111001000000110000100100000011100110111100101110010011101010111000000101100001000000110000101101110011001000010000001100011011011000110000101110010011010010110011001111001001000000110100101110100001011000010000001110011011010110110100101101101
11101110110010101101100011011000010110000100000011000010110111001100100001000000110110001100101011101000010000001101001011101000010000001110011011101000110000101101110011001000010000001110100011011110010000001100010011001010010000001100011011011110110110001100100001110110010000001110100011010000110010101101110001000000110001001101111011010010110110000100000011101000110100001100101001000000110011001110010011101010110100101110100001000000110100101101110001000000111010001101000011001010010000001110011011110010111001001110101011100000010000001101000011000010110110001100110
110000101101110001000000110100001101111011101010111001000111011001000000110100101100110001000000110111001101111011101000010000001100011011011000110010101100001011100100010110000100000011001000110111100100000011101000110100001101001011100110010000001100100011000010110100101101100011110010010000001110100011010010110110001101100001000000111010001101000011001010111100100100000011000010111001001100101001000000110010001101111011011100110010100101110
10100000110000101110010011001010010000001100001011011100110010000100000011000110110111101110010011001010010000001110011011011110110110101100101001000000110011101110010011001010110010101101110001000000111000001101001011100000111000001101001011011100111001100101100001000000110000101101110011001000010000001100010011011110110100101101100001000000110100101101110001000000111011101100001011101000110010101110010001000000111010001101001011011000110110000100000011010010111010000100000011101000110000101110011011101000110010101110011
111001101110100011100100110111101101110011001110010000001101111011001100010000001110100011010000110010101101101001110110010000001100100011011110010000001101110011011110111010000100000011000100111001001100101011000010110101100100000011101000110100001100101011011010010110000100000011011110110111001101100011110010010000001100111011001010110111001110100011011000111100100100000011100000111001001100101011100110111001100100000011101000110100001100101011011010010000001110111011010010111010001101000001000000111010001101000011001010010000001100010011000010110001101101011
1101111011001100010000001100001001000000111001101110000011011110110111101101110001011100010000001010011011101000111001001100001011010010110111000100000011101000110100001100101001000000111011101100001011101000110010101110010001000000111010001101000011100100110111101110101011001110110100000100000011000010010000001101010011001010110110001101100011110010110001001100001011001110010000001110100011010010110110001101100001000000111000101110101011010010111010001100101001000000110001101101100011001010110000101110010001110110010000001110100011010000110010101101110
11101000110111100100000011001010111011001100101011100100111100100100000011100000110100101101110011101000010000001110000011101010111010000100000011000010010000001110000011011110111010101101110011001000010000001101111011001100010000001100100011011110111010101100010011011000110010100100000011100100110010101100110011010010110111001100101011001000010000001110011011101010110011101100001011100100010110000100000011101000110100001100101001000000111000001100101011001010110110000100000011000010110111001100100001000000110101001110101011010010110001101100101001000000110111101100110
11000010010000001101100011001010110110101101111011011100010110000100000011000010110111001100100001000000110001001101111011010010110110000100000011101000110111100100000011000010010000001110011011101000111001001101111011011100110011100100000011100110111100101110010011101010111000000101110001000000100010001110010011000010110100101101110001000000110111101100110011001100010000001110100011010000110010100100000011100110111100101110010011101010111000000100000011001100111001001101111011011010010000001110100011010000110010100100000011001100111001001110101011010010111010000101100
1100001011011100110010000100000011101000111010101110010011011100110100101101110011001110010000001110100011010000110010100100000011101110110100001101111011011000110010100100000011101010111000001110111011000010111001001100100011100110010000001101001011011100010000001110100011010000110010100100000011010100110000101110010001011000010000001110000011011110111010101110010001000000111010001101000011001010010000001100001011100000111000001101100011001010110101001100101011011000110110001111001001000000110111101110110011001010111001000100000011010010111010000101110
101010001101000011001010010000001100010011010010111010001110011001000000110001101110101011101000010000001101111011101010111010000100000011011010111010101110011011101000010000001100111011011110010000001110100011010000111001001101111011101010110011101101000001000000111010001101000011001010010000001110011011000010110110101100101001000000111000001110010011011110110001101100101011100110111001100100000011101110110100101110100011010000010000001110100011010000110010100100000011001100111001001110101011010010111010000101110001000000100001101101111011101100110010101110010
11101110110100101110100011010000010000001100010011100100110000101101110011001000111100100100000011100000110000101110000011001010111001000101110
10111110100111101110010011000010110111001100111011001010010000001000011011010000110100101110000011100110010111001011111
100001101110101011101000010000001101111011100100110000101101