100101011001000010000001101000011000010110110100111010001000000110100001100101011100100110001001110011001011000010000001100001011100110010000001100110011011110111001000100000011101000110100001100101
1110000011100100110010101100011011001010110010001101001011011100110011100111010001000000111000001100101011100000111000001100101011100100010110000100000011100110110000101101100011101000010110000100000011000010010000001101100011010010111010001110100011011000110010100100000011011100111010101110100011011010110010101100111001011000010000001100011011100100111010101101101011000100111001100100000011011110110011000100000011000100111001001100101011000010110010000101100001000000110000100100000011011000110100101110100011101000110110001100101
110111101101110011010010110111101101110001011000010000001100001011011100110010000100000011101000111011101101111001000000110010101100111011001110111001100101110
101111101001110011011110111010001100101001011100101111100100000010101110110100001100101011011100010000001100110011011110111001001100011011001010110110101100101011000010111010000100000011010010111001100100000011101000110111100100000011000100110010100100000011001010110000101110100011001010110111000100000011000110110111101101100011001000010110000100000011000010111001100100000011010010110111000100000011100000110100101100101011100110010110000100000011000100110000101100011011011110110111000100000011010010111001100100000011001100110000101110010
1100010011001010111010001110100011001010111001000100000011101000110100001100001011011100010000001110011011101010110010101110100001011000010000001100001011011100110010000100000011101000110100001100101001000000111010001100001011100110111010001100101001000000110100101110011001000000110000101101100011101110110000101111001011100110010000001101000011010010110011101101000011001010111001000101110
1011111010000010110111001101111011101000110100001100101011100100010000001001101011011110110001101101011001000000101010001110101011100100111010001101100011001010010111001011111
1010000011101010111010000100000011010010110111001110100011011110010000001100001001000000111000001100001011011100010000001100001001000000110101101101110011101010110001101101011011011000110010100100000011011110110011000100000011101100110010101100001011011000010110000100000011101000111011101101111001000000110011001101001011011100110010100100000011000110110111101110111011010000110010101100101011011000111001100101100001000000111010001110111011011110010000001101111011011100110100101101111011011100111001100101100001000000110000100100000011001100110010101110111
1100011011011000110111101110110011001010111001100101100001000000111000001100101011100000111000001100101011100100111001100101100001000000100101001100001011011010110000101101001011000110110000100100000011100000110010101110000011100000110010101110010011100110010110000100000011011010110000101100011011001010010110000100000011000010110111001100100001000000111001101110111011001010110010101110100001000000110100001100101011100100110001001110011001110100010000001100011011011110111011001100101011100100010000001110111011010010111010001101000
11101110110000101110100011001010111001000101100001000000110000101101110011001000010000001110100011010000110010101101110001011000010000001110100011110010110100101101110011001110010000001100001001000000111010001101000011010010110001101101011001000000111000001100001011100000110010101110010001000000110111101110110011001010111001000100000011101000110100001100101001000000111000001100001011011100010110000100000011100110110010101110100001000000110100101110100001000000110100101101110001000000110000101101110001000000110111101110110011001010110111000100000011001100110111101110010
1110100011010000111001001100101011001010010000001101000011011110111010101110010011100110010111000100000010101110110100001100101011011100010000001100011011011110110110001100100001011000010000001110100011000010110101101100101001000000110111101100110011001100010000001110100011010000110010100100000011001100110000101110100001000000111011001100101011100100111100100100000011011100110100101100011011001010110110001111001001110100010000001100011011101010111010000100000011101000110100001100101001000000110110101100101011000010111010000100000011000010110111001100100
110011001100101011001010111010000100000011010010110111001110100011011110010000001100010011010010111010001110011001000000110000101101110001000000110100101101110011000110110100000100000011000010110111001100100001000000110100001100001011011000110011000100000011100110111000101110101011000010111001001100101001110100010000001110010011001010110110101101111011101100110010100100000011101000110100001100101001000000110001001101111011011100110010101110011001000000110000101101110011001000010000001100011011011110110000101110010011100110110010101110010
11100000110000101110010011101000111001100111011001000000111010001101000011001010110111000100000011100000111010101110100001000000111010001101000011001010010000001101111011101000110100001100101011100100010000001101111011011100010000001110100011011110010000001110111011000010111001001101101001011000010000001110111011010010111010001101000001000000111011101100001011011000110111001110101011101000010000001100001011011100110010000100000011011010111010101110011011010000111001001101111011011110110110100100000011000110110000101110100011100110111010101110000001011000010000001100001
110110001100001011100100110011101100101001000000111001101110000011011110110111101101110011001100111010101101100001000000110111101100110001000000110010101100001011000110110100000101100001000000110100001100001011011000110011000100000011000010010000001110000011010010110111001110100001000000110111101100110001000000111001101101000011001010111001001110010011110010010000001101111011100100010000001001101011000010110010001100101011010010111001001100001001000000111011101101001011011100110010100101100001000000110000100100000011011000110100101110100011101000110110001100101
110110101110101011100110110100001110010011011110110111101101101001000000111000001101111011101110110010001100101011100100010110000100000011000010110111001100100001000000111010001101000011001010010000001101010011001010110110001101100011110010010000001101111011001100010000001110100011010000110010100100000011011010110010101100001011101000010111000100000010101110110100001100101011011100010000001101000011011110111010000101100001000000110100101100110001000000110100101110100001000000111011101100001011011100111010000100000011000010110111001111001
110110101101111011100100110010100100000011100110110010101100001011100110110111101101110011010010110111001100111001011000010000001100001011001000110010000100000011010010111010000101100001000000110000101101110011001000010000001110011011001010111001001110110011001010010000001110111011010010111010001101000001000000110100001100001011100100110010000100000011001010110011101100111011100110010110000100000011001100110111101110010011000110110010101101101011001010110000101110100001000000110001001100001011011000110110001110011001011000010000001100001
110101001110101011010010110001101100101001000000110111101100110001000000110110001100101011011010110111101101110001011000010000001100001011011100110010000100000011000010010000001110011011100000110111101101111011011100110011001110101011011000010000001101111011001100010000001110011011011110111100100101110
1010100011010000110100101110011001000000110100101110011001000000110000100100000011101100110010101110010011110010010000001100101011000010111001101111001001000000111000001110010011011110110001101100101011100110111001100101100001000000110000101101110011001000010000001110100011010000110010100100000011001000110100101110011011010000010000001101001011100110010000001100101011110000110001101100101011011000110110001100101011011100111010000101110
1011111010000010110111001101111011101000110100001100101011100100010000001000100011010010111010001110100011011110010111001011111
10100110111010001100101011101110010000001100001001000000111000001101111011101010110111001100100001000000110000101101110011001000010000001100001001000000110100001100001011011000110011000100000011011110110011000100000011100110110001101110010011000010110011100100000011011110110011000100000011011010111010101110100011101000110111101101110001011000010000001110111011010010111010001101000001000000111010001101000011100100110010101100101001000000111000001101001011011100111010001110011001000000110111101100110001000000111011101100001011101000110010101110010001000000111010001101111
1100001001000000111000101110101011000010111001001110100001110110010000001110100011010000110010101101110001000000111001101100101011101000010000001110100011010000110010100100000011000100111001001101111011101000110100000100000011011110110111000101100001000000111011101101001011101000110100000100000011000010010000001100011011000010110110001100110111000101000000010011001011100110010000001100110011011110110111101110100001000000110000101101110011001000010000001100001001000000110001101101111011101110110100001100101011001010110110000111010001000000110001101101111011101100110010101110010
111010001101000011001010010000001110011011101000110010101110111011100000110000101101110001000000111010001101001011001110110100001110100001011000010000001100001011011100110010000100000011100110110100101101101011011010110010101110010001000000111010001101001011011000110110000100000011110010110111101110101001000000110001101100001011011100010000001100011011101010111010000100000011011110110011001100110001000000111010001101000011001010010000001101101011001010110000101110100001000000110011001110010011011110110110100100000011101000110100001100101
11000100110111101101110011001010111001100100000011010010110111000100000011100000111001001101111011100000110010101110010001000000110001001101001011101000111001100101110001000000101001101100101011101000010000001101001011101000010000001101111011011100010000001100001011001110110000101101001011011100010110000100000011101110110100101110100011010000010000001110100011010000110010100100000011000100111001001101111011101000110100000101100001000000110000100100000011100010111010101100001011100100111010001100101011100100010000001101111011001100010000001100001
1110000011010010110111001110100001000000110111101100110001000000100110101100001011001000110010101