11001001101101001000000111010001101000011001010010000001101000011001010110000101100100
11010010110111000100000011100000110100101100101011000110110010101110011001000000110100101101110001000000111010001101000011001010010000001110011011011110111010101110000001011100010000001010000011101010111010000100000011101110110100001100001011101000010000001110110011001010110011101100101011101000110000101100010011011000110010101110011001000000111100101101111011101010010000001100011011010000110111101101111011100110110010100101110
10111110100110101100001011100100111001001101111011101110010000001000010011011110110111001100101011100110010111001011111
100001101101111011101100110010101110010001000000111010001101000011001010010000001110100011011110111000000100000011101110110100101110100011010000010000001100110011011000110111101110101011100100110010101100100001000000110001101101100011011110111010001101000001110100010000001100010011011110110100101101100001011000010000001100001011011100110010000100000011100110110010101110010011101100110010100100000011101110110100101110100011010000010000001100100011100100111100100100000011101000110111101100001011100110111010000101110
10111110101010001101111001000000110010001110010011001010111001101110011001000000111010001101000011001010010000001001001011011100111001101101001011001000110010100100000011011110110011000100000011000010010000001100011011011110110110001100100001000000101001101101001011100100110110001101111011010010110111000100000011011110110011000100000010000100110010101100101011001100010111001011111
10000110111010101110100001000000110111101110101011101000010000001100001011011000110110000100000011101000110100001100101001000000110110101100101011000010111010000101100001000000110000101101110011001000010000001100001001000000110110001101001011101000111010001101100011001010010000001100110011000010111010000101100001000000110100101101110001000000111000001101001011001010110001101100101011100110010000001100001011100110010000001110100011010000110100101100011011010110010000001100001011100110010000001111001011011110111010101110010
110011001101001011011100110011101100101011100100010110000100000011000010110111001100100001000000111010001110111011011110010000001101001011011100110001101101000011001010111001100100000011011000110111101101110011001110010111000100000010001000111001001100101011001000110011101100101001000000111011101101001011101000110100000100000011001100110110001101111011101010111001000101100001000000110000101101110011001000010000001100110011100100111100100100000011010010110111000100000011000100111010101110100011101000110010101110010001011000010000001101111011001100010000001100001
11011100110100101100011011001010010000001100010011100100110111101110111011011100010111000100000010001000111001001100001011010010110111000100000011101000110100001100101001000000110001001110101011101000111010001100101011100100010000001100110011100100110111101101101001000000111010001101000011001010010000001101101011001010110000101110100001011000010000001100001011011100110010000100000011101000110111101110011011100110010000001110101011100000010000001101001011011100010000001100001001000000111001001101001011000110110100000100000011001110111001001100001011101100111100100101100
11100110110010101100001011100110110111101101110011001010110010000100000011101110110100101110100011010000010000001110000011001010111000001110000011001010111001000101100001000000111001101100001011011000111010000101100001000000110000101101110011000110110100001101111011101100111100100101100001000000110000101101110011001000010000001110011011010000110000101101100011011110111010000101110001000000100111101101110001000000110111001101111001000000110000101100011011000110110111101110101011011100111010000100000011011000110010101110100001000000110100101110100
110001001101111011010010110110000101110001000000100001001100101011001100110111101110010011001010010000001111001011011110111010100100000011100110110010101110010011101100110010100101100001000000110000101100100011001000010000001110100011101110110111100100000011100110111000001101111011011110110111001100110011101010110110001110011001000000110111101100110001000000111011001101001011011100110010101100111011000010111001000101110
100011101100001011100100110111001101001011100110110100000100000011101110110100101110100011010000010000001100011011100100110100101101101011100000110010101100100001000000111000001100001011100100111001101101100011001010111100100101110
1011111010001100111001001101001011000110110000101110011011100110110010101100101001000000110111101100110001000000110001101101111011011000110010000100000010100100110111101100001011100110111010000100000010000100110010101100101011001100010111001011111
1000011011101010111010000100000011101000110100001100101001000000110001001100101011001010110011000100000011010010110111001110100011011110010000001110110011001010111001001111001001000000111010001101000011010010110111000100000011100110110110001101001011000110110010101110011001110100010000001110011011010000111001001100101011001000010000001100001001000000110100001100001011011100110010001100110011101010110110000100000011011110110011000100000011100000110000101110010011100110110110001100101011110010010000001110110011001010111001001111001
11100110110110101100001011011000110110000111010001000000110001101110101011101000010000001100001011011100010000001101111011011100110100101101111011011100010000001101001011011100010000001110001011101010110000101110010011101000110010101110010011100110010110000100000011000010110111001100100001000000111000001110101011101000010000001100001011011000110110000100000011101000110111101100111011001010111010001101000011001010111001000100000011010010110111001110100011011110010000001100001001000000111001101110100011001010111011101110000011000010110111000101100
1110111011010010111010001101000001000000110000100100000011100000110100101100101011000110110010100100000011011110110011000100000011000100111010101110100011101000110010101110010001011000010000001100001011011100110010000100000011100110110111101101101011001010010000001110011011101000111001001101111011011100110011100100000011000100111001001101111011101000110100000101110001000000101001101100101011000010111001101101111011011100010000001110111011010010111010001101000001000000111001101100001011011000111010000100000011000010110111001100100
11100000110010101110000011100000110010101110010001011000010000001100001011011100110010000100000011100110110100101101101011011010110010101110010001000000111011001100101011100100111100100100000011001110110010101101110011101000110110001111001001000000110000100100000011100010111010101100001011100100111010001100101011100100010000001101111011001100010000001100001011011100010000001101000011011110111010101110010001110110010000001110100011010000110010101101110001000000110110101101001011110000010000001101001011011100111010001101111001000000110100101110100
111010001101000011001010010000001111001011001010110110001101011011100110010000001101111011001100010000001110100011101110110111100100000011001010110011101100111011100110010110000100000011000010010000001100111011011000110000101110011011100110010000001101111011001100010000001110000011011110111001001110100001000000111011101101001011011100110010100101100001000000110000101101110011001000010000001100001001000000111001101110000011011110110111101101110011001100111010101101100001000000110111101100110001000000111011001101001011011100110010101100111011000010111001000111010
111001101110100011010010111001000100000011010010111010000100000011100010111010101101001011000110110101100101100001000000110000101101110011001000010110000100000011100100111010101100010011000100110100101101110011001110010000001110100011010000110010100100000011001000110100101110011011010000010000001110111011010010111010001101000001000000111001101101000011000010110110001101111011101000010110000100000011101000111010101110010011011100010000001110100011010000110010100100000011001100111001001101001011000110110000101110011011100110110010101100101
110100101101110011101000110111100100000011010010111010000101110
101111101010100011011110010000001100100011100100110010101110011011100110010000001000011011011110110110001100100001000000100001001100101011001010110011000100000011101000110100001100001011101000010000001101000011000010111001100100000011011100110111101110100001000000110001001100101011001010110111000100000011001000110111101101110011001010010000001100101011011100110111101110101011001110110100000101100001000000110001101100001011011000110110001100101011001000010000001000010011001010110010101100110001000000100111101101100011010010111011001100101011100110010111001011111
100001101110101011101000010000001110011011011000110100101100011011001010111001100100000011010000110000101101100011001100010000001100001011011100010000001101001011011100110001101101000001000000111010001101000011010010110001101101011001011000010000001100001011011100110010000100000011001100110111101110101011100100010000001110011011100010111010101100001011100100110010100111010001000000110110001100001011110010010000001101111011011100010000001110100011010000110010101101101001000000110000100100000011001100110111101110010011000110110010101101101011001010110000101110100
11011110110011000100000011000110111001001110101011011010110001001110011001000000110111101100110001000000110001001110010011001010110000101100100001011000010000001110011011010000110000101101100011011110111010000101100001000000110000100100000011011000110100101110100011101000110110001100101001000000111001101110101011001010111010000100000011011110111001000100000011001100110000101110100001011000010000001110000011001010111000001110000011001010111001000101100001000000110000101101110011001000010000001110011011000010110110001110100001011100010000001010010011011110110110001101100
1110100011010000110010101101101001011000010000001100001011011100110010000100000011001100110000101110011011101000110010101101110001000000111011101101001011101000110100000100000011000010010000001110011011011010110000101101100011011000010000001110011011010110110010101110111011001010111001000101110001000000101000001110101011101000010000001110100011010000110010101101101001000000110100101101110011101000110111100100000011000010010000001110011011101000110010101110111011100000110000101101110001011000010000001