100001000000110011001101111011101010111001000100000011011110111010101101110011000110110010101110011001000000110111101100110
11000110111010101110010011100100110000101101110011101000111001100101100001000000111001101101111011011010110010100100000011011100111010101110100011011010110010101100111001011000010000001100001011011100110010000100000011000110110100101101110011011100110000101101101011011110110111000101100001000000110100101101110001000000110011001101001011011100110010100100000011100000110111101110111011001000110010101110010001011000010000001100001011011100110010000100000011000100110010101100001011101000010000001100001011011000110110000100000011101000110100001100101
110000101100010011011110111011001100101001000000111011101101001011101000110100000100000011101000110100001110010011001010110010100100000011001010110011101100111011100110010110000100000011000010110111001100100001000000110100001100001011011000110011000100000011000010010000001110000011010010110111001110100001000000110111101100110001000000110001101110010011001010110000101101101001011000010000001110100011010010110110001101100001000000111000101110101011010010111010001100101001000000110110001101001011001110110100001110100001110110010000001110100011010000110010101101110
11001100110100101101100011011000010000001110100011010000110010100100000011100000110000101110100011101000111100101110000011000010110111001110011001000000111010001101000011100100110010101100101001000000111000001100001011100100111010001110011001000000110011001110101011011000110110000101110
101111101000001001000000111000001101100011000010110100101101110011001010111001000100000011100110110111101110010011101000010111001011111
10101000111010101110010011011100010000001110100011010000111001001100101011001010010000001110001011101010110000101110010011101000111001100100000011011110110011000100000011011010110100101101100011010110010000001110100011011110010000001100011011101010111001001100100001110100010000001100010011100100110010101100001011010110010000001101001011101000010110000100000011000010110111001100100001000000110010001110010011000010110100101101110001000000111010001101000011001010010000001110111011010000110010101111001001011100010000001010111011010000110010101101110
110010001110010011110010010110000100000011000100111001001100101011000010110101100100000011010010111010000100000011010010110111000100000011000010010000001110000011000010110111000101100001000000111011101101001011101000110100000100000011101000111011101101111001000000110111101110101011011100110001101100101011100110010000001101111011001100010000001100010011101010111010001110100011001010111001000101100001000000111010001101001011011000110110000100000011100000110010101110010011001100110010101100011011101000110110001111001
111001101101101011011110110111101110100011010000011101000100000011100000111010101110100001000000111010001101111001000000110100101110100001000000110000100100000011100000110100101101110011101000010000001100001011011100110010000100000011000010010000001101000011000010110110001100110001000000110111101100110001000000111010001101000011010010110111000100000011000110111001001100101011000010110110100100000011011110111001000100000011001110110111101101111011001000010000001101101011010010110110001101011001011000010000001100001011011100110010000100000011000010110010001100100
11100110111010101100111011000010111001000101100001000000110001101101001011011100110111001100001011011010110111101101110001011000010000001101110011101010111010001101101011001010110011100101100001000000110000101101110011001000010000001110100011010000111001001100101011001010010000001101111011101010110111001100011011001010111001100100000011011110110011000100000011000110111010101110010011100100110000101101110011101000111001100101110
10111110100001101101000011001010110010101110011011001010110001101100001011010110110010101110011001011000010000001100001011011100110111101110100011010000110010101110010001000000111011101100001011110010010111001011111
10011010110100101111000001000000111010001101000011001010010000001100011011101010111001001100100001000000110111101100110001000000111010001101000011100100110010101100101001000000111000101110101011000010111001001110100011100110010000001101111011001100010000001101101011010010110110001101011001011000010000001100001001000000111000001101111011101010110111001100100001000000110111101100110001000000110001101110101011100100111001001100001011011100111010001110011001011000010000001110100011101110110010101101100011101100110010100100000011011110111010101101110011000110110010101110011
110111101100110001000000100110001101001011100110110001001101111011011100010000001110011011101010110011101100001011100100010110000100000011000010010000001110001011101010110000101110010011101000110010101110010001000000110111101100110001000000110000101101110001000000110111101110101011011100110001101100101001000000110010101100001011000110110100000100000011011110110011000100000011000110110100101101110011011100110000101101101011011110110111000100000011000010110111001100100001000000110111001110101011101000110110101100101011001110010110000100000011101000110100001100101
11100000110010101100101011011000010000001101111011001100010000001110100011101110110111100100000011011000110010101101101011011110110111001110011001000000110001101101000011011110111000001110000011001010110010000100000011100110110111100100000011001100110100101101110011001010010000001110100011010000110000101110100001000000110100101110100001000000110001001100101011000110110111101101101011001010111001100100000011000010010000001110000011000010111001101110100011001010010110000100000011101000110100001100101001000000111100101100101011011000110101101110011001000000110111101100110
11001010110100101100111011010000111010000100000011000010110111001100100001000000111011101101000011010010111010001100101011100110010000001101111011001100010000001110011011010010111100000100000011001010110011101100111011100110010110000100000011000010010000001110000011010010110111001110100001000000110111101100110001000000111001101100011011000010110110001100100011001010110010000100000011000110111001001100101011000010110110100101100001000000110000101101110011001000010000001100001001000000110011101101100011000010111001101110011001000000110111101100110
11000100111001001100001011011100110010001111001001011100010000001010000011101010111010000100000011000010010000001101100011010010110011101101000011101000010000001110100011010000110100101101110001000000111000001110101011001100110011000100000011100000110000101110011011101000110010100100000011010010110111000100000011101000110100001100101001000000111000001100001011101000111010001111001011100000110000101101110011100110010110000100000011000010110111001100100001000000111010001101000011100100110010101100101001000000111000001100001011100100111010001110011
1100110011010010110110001101100001000000111010001101000011001010110110100101110
101111101001100011001010110110101101111011011100010000001000011011010000110010101100101011100110110010101100011011000010110101101100101011100110010111001011111
100110101101001011110000010000001100110011011110111010101110010001000000110111101110101011011100110001101100101011100110010000001101111011001100010000001110011011010010110011001110100011001010110010000100000011011000111010101101101011100000010000001110011011101010110011101100001011100100010110000100000011000010110111001100100001000000110011001101111011101010111001000100000011011110111010101101110011000110110010101110011001000000110111101100110001000000110001001110101011101000111010001100101011100100010110000100000011000010110111001100100
110011101100101011011100111010001101100011110010010000001101101011001010110110001110100001000000110100101110100001110110010000001110100011010000110010101101110001000000110000101100100011001000010000001110100011010000110010100100000011110010110010101101100011010110111001100100000011011110110011000100000011101000111011101101111001000000110000101101110011001000010000001110100011010000110010100100000011101110110100001101001011101000110010100100000011011110110011000100000011011110110111001100101001000000110010101100111011001110010110000100000011101000110100001100101
11100100110100101101110011001000010000001101111011001100010000001110100011010000111001001100101011001010010000001101100011001010110110101101111011011100111001100100000011100110110100001110010011001010110010000100000011001100110100101101110011001010010110000100000011000010110111001100100001000000111010001101000011001010010000001101010011101010110100101100011011001010010000001101111011001100010000001101111011011100110010100100000011000010110111001100100001000000110000100100000011010000110000101101100011001100011101100100000011011110110111001100101
101001101100001011101100110111101111001001000000110001001101001011100110110001101110101011010010111010000101100001000000111001101101111011011010110010100100000011000100110110001100001011011100110001101101000011001010110010000100000011000010110110001101101011011110110111001100100011100110010000001110000011011110111010101101110011001000110010101100100001011000010000001100001011011100110010000100000011101000110100001110010011001010110010100100000011100110111000001101111011011110110111001100110011101010110110001110011001000000110111101100110
1100010011100100110000101101110011001000111100100101110001000000100110101101001011110000010000001110111011001010110110001101100001011000010000001100001011011100110010000100000011100000111010101110100001000000110100101101110001000000111000001100001011100110111010001100101001000000110110101100001011001000110010100100000011000010111001100100000011001100110111101101100011011000110111101110111011100110011101000100000011001010110100101100111011010000111010000100000011011110111010101101110011000110110010101110011001000000110111101100110
11001100110110001101111011101010111001000101100001000000111001101101001011110000010000001101111011101010110111001100011011001010111001100100000011011110110011000100000011000100111010101110100011101000110010101110010001110110010000001110100011101110110111100100000011101000110100001101001011100100110010001110011001000000110111101100110001000000111011101101000011010010110001101101000001000000110110101101001011110000010000001110111011010010111010001101000001000000111010001101