100101011100100010000001110100011010000110010100100000011001100110100101110011011010000010000001110111011010010111010001101000001000000110000100100000011100110111000001101111011011110110111000101110
1011111010000110111010101101100011011000110100101110011001011000010000001101111011100100010000001100010011100100110111101110111011011100010000001010011011000010111010101100011011001010010111001011111
1001100011000010111100100100000011000010111001100100000011011010111010101100011011010000010000001101100011001010110000101101110001000000111011001100101011000010110110000100000011011110111011001100101011100100010000001110100011010000110010100100000011000100110111101110100011101000110111101101101001000000110111101100110001000000110000100100000011100110111010001100101011101110111000001100001011011100010000001100001011100110010000001110111011010010110110001101100001000000110001101101111011101100110010101110010001000000110100101110100001000000110000101101110
11010010110111001100011011010000010000001110100011010000110100101100011011010110011101000100000011101000110100001100101011011100010000001100011011011110111011001100101011100100010000001110100011010000110010100100000011101100110010101100001011011000010000001110111011010010111010001101000001000000111010001101000011010010110111000100000011100110110110001101001011000110110010101110011001000000110111101100110001000000111010101101110011001000111001001100101011100110111001101100101011001000010000001100111011000010110110101101101011011110110111000101100
11101000111011101101111001000000110111101110010001000000111010001101000011100100110010101100101001000000110111101101110011010010110111101101110011100110010110000100000011101000111011101101111001000000110111101110010001000000111010001101000011100100110010101100101001000000110001001100001011110010110110001100101011000010111011001100101011100110010110000100000011100110110111101101101011001010010000001110011011101110110010101100101011101000010000001101000011001010111001001100010011100110010110000100000011101000111011101101111
1100010011011000110000101100100011001010111001100100000011011110110011000100000011011010110000101100011011001010010110000100000011000010110111001100100001000000111010001101000011100100110010101100101001000000110001101101100011011110111011001100101011100110010111000100000010000110110111101110110011001010111001000100000011101000110100001100101001000000111001101110100011001010111011101110000011000010110111000101100001000000110000101101110011001000010000001110011011001010111010000100000011010010111010000100000011011110111011001100101011100100010000001100001
1110011011011000110111101110111001000000110011001101001011100100110010100101110001000000101011101101000011001010110111000100000011101000110100001100101001000000110101001110101011010010110001101100101011100110010000001100011011011110110110101100101001000000110111101110101011101000010110000100000011011000110010101110100001000000111010001101000011001010010000001100110011010010111001001100101001000000110001001100101001000000110000100100000011011000110100101110100011101000110110001100101001000000111000101110101011010010110001101101011011001010111001000101110
101011101101000011001010110111000100000011101000110100001100101001000000110110101100101011000010111010000100000011010010111001100100000011011110110011000100000011000010010000001100110011010010110111001100101001000000110001001110010011011110111011101101110001011000010000001100110011010010110110001101100001000000111010001101000011001010010000001110000011000010110111000100000011101110110100101110100011010000010000001100111011011110110111101100100001000000110001001100101011001010110011000100000011000100111001001101111011101000110100000101100
11000100110111101101001011011000010000001100001011011100110010000100000011100110110101101101001011011010010000001101001011101000010110000100000011101000110100001100101011011100010000001110011011010010110110101101101011001010111001000100000011000010110111000100000011010000110111101110101011100100011101000100000011000010110010001100100001000000110000100100000011011000110100101110100011101000110110001100101001000000111011101100001011101000110010101110010001011000010000001101101011010010111100001100101011001000010000001110111011010010111010001101000001000000110000101110011
110110101110101011000110110100000100000011001100110110001101111011101010111001000100000011000010111001100100000011101110110100101101100011011000010000001101101011000010110101101100101001000000110100101110100001000000111000001110010011011110111000001100101011100100110110001111001001000000111010001101000011010010110001101101011001110110010000001100010011011110110100101101100001000000110100101110100001000000110100001100001011011000110011000100000011000010110111000100000011010000110111101110101011100100010110000100000011000010110111001100100
1110011011101000111001001100001011010010110111000100000011010010111010000101110
1010100011010000110100101110011001000000111011101101001011011000110110000100000011010110110010101100101011100000010000001100001001000000111011101100101011001010110101100101110
1011111010101100110010101100001011011000010000001000111011100100110000101110110011110010010111001011111
10011010110000101101011011001010010000001100001011100110010000001100100011010010111001001100101011000110111010001100101011001000010000001100110011011110111001000100000011101000110100001100101001000000110001101110101011011000110110001101001011100110010110000100000011011000110010101100001011101100110100101101110011001110010000001101111011101010111010000100000011101000110100001100101001000000111001101110000011010010110001101100101001011000010000001101000011001010111001001100010011100110010110000100000011000010110111001100100
1100110011011000110111101110101011100100010111000100000010010010111010000100000011100110110100001101111011101010110110001100100001000000110001001100101001000000110010001110010011000010111011101101110001000000111011001100101011100100111100100100000011100110110110001101111011101110110110001111001001110100010000001100001011011100110010000100000011010010110011000100000011001100110111101110010001000000111011101101000011010010111010001100101001000000110010001101001011100110110100001100101011100110010110000100000011001000110111100100000011011100110111101110100
1101100011001010111010000100000011101000110100001100101001000000110110101100101011000010111010000100000011000100111001001101111011101110110111000101110
101111101000010011001010110001101101000011000010110110101100101011011000010000001101111011100100010000001010111011010000110100101110100011001010010000001010011011000010111010101100011011001010010111001011111
10000110111010101110100001000000110110001100101011000010110111000100000011101100110010101100001011011000010000001101001011011100010000001110011011011010110000101101100011011000010000001110011011011000110100101100011011001010111001100101100001000000110000101101110011001000010000001110100011010000110010100100000011100110110000101101101011001010010000001110001011101010110000101101110011101000110100101110100011110010010000001101111011001100010000001101100011001010110000101101110001000000110001001100001011000110110111101101110001000000110111101110010
110100001100001011011010011101000100000011100000111010101110100001000000111010001101000011001010110110100100000011010010110111000100000011000010010000001110011011101000110010101110111011100000110000101101110001011000010000001110111011010010111010001101000001000000110000100100000011001110110111101101111011001000010000001110000011010010110010101100011011001010010000001101111011001100010000001100010011101010111010001110100011001010111001000101100001000000110000101101110001000000110111101101110011010010110111101101110001011000010000001100001
11000100110110001100001011001000110010100100000011011110110011000100000011011010110000101100011011001010010110000100000011000010010000001100110011001010111011100100000011011010111010101110011011010000111001001101111011011110110110100100000011000100111010101110100011101000110111101101110011100110010110000100000011000010010000001100010011010010111010000100000011011110110011000100000011101000110100001111001011011010110010100101100001000000110000101101110011001000010000001100001001000000110001001100001011110010110110001100101011000010110011000101110
1000110011100100111100100100000011101000110100001100101001000000111011101101000011011110110110001100101001000000110111101110110011001010111001000100000011000010010000001110110011001010111001001111001001000000111001101101100011011110111011100100000011001100110100101110010011001010010110000100000011000100111010101110100001000000110111001101111011101000010000001110100011011110010000001100010011100100110111101110111011011100010000001101001011101000011101000100000011000010110010001100100001000000110011001101100011011110111010101110010001000000111010001101111
1110100011010000110100101100011011010110110010101101110001110110010000001110100011010000110010101101110001000000111000001110101011101000010000001100001011011100010000001100101011100010111010101100001011011000010000001110001011101010110000101101110011101000110100101110100011110010010000001101111011001100010000001100111011011110110111101100100001000000110001001110010011011110111010001101000001011000010000001100001011011100110010000100000011100100110100101100011011010000010000001100011011100100110010101100001011011010010111000100000010011000110010101110100
11010010111010000100000011000100110111101101001011011000010000001101000011000010110110001100110001000000110000101101110001000000110100001101111011101010111001000101100001000000111001101110100011010010111001001110010011010010110111001100111001000000110100101110100001000000110000101101100011011000010000001110100011010000110010100100000011101000110100101101101011001010011101000100000011100110111010001110010011000010110100101101110001000000110100101110100001000000111010001101000011100100110111101110101011001110110100000100000011000010010000001110011011011110111010101110000
11100110111010001110010011000010110100101101110011001010111001000101110
1001110001011100010000001000010001011100010000001010011011011110111010101110000011100110010000001100001011011100110010000100000011001110111001001100001011101100110100101100101011100110010000001