111001
1100011011011110111010101101110011101000111001001111001001000000110111101110100011010000110010101110010001000000111010001101000011000010110111000100000011101000110100001100101001000000101010101101110011010010111010001100101011001000010000001010011011101000110000101110100011001010111001100101110
11000100101110010001010010111000100000010101010110111001101100011001010111001101110011001000000111100101101111011101010010000001101000011000010111011001100101001000000111001001100101011011010110111101110110011001010110010000100000011000010110110001101100001000000111001001100101011001100110010101110010011001010110111001100011011001010111001100100000011101000110111100100000010100000111001001101111011010100110010101100011011101000010000001000111011101010111010001100101011011100110001001100101011100100110011100111010
110001001011100100010100101110001100010010111000100000010101000110100001100101001000000110011001101111011011000110110001101111011101110110100101101110011001110010000001110011011001010110111001110100011001010110111001100011011001010010110000100000011101110110100101110100011010000010000001100001011000110111010001101001011101100110010100100000011011000110100101101110011010110111001100100000011101000110111100101100001000000110111101110010001000000110111101110100011010000110010101110010
1101001011011010110110101100101011001000110100101100001011101000110010100100000011000010110001101100011011001010111001101110011001000000111010001101111001011000010000001110100011010000110010100100000011001100111010101101100011011000010000001010000011100100110111101101010011001010110001101110100001000000100011101110101011101000110010101101110011000100110010101110010011001110010110101110100011011010010000001001100011010010110001101100101011011100111001101100101001000000110110101110101011100110111010000100000011000010111000001110000011001010110000101110010
1110000011100100110111101101101011010010110111001100101011011100111010001101100011110010010000001110111011010000110010101101110011001010111011001100101011100100010000001100001011011100111100100100000011000110110111101110000011110010010000001101111011001100010000001100001001000000101000001110010011011110110101001100101011000110111010000100000010001110111010101110100011001010110111001100010011001010111001001100111001011010111010001101101001000000111011101101111011100100110101100100000001010000110000101101110011110010010000001110111011011110111001001101011
11011110110111000100000011101110110100001101001011000110110100000100000011101000110100001100101001000000111000001101000011100100110000101110011011001010010000000100010010100000111001001101111011010100110010101100011011101000010000001000111011101010111010001100101011011100110001001100101011100100110011100100010001000000110000101110000011100000110010101100001011100100111001100101100001000000110111101110010001000000111011101101001011101000110100000100000011101110110100001101001011000110110100000100000011101000110100001100101
111000001101000011100100110000101110011011001010010000000100010010100000111001001101111011010100110010101100011011101000010000001000111011101010111010001100101011011100110001001100101011100100110011100100010001000000110100101110011001000000110000101110011011100110110111101100011011010010110000101110100011001010110010000101001001000000110100101110011001000000110000101100011011000110110010101110011011100110110010101100100001011000010000001100100011010010111001101110000011011000110000101111001011001010110010000101100
111000001100101011100100110011001101111011100100110110101100101011001000010110000100000011101100110100101100101011101110110010101100100001011000010000001100011011011110111000001101001011001010110010000100000011011110111001000100000011001000110100101110011011101000111001001101001011000100111010101110100011001010110010000111010
10101000110100001101001011100110010000001100101010000100110111101101111011010110010000001101001011100110010000001100110011011110111001000100000011101000110100001100101001000000111010101110011011001010010000001101111011001100010000001100001011011100111100101101111011011100110010100100000011000010110111001111001011101110110100001100101011100100110010100100000011010010110111000100000011101000110100001100101001000000101010101101110011010010111010001100101011001000010000001010011011101000110000101110100011001010111001100100000011000010110111001100100
110110101101111011100110111010000100000011011110111010001101000011001010111001000100000011100000110000101110010011101000111001100100000011011110110011000100000011101000110100001100101001000000111011101101111011100100110110001100100001000000110000101110100001000000110111001101111001000000110001101101111011100110111010000100000011000010110111001100100001000000111011101101001011101000110100000100000011000010110110001101101011011110111001101110100001000000110111001101111
1110010011001010111001101110100011100100110100101100011011101000110100101101111011011100111001100100000011101110110100001100001011101000111001101101111011001010111011001100101011100100010111000100000010110010110111101110101001000000110110101100001011110010010000001100011011011110111000001111001001000000110100101110100001011000010000001100111011010010111011001100101001000000110100101110100001000000110000101110111011000010111100100100000011011110111001000100000011100100110010100101101011101010111001101100101001000000110100101110100
1110101011011100110010001100101011100100010000001110100011010000110010100100000011101000110010101110010011011010111001100100000011011110110011000100000011101000110100001100101001000000101000001110010011011110110101001100101011000110111010000100000010001110111010101110100011001010110111001100010011001010111001001100111001000000100110001101001011000110110010101101110011100110110010100100000011010010110111001100011011011000111010101100100011001010110010000100000011101110110100101110100011010000010000001110100011010000110100101110011
1100101010000100110111101101111011010110010000001101111011100100010000001101111011011100110110001101001011011100110010100100000011000010111010000100000011101110111011101110111001011100110011101110101011101000110010101101110011000100110010101110010011001110010111001101111011100100110011100101110001000000100100101100110001000000111100101101111011101010010000001100001011100100110010100100000011011100110111101110100001000000110110001101111011000110110000101110100011001010110010000100000011010010110111000100000011101000110100001100101
1010101011011100110100101110100011001010110010000100000010100110111010001100001011101000110010101110011001011000010000001111001011011110111010100100000011101110110100101101100011011000010000001101000011000010111011001100101001000000111010001101111001000000110001101101000011001010110001101101011001000000111010001101000011001010010000001101100011000010111011101110011001000000110111101100110001000000111010001101000011001010010000001100011011011110111010101101110011101000111001001111001001000000111011101101000011001010111001001100101
1111001011011110111010100100000011000010111001001100101001000000110110001101111011000110110000101110100011001010110010000100000011000100110010101100110011011110111001001100101001000000111010101110011011010010110111001100111001000000111010001101000011010010111001100100000011001010100001001101111011011110110101100101110
1100010010111001000101001011100011001000101110001000000100100101100110001000000110000101101110001000000110100101101110011001000110100101110110011010010110010001110101011000010110110000100000010100000111001001101111011010100110010101100011011101000010000001000111011101010111010001100101011011100110001001100101011100100110011100101101011101000110110100100000011001010110110001100101011000110111010001110010011011110110111001101001011000110010000001110111011011110111001001101011001000000110100101110011
1100100011001010111001001101001011101100110010101100100001000000110011001110010011011110110110100100000011101000110010101111000011101000111001100100000011011100110111101110100001000000111000001110010011011110111010001100101011000110111010001100101011001000010000001100010011110010010000001010101001011100101001100101110001000000110001101101111011100000111100101110010011010010110011101101000011101000010000001101100011000010111011100100000001010000110010001101111011001010111001100100000011011100110111101110100
110001101101111011011100111010001100001011010010110111000100000011000010010000001101110011011110111010001101001011000110110010100100000011010010110111001100100011010010110001101100001011101000110100101101110011001110010000001110100011010000110000101110100001000000110100101110100001000000110100101110011001000000111000001101111011100110111010001100101011001000010000001110111011010010111010001101000001000000111000001100101011100100110110101101001011100110111001101101001011011110110111000100000011011110110011000100000011101000110100001100101
1100011011011110111000001111001011100100110100101100111011010000111010000100000011010000110111101101100011001000110010101110010001010010010110000100000011101000110100001100101001000000111011101101111011100100110101100100000011000110110000101101110001000000110001001100101001000000110001101101111011100000110100101100101011001000010000001100001011011100110010000100000011001000110100101110011011101000111001001101001011000100111010101110100011001010110010000100000011101000110111100100000011000010110111001111001011011110110111001100101001000000110100101101110
1110100011010000110010100100000010101010110111001101001011101000110010101100100001000000101001101110100011000010111010001100101011100110010000001110111011010010111010001101000011011110111010101110100001000000111000001100001011110010110100101101110011001110010000001100001011011100111100100100000011001100110010101100101011100110010000001101111011100100010000001100011011010000110000101110010011001110110010101110011001011100010000001001001011001100010000001111001011011110111010100100000011000010111001001100101
1110010011001010110010001101001011100110111010001110010011010010110001001110101011101000110100101101110011001110010000001101111011100100010000001110000011100100110111101110110011010010110010001101001011011100110011100100000011000010110001101100011011001010111001101110011001000000111010001101111001000000110000100100