101111011101010111010001110011011010010110010001100101011100110010000001100100011100100110100101100101011001000010000001100110011011110111001000100000011001110111001001100001011101000110100101101110011001110010111000100000010010010110011000100000011001100110111101110010001000000110001001101111011010010110110001101001011011100110011100100000011010010110111000100000011000010110111001111001
110110001101001011100010111010101101001011001000010110000100000011101000110100001100101001000000110011001101001011100100111001101110100001000000111011101100001011110010010000001101001011100110010000001100010011001010111001101110100001011100010000001010111011010000110010101101110001000000111010001101000011001010111001101100101001000000110011001110010011101010110100101110100011100110010000001100001011100100110010100100000011000110110100001100101011000010111000000101100001000000110000100100000011100000111001001101111011100000110010101110010
111000101110101011000010110111001110100011010010111010001111001001000000111001101101000011011110111010101101100011001000010000001100010011001010010000001100010011011110111010101100111011010000111010000101100001000000110000101101110011001000010000001110000011100100110010101110000011000010111001001100101011001000010000001100001011100110010000001101000011001010111001001100101011000010110011001110100011001010111001000100000011001000110100101110010011001010110001101110100011001010110010000101100
11001010111001101110000011001010110001101101001011000010110110001101100011110010010000001100010011110010010000001110100011010000110111101110011011001010010000001110111011010000110111100100000011011000110100101110110011001010010000001101001011011100010000001110100011010000110010100100000011000110110111101110101011011100111010001110010011110010010110000100000011101110110100001100101011100100110010100100000011101000110100001100101011110010010000001100011011000010110111001101110011011110111010000100000011000010110110001110111011000010111100101110011001000000110001001100101
11010000110000101100100001110110010000001100001011011100110010000100000011101000110100001100101011110010010000001100001011100100110010100100000011100000110010101110010011100000110010101110100011101010110000101101100011011000111100100100000011101110110000101101110011101000110010101100100001000000110100101101110001000000110001101101111011011110110101101100101011100100111100100101110
1010111011010000110010101101110001000000111011101101000011010010111010001100101011100110010000001101111011001100010000001100101011001110110011101110011001000000110000101110010011001010010000001110101011100110110010101100100001000000110011001101111011100100010000001101010011001010110110001101100011110010010110000100000011011110111001000100000011011110111010001101000011001010111001000100000011100000111010101110010011100000110111101110011011001010111001100101100001000000110001101101111011011100111010001110010011010010111011001100101001000000111010001101111
11010000110000101110110011001010010000001110000011101010110010001100100011010010110111001100111001011000010000001100011011101010111001101110100011000010111001001100100001011000010000000100110011000110010111000100000011101000110111100100000011001010110110101110000011011000110111101111001001000000111010001101000011001010010000001111001011001010110110001101011011100110010000001100001011011000111001101101111001011100010000001010011011010000110111101110101011011000110010000100000011110010110111101110101001000000110111001101111011101000010000001110111011000010110111001110100
1110100011010000110010101101101001000000110011001101111011100100010000001110011011001010111011001100101011100100110000101101100001000000110100001101111011101010111001001110011001011000010000001100010011001010110000101110100001000000111010001101000011001010110110100100000011101010111000000100000011101110110100101110100011010000010000001100001001000000110110001101001011101000111010001101100011001010010000001110111011000010111010001100101011100100010110000100000011000010110111001100100001000000111000001110101011101000010000001110100011010000110010101101101
110100101101110001000000110000100100000011000110110111101101111011011000010000001110000011011000110000101100011011001010010110000100000011011110111001000100000011101000110100001100101011110010010000001110111011010010110110001101100001000000110001001100101001000000110100001100001011100100110010001100101011011100110010101100100001000000110000101101110011001000010000001110101011100110110010101101100011001010111001101110011001011100010000001001001011101000010000001110111011000010111001100100000011000010010000001101101011010010111001101110100011000010110101101100101
1101111011001100010000001101111011011000110010000101100001000000111010001101111001000000111010001101000011010010110111001101011001000000111010001101000011000010111010000100000011101000110100001100101001000000111011101101000011010010111010001100101011100110010000001101101011000010110010001100101001000000110001101100001011010110110010101110011001000000110000101101110011001000010000001110000011101010110010001100100011010010110111001100111011100110010000001101000011001010110000101110110011110010011101100100000011011110110111000100000011101000110100001100101
11000110110111101101110011101000111001001100001011100100111100100101100001000000110100101100110001000000110001001100101011000010111010001100101011011100010000001101100011011110110111001100111001000000110000101101110011001000010000001110011011001010111000001100001011100100110000101110100011001010110110001111001001011000010000001110100011010000110010101111001001000000110001101101111011011100111010001110010011010010110001001110101011101000110010100100000011001110111001001100101011000010111010001101100011110010010000001110100011011110010000001100111011010010111011001100101
11011000110100101100111011010000111010001101110011001010111001101110011001011000010000001100001011100100110010100100000011000010110111000100000011000010110010001110110011000010110111001110100011000010110011101100101001000000111010001101111001000000111000001100001011100110111010001100101001011000010000001100001011011100110010000100000011011010110000101101011011001010010000001100001001000000111000001110010011001010111010001110100011110010010000001100100011010010111001101101000001000000110001001100101011000010111010001100101011011100010000001110111011010010111010001101000
11001100111001001110101011010010111010000101100001000000111010001101111001000000111001101100101011101000010000001101001011011100010000001100011011100100110010101100001011011010010110000100000001001100110001100101110
10010010110011000100000011000110110111101110000011100000110010101110010001000000111010101110100011001010110111001110011011010010110110001110011001000000110001001100101001000000111010101110011011001010110010000100000011010010110111000100000011101000110100001100101001000000110101101101001011101000110001101101000011001010110111000101100001000000111010001101000011001010010000001100011011011110110111101101011001000000111001101101000011011110111010101101100011001000010000001100010011001010010000001100011011010000110000101110010011001110110010101100100001000000111010001101111
11000100110010100100000011101100110010101110010011110010010000001100011011000010111001001100101011001100111010101101100001000000110111001101111011101000010000001110100011011110010000001101100011001010111010000100000011101000110100001100101001000000111010001101001011011100010000001100010011001010010000001110010011101010110001001100010011001010110010000100000011011110110011001100110001110110010000001100001011011100110010000100000011101000110111100100000011010000110000101110110011001010010000001110100011010000110010101101101001000000110011001110010011001010111001101101000
11001000110111101101110011001010010000001110111011010000110010101101110001000000111010001101000011001010010000001101100011001010110000101110011011101000010000001100100011001010110011001100101011000110111010000100000011000010111000001110000011001010110000101110010011100110010110000100000011000010110111001100100001000000110111001100101011101100110010101110010001000000111010001101111001000000111000001110101011101000010000001100010011110010010000001100001011011100111100100100000011100110110111101110101011100000010110000100000011001110111001001100001011101100111100100101100
100110011000110010111000100000011010010110111000100000011101000110100001100101011011010010110000100000011011110111001000100000011000010110111001111001001000000110110101100101011101000110000101101100001000000111010101110100011001010110111001110011011010010110110000111011001000000111001101110100011011110110111001100101001000000110000101101110011001000010000001100101011000010111001001110100011010000110010101101110001000000111011001100101011100110111001101100101011011000111001100100000011100110110100001101111011101010110110001100100001000000110001001100101
1110000011100100110111101110110011010010110010001100101011001000010000001100110011011110111001000100000011101000110100001101111011100110110010100100000011100000111010101110010011100000110111101110011011001010111001100101100001000000110000101110011001000000110110001101001011010110110010101110111011010010111001101100101001000000111000001101100011001010110111001110100011110010010000001101111011001100010000001100011011011110110110101101101011011110110111000100000011001000110100101110011011010000110010101110011001011000010000001110100011010000110000101110100
111010001101000011001010010000001110100011000010110001001101100011001010010000001110011011001010111010000100000011011010110000101111001001000000110111001101111011101000010000001100010011001010010000001110101011100110110010101100100001000000111010001101111001000000111000001110101011101000010000001100010011110010010000001100011011011110110110001100100001000000110110101100101011000010111010000101110
10101100110010101100111011001010111010001100001011000100110110001100101011100110010000001110011011011110110111101101110001000000111001101101111011101010111001000101100001000000110000101101110011001000010000001100011011011110111001001110010011011110110010001100101001000000110110101100101011101000110000101101100011100110010000001100001011011100110010000100000011001110110110001100001011110100110010101100100001