0001101101111011101100110010101110010001000000111011101101001011101000110100000100000011101100110100101101110011001010110011101100001011100100011101000100000011010010110011000100000011101000110111100100000011010110110010101100101011100000010000001101100011011110110111001100111001011000010000001110000011011110111010101110010
11011110110100101101100001000000110111101101110001000000111010001101000011001010010000001110100011011110111000000101110001000000101010001101000011010010111001100100000011001000110111101101110011001010010110000100000011101000110100001100101011110010010000001101101011000010111100100100000011000100110010100100000011100000111001001100101011100110110010101110010011101100110010101100100001000000110011001101111011100100010000001101101011011110110111001110100011010000111001100101110
10111110101010001101111001000000110001001100001011010110110010100100000010100000110100101101011011001010010111001011111
10100110110001101100001011011000110010100100000011010010111010000101100001000000110000101101110011001000010000001101111011100000110010101101110001000000110000101110011001000000110111001100101011000010111001000100000011101000110100001100101001000000111010001101000011100100110111101100001011101000010000001100001011100110010000001111001011011110111010100100000011000110110000101101110001110110010000001110100011010000110010101101110001000000111001101110100011101010110011001100110001000000110100101110100001000000111011101101001011101000110100000100000011101000110100001100101
110011001101111011011000110110001101111011101110110100101101110011001110011101000100000011001110111001001100001011101000110010101100100001000000110001001110010011001010110000101100100001011000010000001101000011001010111001001100010011100110010110000100000011000010110111001100011011010000110111101110110011010010110010101110011001011000010000001101111011110010111001101110100011001010111001001110011001011000010000001110011011101010110010101110100001011000010000001110011011000010110110001110100001011000010000001110000011001010111000001110000011001010111001000101100
110110101100001011000110110010100101100001000000110100001100001011011000110011000100000011000010010000001110000011010010110111001110100001000000110111101100110001000000110001101110010011001010110000101101101001011000010000001100110011011110111010101110010001000000111100101100101011011000110101101110011001000000110111101100110001000000110010101100111011001110111001100111011001000000110110101101001011110000010000001100001011011000110110000101100001000000110111101110110011001010111001000100000011101000110100001100101001000000110011001101001011100100110010100101100
11101000110100101101100011011000010000001101001011101000010000001110100011010000110100101100011011010110110010101101110011100110010110000100000011101000110100001100101011011100010000001110000011101010111010000100000011010010111010000100000011010010110111001110100011011110010000001110100011010000110010100100000011001100110100101110011011010000010110000100000011100110110010101110111001000000110100101110100001000000111010101110000001011100010000001000010011101010111010001110100011001010111001000100000011100110110100001101111011101010110110001100100001000000110001001100101
1110000011101010111010000100000011011110111011001100101011100100010000001101001011011100010000001101100011010010111010001110100011011000110010100100000011000100110100101110100011100110011101000100000011000100110000101101011011001010010000001101001011101000010111000100000010100110110010101110010011101100110010100100000011100110110000101110101011000110110010100100000011011110110011000100000011001110111001001100001011101100111100100101100001000000110001001110101011101000111010001100101011100100010110000100000011000010110111001100100
1100001011011100110001101101000011011110111011001111001001011100010000001011111010011100110111101110100011001010010111001011111001000000100100101100110001011000010000001101001011011100010000001101000011001010110110001110000011010010110111001100111001000000110000100100000011100000110100101101011011001010010110000100000011101000110100001100101001000000110001001100001011000110110101100100000011000010110111001100100001000000110001001100101011011000110110001111001001000000110001001100101001000000111001101101100011010010111010000100000011101010111000000101100
1100001011011100110010000100000011001010110000101100011011010000010000001110011011011000110100101100011011001010010000001100010011001010010000001100111011001010110111001110100011011000111100100100000011001000111001001100001011101110110111000100000011001000110111101110111011011100111011101100001011100100110010001110011001011000010000001110100011010000110010101110010011001010010000001110111011010010110110001101100001000000110001001100101001000000110011001100101011101110110010101110010001000000110001001101111011011100110010101110011
11001110110100101110110011001010110111000101110
101111101010011011000010110110001101101011011110110111000100000011101000110111100100000011000100110111101101001011011000010111001011111
10000110110110001100101011000010110111000100000011010010111010000100000011000110110000101110010011001010110011001110101011011000110110001111001001011000010000001100010011011110110100101101100001000000110100101110100001000000110011101100101011011100111010001101100011110010010110000100000011000010110111001100100001000000111010001100001011010110110010100100000011010010111010000100000011011110111010101110100001000000110111101100110001000000111010001101000011001010010000001110111011000010111010001100101011100100010000001100001011100110010000001110011011011110110111101101110
110000101110011001000000110010001101111011011100110010100111011001000000110000101101110011001000010000001101100011001010111010000100000011101000110100001100101001000000111011101100001011101000110010101110010001000000110001001100101001000000111011101100001011100100110110100100000011010010110011000100000011101000110100001100101001000000110011001101001011100110110100000100000011000100110010100100000011100110111000001101100011010010111010000101110
10100110110100001110010011010010110110101110000001000000110111101110010001000000110000101101110011000110110100001101111011101100111100100100000011100110110000101110101011000110110010100101110
1011111010100110110000101101100011011010110111101101110001000000111010001101111001000000111000001101001011000110110101101101100011001010010111001011111
100001001101111011010010110110000100000011000010111001100100000011000010110001001101111011101100110010100101100001000000111010001100001011010110110010100100000011101000110100001100101001000000110011001101001011100110110100000100000011011110111010101110100001000000110000101101110011001000010000001100010011011110110100101101100001000000111010001101000011001010010000001101100011010010111000101110101011011110111001000100000011101110110100101110100011010000010000001100010011000010111100101101100011001010110000101110110011001010111001100101100
111000001100101011100000111000001100101011100100110001101101111011100100110111001110011001000000110000101101110011001000010000001110011011000010110110001110100001110110010000001100001011001000110010000100000011101100110100101101110011001010110011101100001011100100010000001110111011010000110010101101110001000000110001101101111011011000110010000101100001000000110000101101110011001000010000001110000011011110111010101110010001000000110111101110110011001010111001000100000011101000110100001100101001000000110011001101001011100110110100000101110
10111110101001101100001011011000110110101101111011011100010000001110100011011110010000001100010011100100110111101101001011011000010111001011111
100001101110101011101000010000001110011011011000110100101100011011001010111001100100000011000010110001001101111011101010111010000100000011000010110111000100000011010010110111001100011011010000010000001110100011010000110100101100011011010110011101100100000011100110110010101100001011100110110111101101110001011000010000001100001011011100110010000100000011100000111010101110100001000000111010001101000011001010110110100100000011010010110111001110100011011110010000001110000011000010111000001100101011100100111001100111011001000000111010001110111011010010111001101110100
111010001101000011001010110110100101100001000000110000101101110011001000010000001100010011100100110111101101001011011000010000001100111011001010110111001110100011011000111100100101110001000000101001101100101011100100111011001100101001000000110100101101110001000000111010001101000011001010010000001110000011000010111000001100101011100100111001100101110001000000100000101101110011000110110100001101111011101100111100100100000011100110110000101110101011000110110010100101110
1011111010100110110000101101100011011010110111101101110001000000111010001101111001000000111000001101111011101000010111001011111
101010001100001011010110110010100100000011000010010000001101100011000010111001001100111011001010010000001110000011010010110010101100011011001010010110000100000011100110110001101100001011011000110010100100000011000010110111001100100001000000111011101101001011100000110010100101100001000000110001001110101011101000010000001100100011011110010000001101110011011110111010000100000011101110110000101110011011010000010000001101001011101000011101100100000011100110110000101101100011101000010000001101001011101000010000001110110011001010111001001111001
11101110110010101101100011011000011101000100000011011000110010101110100001000000110100101110100001000000110110001101001011001010010000001110100011010010110110001101100001000000111010001101000011001010010000001110011011000010110110001110100001000000110001001100101001000000110110101100101011011000111010001100101011001000010000001100001011011100110010000100000011001000111001001100001011010010110111001100101011001000010000001100110011100100110111101101101001000000110100101110100001011000010000001110100011010000110010101101110
1110011011001010110000101110011011011110110111000100000011101110110100101110100011010000010000001100010011001010110000101110100011001010110111000100000011011010110000101100011011001010010110000100000011000110110110001101111011101100110010101110011001011000010000001100001011011100110010000100000011101110110100001101111011011000110010100100000011100000110010101110000011