110011001110110010101110011001000000110100101101110001000000110100001100001011011000111011001100101011100110010110000100000011100110111000101110101011001010110010101111010011001010010000001110100011010000110010100100000011010100111010101101001011000110110010100100000011101000110100001110010011011110111010101100111011010000010000001100001001000000111001101101001011001010111011001100101001110110010000001110011011011110110000101101011001000000111010001101000011001010010000001110000011001010110010101101100
1101001011011100010000001110111011000010111010001100101011100100010110000100000011011100110010101111000011101000010000001100100011000010111100100100000011000100110111101101001011011000010000001101001011011100010000001110100011010000110010100100000011100110110000101101101011001010010000001110100011010010110110001101100001000000111010001100101011011100110010001100101011100100010110000100000011001000111001001100001011010010110111000100000011101000110100001100101011011010010110000100000011000010110111001100100001000000111001101101100011010010110001101100101
11101000110100001100101001000000111000001100101011001010110110001110011001011000010000001110000011101010111010000100000011101000110100001100101011011010010000001110100011011110010000001110100011010000110010100100000011010100111010101101001011000110110010100101100001000000111011101100101011010010110011101101000001000000110000101110011001000000110110101110101011000110110100000100000011100110111010101100111011000010111001000101100001000000110000101101110011001000010000001110000011101010111010000100000011000010110110001101100
111010001101111011001110110010101110100011010000110010101110010001000000110100101101110011101000110111100100000011000010010000001100010011100100110111101100001011001000010000001100101011000010111001001110100011010000110010101101110001000000110010001101001011100110110100000101100001000000110000101101110011001000010000001110000011101010111010000100000011011110111011001100101011100100010000001110100011010000110010100100000011001100110100101110010011001010010000001100001011101000010000001100001001000000110110101101111011001000110010101110010011000010111010001100101
1100100011010010111001101110100011000010110111001100011011001010010110000100000011011110110011001110100011001010110111000100000011100110111010001101001011100100111001001101001011011100110011100100000011101000110100101101100011011000010000001110100011010000110010100100000011000110110100001101001011100000111001100100000011000110110000101101110011001000111100100111011001000000111010001101000011001010110111000100000011100110110010101110100001000000111010001101000011001010110110100100000011010010110111000100000011000010010000001100011011011110110111101101100
11100100110111101101111011011010010000001110100011011110010000001100100011100100111100100101110001000000101010001101000011001010111100100100000011101110110100101101100011011000010000001101110011011110111010000100000011000100110010100100000011100110110111100100000011101010110111001100100011001010111001000100000011101000110100001110010011001010110010100100000011101110110010101100101011010110111001100101110
10111110100111101110010011000010110111001100111011001010010000001000011011000010110101101100101011100110010111001011111
10000110111010101110100001000000101001101100101011101100110100101101100011011000110010100100000011011110111001001100001011011100110011101100101011100110010000001101001011011100010000001110000011010010110010101100011011001010111001100101100001000000111010001100001011010110110010100100000011011110111010101110100001000000111010001101000011001010010000001110011011001010110010101100100011100110010000001100001011011100110010000100000011100110110101101101001011011100111001100101100001000000111001101100001011101100110010100100000011101000110100001100101
11010100111010101101001011000110110010100101100001000000110000101101110011001000010000001100001011001000110010000100000011101000110111100100000011101000110100001100101001000000110110101100101011000010111010000100000011011110110011000100000011101000110100001100101001000000110011001110010011101010110100101110100001011000010000001100001011001100111010001100101011100100010000001101000011000010111011001101001011011100110011100100000011000100110010101100001011101000110010101101110001000000110100101110100001000000111000101110101011010010111010001100101
110011001101001011011100110010100100000011010010110111000100000011000010010000001101101011011110111001001110100011000010111001000101100001000000110100101101110001000000111010001101000011001010010000001110000011100100110111101110000011011110111001001110100011010010110111101101110001000000110111101100110001000000110000100100000011100000110111101110101011011100110010000100000011101000110111100100000011000010010000001110000011011110111010101101110011001000010000001100001011011100110010000100000011000010010000001101000011000010110110001100110001000000110111101100110
110110001101111011000010110011000100000011100110111010101100111011000010111001000100000011001100110100101101110011001010110110001111001001000000110001001100101011000010111010001100101011011100010000001100110011010010111001001110011011101000010111000100000010101110110100001100101011011100010000001110100011010000110010100100000011100000110000101110011011101000110010100100000011010010111001100100000011001100110100101101110011001010110110001111001001000000110110101101001011110000110010101100100001011000010000001101101011000010110101101100101001000000110100101110100
1101001011011100111010001101111001000000111001101101101011000010110110001101100001000000110001101100001011010110110010101110011001011000010000001100001011011100110010000100000011001000111001001111001001000000111010001101000011001010110110100100000011011110110111000100000010000110110100001101001011011100110000100100000011100000110110001100001011101000110010101110011001000000110100101101110001000000110000100100000011010000110111101110100001000000111001001101111011011110110110100101100001000000110000101101110011001000010000001110100011101010111001001101110
11101000110100001100101011011010010000001100100011000010110100101101100011110010010111000100000010001000110111100100000011011100110111101110100001000000110110001100101011101000010000001110100011010000110010101101101001000000110001001100101001000000111010001101111011011110010000001100100011100100111100100101110
10101000110100001100101011110010010000001100001011100100110010100100000011001010111100001100011011001010110110001101100011001010110111001110100001000000110011001101111011100100010000001100111011011110111010101110100011110010010000001110011011101000110111101101101011000010110001101101000011100110010110000100000011011110111001000100000011001100110111101110010001000000111010001110010011000010111011001100101011011000110110001100101011100100111001100101110
1010100011010000110010100100000011100000110010101100101011011000111001100100000011011110110011000100000010000110110100001101001011011100110000100100000011011110111001001100001011011100110011101100101011100110010110000100000011100110110111101100001011010110110010101100100001000000110000100100000011011100110100101100111011010000111010000101100001000000111010001101000011001010110111000100000011001000111001001100001011010010110111001100101011001000010000001100001011011100110010000100000011000100110111101101001011011000110010101100100001000000111010101110000
11010010110111000100000011000010010000001110011011110010111001001110101011100000010000001110100011010010110110001101100001000000110010101101110011011110111010101100111011010000010000001110100011011110010000001100010011001010010000001110100011001010110111001100100011001010111001000101100001000000110000101101110011100110111011101100101011100100010000001100110011011110111001000100000011000110110111101101101011011010110111101101110001000000111000001110101011001000110010001101001011011100110011101110011
1100101011110000111010001110010011001010110110101100101011011000111100100100000011101110110010101101100011011000010110000100000011000010110111001100100001000000110000101110010011001010010000001101111011001100010000001101110011011110010000001110110011000010110110001110101011001010011101100100000011101110110100001100101011100100110010101100001011100110010000001010011011001010111011001101001011011000110110001100101001000000110000101110010011001010010000001110101011100110111010101100001011011000110110001111001001000000110010001100101011000010111001000101100
1100001011011100110010000100000011100110110111101101101011001010111010001101001011011010110010101110011001000000110001101100001011011100110111001101111011101000010000001100010011001010010000001101000011000010110010000101110
1011111010101000110111100100000011100000111001001100101011100110110010101110010011101100110010100100000010011010110111101110010011001010110110001101100011000010010000001000011011010000110010101110010011100100110100101100101011100110010111001011111
100011101100001011101000110100001100101011100100010000001110100011010000110010101101101001000000111011101101000011001010110111000100000011001100111010101101100011011000010000001110010011010010111000001100101001011000010000001100001011011100110010000100000011100000110010101110010011001100110010101100011011101000110110001111001001000000110010001110010011110010010110000100000011101000110000101101011011001010010000001101111011001100110011000100000011101000110100001100101001000000111001101110100011000010110110001101011011100110010110000100000011000010110111001100100
111000001110010011010010110001101101011001000000111010001101000011001010110110100100000011101110110100101110100011010000010000001100001001000000110111001100101011101110010000001101110011001010110010101100100011011000110010100100000011101000110111100100000011100000111001001100101011101100110010101101110011101000010000001100010011101010111001001110011011101000110100101101110011001110010111000100000010101110110010101101001011001110110100000100000011101000110111100100000011001010111011001100101011100100111100100100000011100000110111101110101011011100110010000101100
11011110110111001100101001000000110000101101110011001000010000001100001001000000110100001100001011011000110011000100000011011110110011000100000011100110111010101100111011000010111001000101