001001000000111001101101101011011110110111101110100011010000011101100100000011101000110100001100101011011100010000001100001011001000110010000100000011100110110100101111000011101000111100100100000011001000111001001101111011100000111001100100000011011110110011000100000011011110110100101101100001000000110111101100110
11100000110010101110000011100000110010101110010011011010110100101101110011101000010110000100000011000100110010101100001011101000010000001101001011101000010000001110111011001010110110001101100001011000010000001100001011011100110010000100000011001000111001001101111011100000010000001101111011011100010000001110111011010000110100101110100011001010010000001110000011000010111000001100101011100100010110000100000011000010110111001100100001000000110010001110010011110010010000001100001011101000010000001100001001000000110010001101001011100110111010001100001011011100110001101100101
110011001110010011011110110110100100000011101000110100001100101001000000110011001101001011100100110010100101110
101111101001100011001010110110101101111011011100010000001000100011100100110111101110000011100110010111001011111
10001110111001001100001011101000110010100100000011101000110100001110010011001010110010100100000011011000110000101110010011001110110010100100000011011000110010101101101011011110110111001110011001011000010000001110111011010010111010001101000001000000110000100100000011011000110000101110010011001110110010100100000011100000110100101100101011000110110010100100000011011110110011000100000011001000110111101110101011000100110110001111001001000000111001001100101011001100110100101101110011001010110010000100000011100110111010101100111011000010111001000111011
11101000110100001100101011011100010000001110011011000110111001001100001011100000110010100100000011101000110100001100101001000000111001101110101011001110110000101110010001000000110100101101110011101000110111100100000011000010010000001110000011011000110000101110100011001010010110000100000011000010110010001100100001000000110100001100001011011000110011000100000011000010010000001110100011001010110000101110011011100000110111101101111011011100110011001110101011011000010000001101111011001100010000001100110011011000110111101110101011100100010110000100000011011010110100101111000
1110111011001010110110001101100001011000010000001100001011011100110010000100000011000100110010101100001011101000010000001101001011101000010000001101001011011100111010001101111001000000110000100100000011011000110100101100111011010000111010000100000011100000110000101110011011101000110010100100000011101110110100101110100011010000010000001110100011010000110010100100000011101110110100001101001011101000110010100100000011011110110011000100000011000010110111000100000011001010110011101100111001011100010000001000100011100100110111101110000001000000110100101110100
11101010111000001101111011011100010000001110111011010000110100101110100011001010010000001110000011000010111000001100101011100100010110000100000011000010110111001100100001000000111000001110101011101000010000001110100011010000110010101101101001000000110100101101110011101000110111100100000011000010010000001101101011011110110010001100101011100100110000101110100011001010010000001101111011101100110010101101110001000000110111101101110001000000110000100100000011101000110100101101110011100000110110001100001011101000110010100101110
10111110100000100100000011000100110010101100001011101010111010001101001011001100111010101101100001000000101001001100101011001000010110000100000011101000110111100100000011100110111010001100001011010010110111000100000010010100110010101101100011011000110100101100101011100110010110000100000010010010110001101100101011100110010000001101111011100100010000001000011011000010110101101100101011100110010111001011111
10000100110111101101001011011000010000001100110011010010110011001110100011001010110010101101110001000000110011101110010011000010110100101101110011100110010000001101111011001100010000001100011011011110110001101101000011010010110111001100101011000010110110000100000011010010110111000100000011101000110100001100101001000000110011001101001011011100110010101110011011101000010000001110000011011110111011101100100011001010111001000101100001000000111011101101001011101000110100000100000011000010010000001100100011100100110000101100011011010000110110100100000011000010110111001100100
11000010010000001101000011000010110110001100110001000000110111101100110001000000110001101110010011001010110000101101101001000000110111101100110001000000111010001100001011100100111010001100001011100100010110000100000011010010110111000100000011010000110000101101100011001100010000001100001001000000111000001101001011011100111010000100000011011110110011000100000011101110110000101110100011001010111001000101100001000000111011001100101011100100111100100100000011100110110110001101111011101110110110001111001001011000010000001101000011000010110110001100110001000000110000101101110
11010000110111101110101011100100010111000100000010000010110010001100100001000000110100101101110001000000110001001101111011010010110110001101001011011100110011100100000011000010010000001100010011010010111010000100000011011110110011000100000011000010110110001110101011011010010000001110100011010000110010100100000011100110110100101111010011001010010000001101111011001100010000001100001001000000111000001100101011000010010111000100000010011110111001000100000011101010111001101100101001000000110001001100101011001010111010001110010011011110110111101110100
11100110110110001101001011000110110010101100100001011000010000001100001011011100110010000100000011100110110111101101101011001010010000001101100011010010111000101110101011011110111001000100000011100000110111101110101011100100110010101100100001000000110111101110110011001010111001000101110
10001100110111101110010001000000111011101101000011010010111010001100101001011000010000001110101011100110110010100100000011000010110110001101101011011110110111001100100011100110010110000100000011001100110100101101110011001010110110001111001001000000111000001101111011101110110010001100101011100100110010101100100001011000010000001110111011010010111010001101000001000000110000100100000011011000110100101110100011101000110110001100101001000000110010001110010011011110111000000100000011011110110011000100000011101110110000101110100011001010111001000111011001000000110111101110010
1110101011100110110010100100000011000110111001001100101011000010110110100101110
10001100110111101110010001000000111100101100101011011000110110001101111011101110010110000100000011110010110010101101100011010110111001100100000011011110110011000100000011001010110011101100111011100110010110000100000011011110111001000100000011000010010000001100010011010010111010000100000011011110110011000100000011100110110000101100110011001100111001001101111011011100010000001110011011101000110010101100101011100000110010101100100001000000110100101101110001000000111010001101000011001010010000001101100011010010111000101110101011011110111001000100000011000010110111001100100
11100110111000101110101011001010110010101111010011001010110010000101110
1000110011011110111001000100000011001110111001001100101011001010110111000101100001000000111000001101111011101010110111001100100001000000111001101110000011010010110111001100001011000110110100000100000011011000110010101100001011101100110010101110011001000000110111101110010001000000110001001100101011001010111010000100000011011000110010101100001011101100110010101110011001011000010000001100101011110000111000001110010011001010111001101110011001000000111010001101000011001010010000001101010011101010110100101100011011001010010110000100000011000010110111001100100
110001001101111011010010110110000100000011010010110111000100000011000010010000001110100011001010110000101100011011101010111000001100110011101010110110000100000011010010110111000100000011000010010000001110011011000010111010101100011011001010111000001100001011011100010000001101111011001100010000001110111011000010111010001100101011100100010110000100000011101000110111100100000011101000110000101101011011001010010000001101111011001100110011000100000011101000110100001100101001000000111001001100001011101110110111001100101011100110111001100101110
1011111010001000110000101101101011100110110111101101110001000000100001101101000011001010110010101110011011001010010111001011111
10000100110000101101011011001010010000001101111011100100010000001100010011011110110100101101100001000000111010001101000011001010010000001100110011100100111010101101001011101000010000001101001011011100010000001100001001000000111001101110100011011110110111001100101011010100110000101110010001011000010000001101001011011100010000001100001001000000111001101100001011101010110001101100101011100000110000101101110001000000110111101100110001000000111011101100001011101000110010101110010001011000010000001101111011100100010000001101111011011100010000001100001
11010000110111101110100001000000110100001100101011000010111001001110100011010000010111000100000010100000110111101110101011100100010000001101111011001100110011000100000011100110110111101101101011001010010000001101111011001100010000001110100011010000110010100100000011010100111010101101001011000110110010100101100001000000110000101101110011001000010000001110100011011110010000001100101011101100110010101110010011110010010000001110100011101110110111100100000011100000110111101110101011011100110010001110011001000000110111101100110
110011001110010011101010110100101110100001011000010000001110111011001010110100101100111011010000010000001101000011000010110110001100110001000000110000100100000011100000110111101110101011011100110010000100000011011110110011000100000011100110111010101100111011000010111001000101110001000000101001101100101011101000010000001110100011010000110010100100000011001100111001001110101011010010111010000100000011011110111011001100101011100100010000001100001001000000110011001101001011100100110010100100000011010010110111000100000011101000110100001100101
111000001100001011011100010110000100000011011000110010101110100001000000110100101110100001000000110001001101111011010010110110000100000011100010111010101101001011000110110101101101100011110010010000001110100011010010110110001101100001000000110100101110100001000000110001001100101011001110110100101101110011100110010000001110100011011110010000001101