0000110110001101001011101000111010001101100011001010010000001110011011101010110011101100001011100100011101100100000011101110110100001101001011100110110101100100000011010010111010000101100001000000110000101101110011001000010000001100001011100110010000001110100011010000110010100100000011001100111001001101111011101000110100000100000011100100110100101110011011001010111001100100000011100000111010101110100001000000110100101110100
11011110110111000100000011101000110100001100101001000000110110001100101011011010110111101101110011010100111010101101001011000110110010100101110
100010001101111001000000110100101110100001000000111010001101000011001010010000001100100011000010111100100100000011000100110010101100110011011110111001001100101001000000110100101110100001000000110100101110011001000000111010001101111001000000110001001100101001000000111010101110011011001010110010000101110
101111101000011011011110110011001100110011001010110010100100000010000110111001001100101011000010110110100101110001000000100110101110101011000110110100000100000011000010110010001101101011010010111001001100101011001000010111001011111
1000010011011110110100101101100001000000110000100100000011000110110000101101100011001101110001010000000100110010111001100100000011001100110111101101111011101000010000001101001011011100010000001110111011000010111010001100101011100100010000001110100011010010110110001101100001000000110100101110100001000000111011101100001011100110111010001100101011100110010000001110100011011110010000001100001001000000111000001101001011011100111010000100000011011110110011000100000011010100110010101101100011011000111100100111010001000000110001101101100011001010110000101110010001000000110100101110100
110111101100110001000000111001101100101011001000110100101101101011001010110111001110100001000000110000101101110011001000010000001100110011000010111010000101110001000000100110101100001011010110110010100100000011000010010000001110100011001010110000101100011011101010111000000100000011011110110011000100000011101100110010101110010011110010010000001110011011101000111001001101111011011100110011100100000011000110110111101100110011001100110010101100101001110110010000001100011011011000110010101100001011100100010000001101001011101000010000001110111011010010111010001101000
11000010010000001100010011010010111010000100000011011110110011000100000011010010111001101101001011011100110011101101100011000010111001101110011001000000111010001101111001000000110001001100101001000000111000001100101011100100110011001100101011000110111010001101100011110010010000001100010011100100110100101100111011010000111010000111011001000000111000001101111011101010111001000100000011010010111010000100000011101000110111100100000011101000110100001100101001000000110101001100101011011000110110001111001001011000010000001100001011011100110010000100000011000010110010001100100
11000010010000001110000011010010110111001110100001000000110111101100110001000000111011001100101011100100111100100100000011001110110111101101111011001000010000001100011011100100110010101100001011011010010110000100000011000010110111001100100001000000110000101110011001000000110110101110101011000110110100000100000011001100110100101101110011001010010000001001100011010010111001101100010011011110110111000100000011100110111010101100111011000010111001000100000011000010111001100100000011010010111001100100000011100000110110001100101011000010111001101100001011011100111010000101110
10001110110100101110110011001010010000001101111011011100110010100100000011000100110111101101001011011000010000001110101011100000010110000100000011000010110111001100100001000000111000001101111011101010111001000100000011010010110111001110100011011110010000001110100011010000110010100100000011001000110100101110011011010000010111000100000010010010111010000100000011100110110100001101111011101010110110001100100001000000110101001100101011011000110110001111001001011000010000001100010011101010111010000100000011011100110111101110100001000000110001001100101
111001101110100011010010110011001100110001011100010000001001111011000100111001101100101011100100111011001100101001000000111010001101000011000010111010000100000011110010110111101110101011100100010000001100011011011110110011001100110011001010110010100100000011000100110010100100000011001100111001001100101011100110110100000101110
101111101001111011100100110000101101110011001110110010100100000010001100110111101101111011011000010111001011111
1001101011010010111100000100000011101000110100001100101001000000110101001110101011010010110001101100101001000000110111101100110001000000111010001101000011100100110010101100101001000000101001101100101011101100110100101101100011011000110010100100000011011110111001001100001011011100110011101100101011100110010110000100000011101000110100001110010011001010110010100100000011001010110011101100111011100110010000001110111011001010110110001101100001000000110001001100101011000010111010001100101011011100010110000100000011000010010000001110000011010010110111001110100
1101111011001100010000001100011011100100110010101100001011011010010110000100000011000010010000001101100011010010111010001110100011011000110010100100000011011100111010101110100011011010110010101100111001000000110000101101110011001000010000001100011011010010110111001101110011000010110110101101111011011100010110000100000011000010110111001100100001000000111001101110111011001010110010101110100011001010110111000100000011101000110111100100000011110010110111101110101011100100010000001110100011000010111001101110100011001010010111000100000010100110110010101110100
11101000110100001100101001000000111011101101000011011110110110001100101001000000110111101110110011001010111001000100000011000010010000001110011011011000110111101110111001000000110011001101001011100100110010100101100001000000110000101101110011001000010000001110011011101000110100101110010001000000110100101110100001000000111010001101001011011000110110000100000011010010111010000100000011000100110010101100011011011110110110101100101011100110010000001100001011100110010000001110100011010000110100101100011011010110010000001100001011100110010000001100111011011110110111101100100
1101101011001010110110001110100011001010110010000100000011000100111010101110100011101000110010101110010001011000010000001100010011101010111010000100000011010010111010000100000011011010111010101110011011101000010000001101110011011110111010000100000011000100110010100100000011000100110111101101001011011000110010101100100001110110010000001110100011010000110010101101110001000000111000001101111011101010111001000100000011010010111010000100000011010010110111001110100011011110010000001100001001000000110010001101001011100110110100000100000011001100110111101110010
11001010110000101110100011010010110111001100111001000000110001101101111011011000110010000101110
10111110100011101101111011011110111001101100101011000100110010101110010011100100111100100100000010001100110111101101111011011000010111001011111
101000001110101011101000010000001110100011010000110010100100000011001100111001001110101011010010111010000100000011010010110111001110100011011110010000001100001001000000111001101110100011011110110111001100101011010100110000101110010001000000110000101101110011001000010000001110011011011110110110101100101001000000110011101101111011011110110010000100000010011000110100101110011011000100110111101101110001000000111001101110101011001110110000101110010001000000111011101101001011101000110100000100000011101000110100001100101011011010011101000100000011100110110010101110100
1110100011010000110010100100000011010100110000101110010001000000110111101101110001000000110000100100000011100110111010001101111011101100110010100101100001000000110111101110010001000000110100101101110001000000110000100100000011100110110000101110101011000110110010101110000011000010110111000100000011011110110011000100000011101110110000101110100011001010111001000100000011011110111011001100101011100100010000001110100011010000110010100100000011001100110100101110010011001010011101100100000011010010110011000100000011101000110100001100101
110011001101111011100100110110101100101011100100010110000100000011000010010000001101100011000010111001001100111011001010010000001110011011100000110111101101111011011100110011001110101011011000010000001101111011001100010000001110111011000010111010001100101011100100010000001110011011010000110111101110101011011000110010000100000011000100110010100100000011000010110010001100100011001010110010000100000011101000110111100100000011101000110100001100101001000000110011001110010011101010110100101110100001011100010000001010111011010000110010101101110001000000110100101110100
110100101110011001000000110010001101111011011100110010100100000011001010110111001101111011101010110011101101000001000000111010001101111001000000111000001110101011011000111000000101100001000000111000001110010011001010111001101110011001000000110100101110100001000000111010001101000011100100110111101110101011001110110100000100000011000010010000001100011011011110110110001100001011011100110010001100101011100100011101000100000011010000110000101110110011001010010000001110010011001010110000101100100011110010010000001100001
111001101110101011001100110011001101001011000110110100101100101011011100111010000100000011100010111010101100001011011100111010001101001011101000111100100100000011011110110011000100000011011100110010101110111001000000110110101101001011011000110101100101100001000000110000101101110011001000010000001100001001000000111010001100101011000010110001101110101011100000010000001101111011001100010000001110010011000010111011100100000011000110111001001100101011000010110110100100000011000100110111101101001011011000110010101100100
111010001101111011001110110010101110100011010000110010101110010001110110010000001101111011100100010000001100001011011100010000001100101011001110110011100100000011010010110111001110011011101000110010101100001011001000010000001101111011001100010000001110100011010000110010100100000011011000110000101110100011101000110010101110010001011000010000001100001011011100110010000100000011011000110010101100110011101000010000001110100011011110010000001100010011001010010000001100011011011110110110001100100001110110010000001110100011010000110010101101110
111001101110111011001010110010101110100011001010110111000100000011010010111010000100