100110001000000110111001110101011101000110110101100101011001110010111000100000010100000111010101110100001000000110000100100000011011000110100101110100011101000110110001100101001000000111011101100001011101000110010101110010001000000110000101101110011001000010000001100001
1101100011010010111010001110100011011000110010100100000011001110111001001100001011101100111100100100000011010010110111001110100011011110010000001110100011010000110010100100000011001000110100101110011011010000010110000100000011000010110111001100100001000000110001101101111011101100110010101110010001000000110100101110100001000000111011101101001011101000110100000100000011000010010000001110100011011110110110001100101011100100110000101100010011011000111100100100000011101000110100001101001011000110110101100100000011000110111001001110101011100110111010000111010
110001001100001011010110110010100100000011010010111010000100000011010010110111000100000011000010010000001110011011011000110111101110111001000000110111101110110011001010110111000111011001000000110000101101110011001000010000001110111011010000110010101101110001000000110010001101111011011100110010100101100001000000111000001101111011101010111001000100000011010010110111001110100011011110010000001101001011101000010000001100001011100110010000001101101011101010110001101101000001000000110011101110010011000010111011001111001001000000110000101110011001000000110100101110100
11000110110000101101110001000000111000001101111011100110111001101101001011000100110110001111001001000000110100001101111011011000110010000101100001000000110000101101110011001000010000001100100011011110010000001101110011011110111010000100000011000110111010101110100001000000110100101110100001000000111010001101001011011000110110000100000011100000110010101110010011001100110010101100011011101000110110001111001001000000110001101101111011011000110010000111010001000000110100101101110001000000110010001101111011010010110111001100111
11101110110100001101001011000110110100000101100001000000110111101100010011100110110010101110010011101100110010100100000011101000110111100100000011101010111001101100101001000000110000100100000011101100110010101110010011110010010000001110011011010000110000101110010011100000010000001101011011011100110100101100110011001010010110000100000011000010110111001100100001000000110011001101001011100100111001101110100001000000110001101110101011101000010000001101111011101010111010000100000011000010010000001101100011000010111001001100111011001010010000001100010011010010111010000101100
110011101101111011010010110111001100111001000000110010001101111011101110110111000100000011101000110111100100000011101000110100001100101001000000110001001101111011101000111010001101111011011010010000001101111011001100010000001110100011010000110010100100000011001000110100101110011011010000011101100100000011000010110111001100100001000000111011101101000011001010110111000100000011001000110111101101110011001010010000001110100011010000111010101110011001011000010000001110100011010000110010100100000011001000110100101100110011001100110010101110010011001010110111001110100
11000110110111101101100011011110111010101110010011100110010110000100000011000010110111001100100001000000111010001101000011001010010000001100011011011000110010101100001011100100010000001101010011001010110110001101100011110010010110000100000011010000110000101110110011001010010000001100001001000000110001001100101011000010111010101110100011010010110011001110101011011000010000001101101011000010111001001100010011011000110010101100100001000000110000101110000011100000110010101100001011100100110000101101110011000110110010100101110
10000010010000001110011011011010110000101101100011011000010000001110000011010010110010100100000011011010110000101111001001000000110001001100101001000000110110101100001011001000110010100100000011101000110111100100000011001010110000101110100001000000110100001101111011101000011101100100000011101110110100001101001011000110110100000101100001000000111011101101001011101000110100000100000011010000110100101100111011010000010000001110011011001010110000101110011011011110110111001101001011011100110011100101100001000000110111101111001011100110111010001100101011100100111001100101100
11011010111010101110011011010000111001001101111011011110110110101110011001011000010000001110100011100100111010101100110011001100110110001100101011100110010110000100000011011010110111101110010011001010110110001110011001011000010000000100110011000110010111000100000011010000110000101110011001000000110000100100000011101100110010101110010011110010010000001100111011011110110111101100100001000000110000101110000011100000110010101100001011100100110000101101110011000110110010100101110
101010001101000011001010010000001100011011011110110110001100100001000000111000001101001011001010010000001110111011010010110110001101100001000000110101101100101011001010111000000100000011100110110111101101101011001010010000001100100011000010111100101110011001011100010000001010011011011000110100101100011011001010111001100100000011011010110000101101011011001010010000001100001001000000111000001110010011001010111010001110100011110010010000001110011011010010110010001100101001000000110010001101001011100110110100000101110
10101000110100001100101001000000111000001101001011000110110101101101100011001010110010000100000011101000110111101101110011001110111010101100101011100110010000001101111011001100010000001100110011011110111001001101101011001010111001000100000011000110110000101101100011101100110010101110011111000101000000010011001001000000110100001100101011000010110010001110011001000000110110101100001011110010010000001100010011001010010000001100011011101010111010000100000011010010110111000101100001000000111010001101111001000000111011001100001011100100111100100100000011101000110100001100101
110001101101111011011000110111101110101011100100010110000100000011010010110111001110011011101000110010101100001011001000010000001101111011001100010110000100000011011110111001000100000011000100110010101110011011010010110010001100101011100110010000001101000011000010110110100101110
10111110100001101100001011011000110011011100010100000001001100101110011001000000100100001100101011000010110010000100000010001100111001001101001011000110110000101110011011100110110010101100101011001000010111001011111
10000110110110001100101011000010110111000101100001000000110000101101110011001000010000001101000011000010110110001100110001000000110001001101111011010010110110000100000011010000110000101101100011001100010000001100001001000000110100001100101011000010110010000101110001000000100001101110101011101000010000001110100011010000110010100100000011011010110010101100001011101000010000001101001011011100010000001110011011011010110000101101100011011000010000001100010011010010111010001110011001011000010000001100001011011100110010000100000011100000111010101110100
11010010110111001110100011011110010000001100001001000000111010001101111011100110111001101100101011100100010110000100000011101110110100101110100011010000010000001100001001000000110110001101001011101000111010001101100011001010010000001100111011100100110000101110110011110010010000001101101011000010110010001100101001000000110111101100110001000000111010001101000011001010010000001100010011011110110111001100101011100110010110000100000011000010110111001100100001000000111001101101111011011010110010100100000011011110110011000100000011101000110100001100101
11101110110000101110100011001010111001000100000011010010111010000100000011101110110000101110011001000000110001001101111011010010110110001100101011001000010000001101001011011100010110000100000011000010010000001100010011101010110111001100011011010000010000001101111011001100010000001110011011101110110010101100101011101000010000001101000011001010111001001100010011100110010110000100000011000010110111000100000011011110110111001101001011011110110111000101100001000000110000101101110011001000010000001100001001000000110001001101100011000010110010001100101001000000110111101100110
11011010110000101100011011001010010111000100000010010010110011000100000011110010110111101110101001000000110100001100001011101100110010100100000011000010010000001110011011101110110010101100101011101000110001001110010011001010110000101100100001011000010000001101111011100100010000001111001011011110111010101101110011001110010000001100011011011110110001101101011011001010111001001100101011011000111001100100000011010010110111000100000011101000110100001100101001000000110100001101111011101010111001101100101001011000010000001110101011100110110010100100000011101000110100001100101
110001101101111011000110110101101110011011000110110111101101101011000100111001100111011001000000110100001100001011101100110100101101110011001110010000001100110011010010111001001110011011101000010000001100010011011110110100101101100011001010110010000100000011101000110100001100101011011010010000001110100011001010110111001100100011001010111001000100000011000010110111001100100001000000110001001101100011000010110111001100011011010000110010101100100001011100010000001010011011001010110000101110011011011110110111000100000011101000110100001100101
11001110111001001100001011101100111100100100000011101110110100101110100011010000010000001100001001000000110110001101001011101000111010001101100011001010010000001110000011001010111000001110000011001010111001000101100001000000110111001110101011101000110110101100101011001110010110000100000011000010110111001100100001000000111001101100001011011000111010000111010001000000111001001110101011000100010000001100100011011110111011101101110001000000111001101101111011011010110010100100000011001100110110001101111011101010111001000100000011000010110111001100100
1100010011101010111010001110100011001010111001000101100001000000110000101101110011001000010000001100111011010010111011001100101001000000110000101101100011011000010000001100001001000000110001001101111011010010110110000100000011101000110111101100111011001010111010001101000011001010111001000111011001000000111010001101000011001010110111000100000011100100110010101101101011011110111011001100101001000000111010001101000011001010010000001101000011001010111001001100010011100110010000001100001011011100110010000100000011011110110111001101001011011110110111000101100
110000101101110011001000010000001100001011001000110010000100000011000010010000001