0011100100110100101101110011001110010000001101111011100100010000001100001011101000010000001000011011010000111001001101001011100110111010001101101011000010111001100101110
10111110101011101101000011010010111010001100101001000000100000101101100011001000110010101110010011101110110100101101110011001010011101100100000011101100110010101110010011110010010000001101101011101010110001101101000001000000110110001101001011010110110010100100000010001100111001001101111011011100111010001101001011011100110100101100001011000110010111001011111
1000010011011110110100101101100001000000110010101101001011001110110100001110100011001010110010101101110001000000111000001101111011101010110111001100100011100110010000001101111011001100010000001110111011010000110100101110100011001010010000001110000011011110111011101100100011001010111001000100000011100110111010101100111011000010111001000101100001000000111011101101001011101000110100000100000011100110110100101111000001000000110011101100001011011000110110001101111011011100111001100100000011011110110011000100000011101110110000101110100011001010111001000101100
1100001011011100110010000100000011101000111011101101111001000000111011101101000011010010111010001100101011100110010000001101111011001100010000001100101011001110110011101110011001000000111011101100101011011000110110000100000011000100110010101100001011101000110010101101110001110110010000001110100011010000110010101101110001000000111001101101011011010010110110100100000011010010111010000101100001000000110000101101110011001000010000001110000011101010111010000100000011010010110111000100000011000010010000001110001011101010110000101110010011101000110010101110010
110111101100110001000000110000100100000011100000110010101100011011010110010000001101111011001100010000001100001011011000110010001100101011100100010000001100110011011000110111101110111011001010111001001110011001000000110011001110010011011110110110100100000011101000110100001100101001000000111010001110010011001010110010100100000011101000110100001100001011101000010000001100010011001010110000101110010011100110010000001011111011101110110100001101001011101000110010101011111001000000110001001100101011100100111001001101001011001010111001100111011001000000110010001101111
11011100110111101110100001000000110101101100101011001010111000000100000011101000110100001100101011011010010000001101111011011100010000001110100011010000110010100100000011001100110100101110010011001010010111000100000010101110110100001100101011011100010000001101110011001010110000101110010001000000110001101101111011011000110010000101100001000000111001101110100011010010111001000100000011010010111010000101100001000000110000101101110011001000010000001110000011101010111010000100000011010010110111000100000011100110110100101111000
1110011011100000110111101101111011011100110011001110101011011000111001100100000011011110110011000100000011011000110010101101101011011110110111001101010011101010110100101100011011001010010110000100000011001100110111101110101011100100010000001101111011100100010000001100110011010010111011001100101001000000110111101100110001000000111100101100101011000010111001101110100001011000010000001100001011011100110010000100000011000100110010101100001011101000010000001110111011001010110110001101100001000000110100101101110011101000110111100100000011101000110100001100101
1101100011010010111000101110101011011110111001000111011001000000111001101110100011010010111001000100000011010010111010000100000011001010111011001100101011100100111100100100000011001000110000101111001001110110010000001110000011101010111010000100000011100110110100101111000001000000111000001101111011101010110111001100100011100110010000001101111011001100010000001110100011010000110010100100000011000100110010101110011011101000010000001110010011000010110100101110011011010010110111001110011001011000010000001110011011101000110111101101110011001010110010000101100
110100101101110011101000110111100100000011101000110100001100101001000000110001101100001011100110110101100101100001000000110000101101110011001000010000001110100011101010110111000100000011101000110100001100101001000000111011101101001011011100110010100101110001000000101001101110100011011110111000000100000011010010111010000100000011000110110110001101111011100110110010100101100001000000110000101101110011001000010000001100010011011110111010001110100011011000110010100100000011010010110111000100000011100110110100101111000
1101101011011110110111001110100011010000111001100101110
10101110110100001100101011011100010000001110111011001010110110001101100001000000110101101100101011100000111010000101100001000000111010001101000011010010111001100100000011101110110100101101110011001010010000001110111011010010110110001101100001000000111000001100001011100110111001100100000011001100110111101110010001000000100011001110010011011110110111001110100011010010110111001101001011000010110001100101110
1011111010000110110110001100001011100100111100100100000010101110110100101101110011001010010111001011111
10000100110111101101001011011000010000001100110011010010110011001110100011001010110010101101110001000000110011101100001011011000110110001101111011011100111001100100000011011110110011000100000011101110110000101110100011001010111001000101100001000000111011101101001011101000110100000100000011001100110111101110010011101000111100100100000011001100110100101110110011001010010000001110000011011110111010101101110011001000111001100100000011011110110011000100000011100110111010101100111011000010111001000101100001000000111001101101011011010010110110100100000011010010111010000101100
111011101101000011001010110111000100000011000110110111101101111011011000010000001110000011101010111010000100000011000010010000001101100011010010111010001110100011011000110010100100000011101000110111100100000011000010010000001110001011101010110000101110010011101000110010101110010001000000110111101100110001000000110000100100000011100000110100101101110011101000010000001101111011001100010000001111001011001010110000101110011011101000010110000100000011000010110111001100100001000000111001101101111001000000110001001111001
110010001100101011001110111001001100101011001010111001100100000011000010110010001100100001000000110000100100000011011000110100101110100011101000110110001100101001000000110110101101111011100100110010100101110001000000100100101101110001000000110000101101110001000000110100001101111011101010111001000100000011100000110111101110101011100100010000001110100011010000110010100100000011100110110110101100001011011000110110000100000011100010111010101100001011011100111010001101001011101000111100100100000011101000110111100100000011101000110100001100101
11011000110000101110010011001110110010100101100001000000111000001101111011101010111001000100000011101000110100001100101001000000110110001101001011100010111010101101111011100100010000001101111011011100010000001100011011011000110000101110010011110010010000001100110011011000110111101110111011001010111001001110011001011000010000001110000011010010110001101101011011001010110010000100000011010010110111000100000011101000110100001100101001000000110010001110010011110010011101100100000011101000110100001100101001000000111000101110101011000010110111001110100011010010111010001111001
1100110011011110111001000100000011101000110100001100101001000000110000101100010011011110111011001100101001000000110100101110011001000000111010001110111011001010110110001110110011001010010000001110001011101010110000101110010011101000111001100101110001000000101010001101000011011110111001101100101001000000111011101101000011011110010000001100111011000010111010001101000011001010111001000100000011001100111001001101111011011010010000001110100011010000110010101101001011100100010000001101111011101110110111000100000011001110110000101110010011001000110010101101110
1101101011000010111100100100000011011100110111101110100001000000110100001100001011101100110010100100000011100110111010101100110011001100110100101100011011010010110010101101110011101000010000001110100011011110010000001110000011101010111010000100000011010010110111000100000011000010111010000100000011011110110111001100011011001010010110000100000011000010110111001100100001000000110110101100001011110010010000001100001011001000110010000100000011000010111001100100000011101000110100001100101011110010010000001100011011000010110111000100000011001110110010101110100
111010001101000011001010110110100101100001000000110101101100101011001010111000001101001011011100110011100100000011000010110001101100011011011110111010101101110011101000010000001101111011001100010000001100101011000010110001101101000001000000111000101110101011000010111001001110100001011100010000001010111011010000110010101101110001000000110100101110100001000000110001101100101011000010111001101100101011100110010000001110100011011110010000001101000011010010111001101110011001011000010000001100001011011100110010000100000011101000110100001100101
1100110011011000110111101110111011001010111001001110011001000000110000101110010011001010010000001100001011011000110110000100000011010010110111000101100001000000111001101110100011011110111000000100000011010010111010000100000011101010111000000100000011001100110111101110010001000000110011001101111011101010111001000100000011011010110111101101110011101000110100001110011001011100010000001010010011000010110001101101011001000000110100101110100001000000110111101100110011001100010110000100000011001010110110101110000011101000111100100100000011101000110100001100101
11000100110000101110010011100100110010101101100001000000110111101100110001000000111010001101000011001010010000001100100011100100110010101100111011100110010110000100000011000010110111001100100001000000110000101100100011001000110100101101110011001110010000001100001001000000110011101100001011011000110110001101111011011100010000001101111011001100010000001110100011010000110010100100000011000100110010101110011011101000010000001100010011100100110000101101110011001000111100100101100001000000111001101110100011011110111000000100000011010010111010000100000011101010111000000101100
110000101101110011001000010000001101100011001010111010000100000011010010111010000100000011100110111010001100001011011100110010000100000011100110110100101111000001000000110111101110010001000000110010101101001011001110110100001110100001000000111011101100101011001010110101