0010110110001100110001000000110000100100000011011000110000101110010011001110110010100100000011100100110010101100100001000000110001101100001011000100110001001100001011001110110010100111010001000000111011101100001011100110110100000100000011010010111010000101100001000000110000101101110011001000010000001110000011101010111010000100000011010010110111001110100011011110010000001100001
111001101100001011101010110001101100101011100000110000101101110001011000010000001110111011010010111010001101000001000000111000001100101011100000111000001100101011100100010000001100001011011100110010000100000011100110110000101101100011101000010110000100000011011100110111100100000011101110110000101110100011001010111001000100000011000100111010101110100001000000111011101101000011000010111010000100000011010000110000101101110011001110111001100100000011000010110001001101111011101010111010000100000011101000110100001100101
1100110011011110111001001101101011001010111001000101100001000000110000101101110011001000010000001100001001000000111000001101001011001010110001101100101001000000110111101100110001000000110001001110101011101000111010001100101011100100010111000100000010100110111010001100101011101110010000001110100011010010110110001101100001000000111000101110101011010010111010001100101001000000111010001100101011011100110010001100101011100100011101100100000011101000110100001100101011011100010000001110111011010000110010101101110001000000110011101101111011010010110111001100111
11101000110111100100000011100110110010101110010011101100110010100101100001000000111000001110101011101000010000001110100011011110010000001101001011101000010000001101000011000010110110001100110001000000110000100100000011000110111010101110000001000000110111101100110001000000111011001101001011011100110010101100111011000010111001000101100001000000110000101101110011001000010000001110011011101000110100101110010001000000110100101110100001000000110111101110110011001010111001000100000011101000110100001100101001000000110011001101001011100100110010100101110
101001101100101011100100111011001100101001000000110011001101111011100100010000001100011011011110110110001100100001000000110110101100101011000010111010000101100001000000110111101110010001000000111011101101001011101000110100000100000011100110110000101110101011100110110000101100111011001010111001100100000011011110110111000100000011010010111010000101110
1011111010100110111010001100101011101110110010101100100001000000100110101110101011100110110100001110010011011110110111101101101011100110010111001011111
10000110110100001101111011011110111001101100101001000000110110001100001011100100110011101100101001000000110001001110101011101000111010001101111011011100111001100101100001000000110111101110010001000000111001101101101011000010110110001101100001000000110011001101100011000010111000001110011001011000010000001100010011001010110011001101111011100100110010100100000011101000110100001100101001000000110011001110010011010010110111001100111011001010010000001100010011001010010000001110100011101010111001001101110011001010110010000100000011000100110110001100001011000110110101100111010
11100000110100101100011011010110010000001100101011000010110001101101000001000000110111101101110011001010010000001110011011001010111000001100001011100100110000101110100011001010110110001111001001011000010000001100001011011100110010000100000011011110110001001110011011001010111001001110110011001010010000001110100011010000110010101110010011001010010000001101001011100110010000001101110011011110111010000100000011000010010000001100010011000010110010000100000011011110110111001100101001110110010000001110010011101010110001000100000011101000110100001100101
11001100110111101110010011011010110010101110010001011000010000001110111011010010111010001101000001000000110000100100000011001100110110001100001011011100110111001100101011011000010000001100001011011100110010000100000011100110110000101101100011101000010110000100000011100110110101101101001011011100010000001110100011010000110010100100000011011000110000101110100011101000110010101110010001011000010000001100001011011100110010000100000011101000110000101101011011001010010000001101111011101010111010000100000011101000110100001100101
110011001110010011010010110111001100111011001010010111000100000010101000110100001110010011011110111011100100000011101000110100001100101011011010010000001101001011011100111010001101111001000000110000100100000011100110111010001100101011101110111000001100001011011100010110000100000011101110110100101110100011010000010000001100001001000000110110001101001011101000111010001101100011001010010000001110011011000010110110001110100001011000010000001100001001000000111000001101001011001010110001101100101001000000110111101100110
110001001110101011101000111010001100101011100100010110000100000011000010110111001100100001000000110000100100000011001100110010101110111001000000111000001100101011100000111000001100101011100100111001100111011001000000111001101100101011101000010000001110100011010000110010101101101001000000110111101101110001000000110000100100000011100110110110001100001011000110110101100100000011100000110000101110010011101000010000001101111011001100010000001110100011010000110010100100000011001100110100101110010011001010010110000100000011000010110111001100100
111001101101000011000010110101101100101001000000111010001101000011001010110110100100000011100110110111101101101011001010111010001101001011011010110010100101110001000000101011101101000011001010110111000100000011101000110010101101110011001000110010101110010001011000010000001100001011001000110010000100000011101000111011101101111001000000110110001100001011100100110011101100101001000000111001101110000011011110110111101101110011001100111010101101100011100110010000001101111011001100010000001100011011100100110010101100001011011010010110000100000011000010110111001100100
1100001001000000110010001110101011100110111010000100000011011110110011000100000011001100110110001101111011101010111001000101110
101111101010011011101000110010101110111011001010110010000100000010100110110111101110010011100100110010101101100001000000110011001101111011100100010000001000110011100100110100101100011011000010110111001100100011001010110000101110101001011000010000001100001011011100110010000100000011100100110111101100001011100110111010000100000010011010110010101100001011101000010111001011111
10101110110000101110011011010000010000001110100011010000110010100100000011100110110111101110010011100100110010101101100001011000010000001100001011011100110010000100000011100000111010101110100001000000110100101110100001000000110100101101110001000000110000100100000011100110110100101101100011101100110010101110010001000000111011001100101011100110111001101100101011011000010110000100000011011110111001000100000011100110111010001101111011011100110010101101010011000010111001000101100001000000110000101101110011001000010000001101110011011110010000001101101011011110111001001100101
1110111011000010111010001100101011100100010000001110100011010000110000101101110001000000110100001100001011011100110011101110011001000000111010001101111001000000111010001101000011001010010000001101100011001010110000101110110011001010111001100101110001000000101001101101001011011010110110101100101011100100010000001101001011011100010000001110100011010000110010100100000011100110110110001101111011101110110010101110011011101000010000001110111011000010111100100100000011110010110111101110101001000000110001101100001011011100011101100100000011000010110111001100100
111011101101000011001010110111000100000011001000110111101101110011001010010000001100101011011100110111101110101011001110110100000101100001000000111000001110101011101000010000001100001001000000110001001101001011101000010000001101111011001100010000001100010011101010111010001110100011001010111001000101100001000000110000101101110011001000010000001100010011001010110000101110100001000000110100101110100001000000111011101100101011011000110110000101110
101111101010011011101000110010101110111011001010110010000100000010000110110000101110010011100100110111101110100011100110010111001011111
100100001100001011011000110011000100000011000100110111101101001011011000010110000100000011101000110100001100101011011100010000001101110011010010110001101100101011011000111100100100000011100110110001101110010011000010111000001100101001011000010000001100001011011100110010000100000011100110110110001101001011000110110010100100000011101000110100001100101011011010010000001101001011011100111010001101111001000000110000100100000011100110111010001100101011101110111000001100001011011100010111000100000010100000111010101110100001000000111010001101111
111010001101000011001010110110100100000011010000110000101101100011001100010000001100001001000000111010001100101011000010110001101110101011100000010000001101111011001100010000001100001011011100111100100100000011101110110010101100001011010110010000001100010011100100110111101110100011010000010110000100000011100110110111101101101011001010010000001110000011001010111000001110000011001010111001000101100001000000110000101101110011001000010000001110011011000010110110001110100001011000010000001100001011011100110010000100000011010000110000101101100011001100010000001100001
1100011011101010111000000100000011011110110011000100000011000110111001001100101011000010110110100111011001000000111001101101001011011010110110101100101011100100010000001110100011011110010000001100010011001010010000001110110011001010111001001111001001000000111010001100101011011100110010001100101011100100010110000100000011000100111010101110100001000000110111001101111011101000010000001100010011100100110111101101011011001010010111000100000010000100110010101100110011011110111001001100101001000000111001101100101011100100111011001101001011011100110011100101100
111001001110101011000100010000001110100011010000110010100100000011011000110010101100001011100110111010000100000011001100110110001101111011101010111001000100000011101110110100101110100011010000010000001100001001000000110001001101001011101000010000001101111011001100010000001100010011101010111010001110100011001010111001000101100001000000110000101101110011001000010000001110111011000010111001001101101001000000111010101110000001000000111011101101001011101000110100000100000011010010111010000101110001000000100100101100110
11000010111000001110