1010000110010100100000011101000110000101110000011001010010111000100000010100000111010101110100001000000111010001101000011001010010000001100010011001010110010101100110
1110101011011100110010001100101011100100010000001100001001000000110011101101111011011110110010000100000011101110110010101101001011001110110100001110100001000000111011101101000011010010110110001100101001000000110100001101111011101000010110000100000011101110110100101110100011010000110111101110101011101000010000001110101011011100110010001101111011010010110111001100111001000000110100101110100001110110010000001110100011010000110010100100000011100110110100001100001011100000110010100100000011101110110100101101100011011000010000001110100011010000110010101101110
11000100110010100100000011011110111011001100001011011000010111000100000010100000110000101110010011101000010000001101111011001100010000001100001001000000110001001110010011001010110000101110011011101000010000001101111011001100010000001110110011001010110000101101100001011000010000001110010011011110110110001101100011001010110010000100000011010010110111000100000011101110110100101110100011010000010000001110100011010000110010100100000011000100110010101100101011001100010110000100000011011000110111101101111011010110111001100100000011000010110111001100100
11001010110000101110100011100110010000001110110011001010111001001111001001000000111011101100101011011000110110000101110
101111101000010011001010110010101100110011100110111010001100101011000010110101100100000011000010110111001100100001000000100111101111001011100110111010001100101011100100010000001010011011000010111010101100011011001010010111001011111
101001101110100011100100110000101101001011011100010000001101111011001100110011000100000011101000110100001100101001000000110110001101001011100010111010101101111011100100010000001100110011100100110111101101101001000000111010001101000011001010010000001101111011110010111001101110100011001010111001001110011001011000010000001100001011011100110010000100000011101000110100001110010011011110111011100100000011101000110100001100101011011010010000001101001011011100010000001100011011011110110110001100100001000000111011101100001011101000110010101110010001000000111010001101111
11101000110000101101011011001010010000001101111011001100110011000100000011101000110100001100101001000000110011101110010011010010111010000101100001000000111011101101000011010010110110001100101001000000111100101101111011101010010000001110011011010010110110101101101011001010111001000100000011101000110100001100101001000000110011001101111011100100110110101100101011100100010000001110111011010010111010001101000001000000110000100100000011000100110100101110100001000000110111101100110001000000110110101100001011000110110010100100000011000010110111001100100
1101100011001010110110101101111011011100111000001100101011001010110110000111011001000000111010001101000011001010110111000100000011100000111010101110100001000000111010001101000011001010010000001101111011110010111001101110100011001010111001001110011001000000110100101101110001011000010000001110011011101000110010101110111001000000111010001101000011001010110110100100000011000010010000001100110011001010111011100100000011011010110100101101110011101010111010001100101011100110010110000100000011000010110111001100100001000000110000101100100011001000010000001100001
110110001101001011101000111010001101100011001010010000001100011011100100110010101100001011011010010000001101001011001100010000001111001011011110111010100100000011010000110000101110110011001010010000001101001011101000010110000100000011000010110111001100100001000000111001101101111011011010110010100100000011000100111010101110100011101000110010101110010001011000010000001110010011101010110001001100010011001010110010000100000011010010110111000100000011000010010000001100010011010010111010000100000011011110110011000100000011001100110110001101111011101010111001000111011
110110001100101011101000010000001110100011010000110010101101101001000000110001001101111011010010110110000100000011101010111000000100000011011110110111001100011011001010010110000100000011000010110111001100100001000000110100001100001011101100110010100100000011100100111010101101101011100000010000001110011011101000110010101100001011010110111001100101100001000000111011101100101011011000110110000100000011100110110010101100001011100110110111101101110011001010110010000100000011000010110111001100100001000000110001001110010011011110110100101101100011001010110010000101100
11100100110010101100001011001000111100100100000011001100110111101110010001000000111010001101000011100100110111101110111011010010110111001100111001000000111010001101000011001010010000001101111011110010111001101110100011001010111001000100000011100110110000101110101011000110110010100100000011011110111011001100101011100100010000001110100011010000110010100100000011011010110111101101101011001010110111001110100001000000111100101101111011101010010000001100001011100100110010100100000011101000110111100100000011100110110010101110010011101100110010100101110
10111110101001101110100011000010110011001100110011011110111001001100100011100110110100001101001011100100110010100100000010000100110010101100101011001100111001101110100011001010110000101101011011100110010111001011111
1000010011001010110000101110100001000000111010001101000011001010110110100100000011000010010000001101100011010010111010001110100011011000110010100100000011101110110100101110100011010000010000001100001001000000111001001101111011011000110110001101001011011100110011100100000011100000110100101101110001110100010000001100110011011000110111101110101011100100010000001100001011011100110010000100000011100110110010101100001011100110110111101101110001000000111010001101000011001010110110100111011001000000111010001101000011001010110111000100000011001100111001001111001
11101110110100101110100011010000010000001110011011011000110100101100011011001010110010000100000011011110110111001101001011011110110111000100000011101000110111100100000011000010010000001100110011010010110111001100101001000000110110001101001011001110110100001110100001000000110001001110010011011110111011101101110001011100010000001001100011000010111100100100000011101000110100001100101001000000111001101110100011001010110000101101011011100110010000001101001011011100010000001100001001000000111001101110100011001010111011101110000011000010110111000101100
1100001011011100110010000100000011100000110111101110101011100100010000001100001011100110010000001101101011101010110001101101000001000000110001001101111011010010110110001101001011011100110011100100000011101110110000101110100011001010111001000100000011011110111011001100101011100100010000001100001011100110010000001110111011010010110110001101100001000000111001101100101011100100111011001100101001000000110011001101111011100100010000001110011011000010111010101100011011001010011101000100000011100110111010001100101011101110010000001110100011010000110010101101101
111011001100101011100100111100100100000011001110110010101101110011101000110110001111001001000000110100001100001011011000110011000100000011000010110111000100000011010000110111101110101011100100010110000100000011000010110111001100100001000000110000101100100011001000010000001100001001000000111001101110000011011110110111101101110011001100111010101101100001000000110111101100110001000000110001101100001011101000111001101110101011100000010000001101111011100100010000001110111011000010110110001101110011101010111010000100000011011000110100101110001011101010110111101110010
110001001100101011001100110111101110010011001010010000001111001011011110111010100100000011100110110010101110010011101100110010100101110
10111110100100101110100011000010110110001101001011000010110111000100000010000100110010101100101011001100111001101110100011001010110000101101011011100110010111001011111
1000011011101010111010000100000011000010010000001100110011010010110111001100101001000000110110001100001011100100110011101100101001000000111001101110100011001010110000101101011001000000110011001110010011011110110110100100000011000010010000001110010011101010110110101110000001000000111010001101000011000010111010000100000011010000110000101110011001000000110001001100101011001010110111000100000011101110110010101101100011011000010000001101000011101010110111001100111001110110010000001101111011100100010000001101001011101000010000001110111011010010110110001101100
110010001101111001000000110011001110010011011110110110100100000011000010110111001111001001000000101111101110100011001010110111001100100011001010111001001011111001000000111000001100001011100100111010000101110001000000100001001100101011000010111010000100000011010010111010000101100001000000110000101101110011001000010000001110011011001010110000101110011011011110110111000100000011101110110100101110100011010000010000001110000011001010111000001110000011001010111001000101100001000000111001101100001011011000111010000100000011000010110111001100100
1101111011011100110100101101111011011100010111000100000010011000110000101111001001000000110100101110100001000000110100101101110001000000110000101101110001000000110100101110010011011110110111000100000011100110111010001100101011101110111000001100001011011100010110000100000011101000110100001100001011101000010000001101000011000010111001100100000011000010010000001100011011011110111011001100101011100100010000001110100011011110010000001100110011010010111010000100000011100010111010101101001011101000110010100100000011000110110110001101111011100110110010100111011
11100110110010101110100001000000110100101110100001000000110000101110100001000000111010001101000011001010010000001110011011010010110010001100101001000000110111101100110001000000110000100100000011001100110100101110010011001010010110000100000011101110110100101110100011010000110111101110101011101000010000001110111011000010111010001100101011100100010111000100000010101000110000101101011011001010010000001100011011000010111001001100101001000000110100101110100001000000110010001101111011001010111001100100000011011100110111101110100001000000110001001110101011100100110111000101100
1100010011101010111010000100000011010010111010000100000011011010111010101110011011101000010000001101000011000010111011001100101001000000110000100100000011100110111010001110010011011110110111001100111001000000110100001100101011000010111010000