1000010000000110011
10111110101000001100101011101000111010001101001011101000110111101100101011100110101111100101100001000000011010100111000
1011111010100000110010101110111011101000110010101110010010111110010000000101000011100000110000101110100011001010110111001110100001010010010000001110000011011110111001001110100011001010111001001110000011011110111010001110011001011000010000001110100011011110010000001100011011011000110010101100001011011100010110000100000001100100011011100110001
1011111010100000110100001100101011000010111001101100001011011100111010001110011010111110010110000100000011101000110111100100000011100100110111101100001011100110111010000101100001000000011011100110111
1010000010010010100001101001011010011000100010101010011001011000010000000110001001100010011100000100000011101000110111100100000001100010011001000110100
101100001000000111010001101000011000010111010000100000011101110110100101101100011011000010000001101011011001010110010101110000001000000110011001101111011100100010000001111001011001010110000101110010011100110010110000100000011001100110111101110010001000000110100001100001011011010111001100101100001000000111010001101111011011100110011101110101011001010111001100101100001000000110111101110010001000000110001001100101011001010110011000101100001000000011011000111000
101100001000000110000101110010011001010010000001110101011011100110010001100101011100100010000001110100011010000110010100100000011011100110000101101101011001010111001100100000011011110110011000100000011101000110100001100101001000000110000101110010011101000110100101100011011011000110010101110011001000000111000001101001011000110110101101101100011001010110010000101110
101000001001001010001010101001100101100001000000011100000111000001000000111010001101111001000000011100100110000
10110000100000011000010111001001100101001000000111010101101110011001000110010101110010001000000111010001101000011001010010000001101110011000010110110101100101011100110010000001101111011001100010000001110100011010000110010100100000011100000111001001101001011011100110001101101001011100000110000101101100001000000110000101110010011101000110100101100011011011000110010101110011001000000111010001101000011001010111100100100000011000010111001001100101001000000110110101100001011001000110010100100000011011110110011000111011001000000110000101110011
1011111010000010111000001110000011011000110010101011111001000000111000001101001011001010010110000100000001001100110001100101110
1011111010100000110100101100111111000101000000010011001011100110101111100100000011000110110100001100101011001010110101100100000011001100110111101110010001000000110001001101111011010010110110001101001011011100110011100101100001000000011010100111000
110001101101111011011000110110001100001011100100110010101100100001000000110100001100101011000010110010000101100001000000011010100111001
11001100110010101100101011101000010000001100001011011100110010000100000011001010110000101110010011100110010110000100000011001000110100101100110011001100110010101110010011001010110111001110100001000000111011101100001011110010111001100100000011011110110011000100000011001000111001001100101011100110111001101101001011011100110011100101100001000000011011000110000
1100110011100100110100101100011011000010111001101110011011001010110010100101100001000000011011000110000
110100001100001011100100111001101101100011001010111010000101100001000000011011000110111
110101001100101011011000110110001111001001000000110111101100110001000000110011001100101011001010111010000100000011000010110111001100100001000000110010101100001011100100111001100101100001000000011011000110000
10111110101000001101001011001110110010101101111011011100111001101011111001000000110001001110010011011110110100101101100011001010110010000101100001000000011100000111000
11010010110111000100000011010100110010101101100011011000111100100101100001000000011100000110110
1110100011011110010000001110000011010010110001101101011011011000110010100101100001000000011100000110110
1110000011010010110010100101100001000000011100000110111
1110000011011110111010001110100011001010110010000101100001000000011100000110111
11100100110111101100001011100110111010000101100001000000011100000111000
1110011011101000110010101110111011001010110010000101100001000000011100000110101
10110000100000011000010110111001101111011101000110100001100101011100100010000001110111011000010111100100101100001000000011100000110110
1011111010100000110100101101011011001010101111100101100001000000110001001100001011010110110010101100100001011000010000000110100
1011000010000001110011011101000111010101100110011001100110100101101110011001110010000001100110011011110111001000101100001000000011000100110110
10111110101000001101001011100000111000001101001011011100101111100100000011100000111010101100100011001000110100101101110011001110010110000100000001100010011010100110111
1110100011000010111001001110100011100110010110000100000001100010011011100110111
10110000100000011100110111010001100101011101110110010101100100001000000110011101101111011011000110010001100101011011100010110000100000001100010011011100110101
10111110101000001101100011000010110100101100011011001010101111100101100001000000110000101101110001000000110010101111000011000110110010101101100011011000110010101101110011101000010000001110111011000010111100100100000011011110110011000100000011001000111001001100101011100110111001101101001011011100110011100100000011000010010000001101100011000010111001001100111011001010010000001101111011011100110010100101100001000000011000100110001
1011111010100000110110001100001011101000110010101011111001011000010000001110100011011110010000001100011011011000110010101100001011011100010110000100000001100100011011100110011
10111110101000001101100011101010110110101100011011000010110101101100101010111110010110000100000001100100011000100110011
11000010110111001101111011101000110100001100101011100100010110000100000001100100011000100110100
111011001100101011100100111100100100000011001110110111101101111011001000010000001100011011011110110110101101101011011110110111000100000011011110110111001100101011100110010110000100000001100100011001000110000
11011000110100101110100011101000110110001100101001000000110111101101110011001010111001100101100001000000111010001101111001000000110101101100101011001010111000000100000011011000110111101101110011001110010110000100000001100100011001000110001
10111110101000001101100011101010110110100100000011100000111010101100100011001000110100101101110011001110101111100101100001000000110001101101111011011010110110101101111011011100010110000100000001100010011010100110010
1011111010100000110111101100100011011110111011001101001011001010111001101011111001011000010000001101111011100100010000001100010011001010110010101100110001000000111000001100001011101000111010001101001011001010111001100101100001000000011001100110100
1010000010011110100111101010010001000000101000001000101010100100101001101001111010011100101001100101100001000000100100001001001010011100101010001010011001000000101001001000101010100110101000001000101010000110101010001001001010011100100011100100000010101000100100001000101010010010101001000100000010100100100010101001100010010010100010101000110001011000010000000110010001101100011010000100000011101000110111100100000001100100011011000111000
101111101010000011011110111001001101011010111110010110000100000011101000110111100100000011100100110111101100001011100110111010000100000011000010010000001101100011001010110011100101100001000000011010100111001
111010001101111001000000110001001101111011010010110110000100000011000010010000001101100011001010110011100101100001000000011011000110000
1110100011011110010000001110000011010010110001101101011011011000110010100101100001000000011011000110100
1110100011011110010000001110011011000010110110001110100001000000110011001101111011100100010000001100101011000010111010001101001011011100110011100100000011010010110110101101101011001010110010001101001011000010111010001100101011011000111100100101100001000000011001000110111
1101010011001010110110001101100011110010010110000100000010001000111001000101110001000000101001001100001011101000110001101101100011101010110011001100110111000101000000010011001011100110010000001110010011001010111001101110100011011110111001001100001011101000110100101110110011001010010110000100000001100100011010000111001
1110011011101000110010101100001011010110111001100101100001000000011011000110001
110110001101111011010010110111001110011001000000110000101101110011001000010000001101110011001010110001101101011011100110010110000100000011100100110111101100001011100110111010000101100001000000011011000110111
11100100110111101101100011011000110010101100100001000000110111001100101011000110110101100101100001000000011011000111000
10111110101000001101111011100100110101101100101011100101110001010000000100110010111001101011111001000000110100001100101011000010110010000101100001000000111001001101111011000010111001101110100011001010110010000101100001000000011010100111000
101111101010000011011110111001001110100011000010110001001101100011001010010000001110011011011110111010101110000010111110010110000100000011000010010000001110110011001010111001001111001001000000111010101110011011001010110011001110101011011000010000001110100011010000110100101101110011001110010110000100000001100010011000000110001
10111110101000001101111011101000110000101110100011011110110010101110011010111110010110000100000011101000110111100100000011000100110111101101001011011000010110000100000001100010011001000111000
1110100011011110010000001100010011100100110111101101001011011000010110000100000001100010011001000111001
1110100011011110010000001110010011011110110000101110011011101000010110000100000001100010011001000111001
111010001101111001000000110011001110010011110010010110000100000001100010011001000111001
11101000110111100100000011011010110000101110011011010000010110000100000001100010011001000111001
1100011011010000110010101100101011100110110010101100011011000010110101101100101011100110010110000100000001100010011100000110101
10011000110010101101110011101000010110000100000001100010011011000110000
111000001100001011100110111010001110010011110010010110000100000001100010011010000110010
11100000110000101110011011101000111100100101100001000000011100000111000
111000001110101011001000110010001101001011