1101110010000001101001011101000010000001110101011100000010000001110100011010010110011101101000011101000010110000100000011000010110111001100100001000000111000001110101011101000010000001101001011101000010000001101111011011100010000001100001001000000111001101110100011100100110100101101110011001110010000001101111011100100010000001101000011000010110111001100111011010010110111001100111001000000110101001100001011000110110101100101110001000000101001001101111011000010111001101110100001000000110100101110100
1100001011100110010000001100001001000000111000001101001011001110010110000100000011000010110111001100100001000000111001101100101011100100111011001100101001000000111011101101001011101000110100000100000011101000110100001100101001000000111001101100001011011010110010100100000011100110110000101110101011000110110010100101110
1011111010100000110100101100111111000101000000010011001011100110010000001000011011010000110010101100101011010110010000001100110011011110111001000100000011000100110111101101001011011000110100101101110011001110010111001011111
100001101110101011101000010000001101111011001100110011000100000011101000110100001100101001000000111001101101110011011110111010101110100001011000010000001100001011011100110010000100000011000110110110001100101011000010110111000100000011101000110100001100101001000000110100001100101011000010110010000111010001000000110010001101001011101100110100101100100011001010010000001101001011101000010110000100000011101000110000101101011011001010010000001101111011101010111010000100000011101000110100001100101001000000110010101111001011001010111001100100000011000010110111001100100
111010001101000011001010010000001100010011100100110000101101001011011100111001100101100001000000110000101101110011001000010000001110011011100000111001001101001011011100110101101101100011010010110111001100111001000000111010001101000011001010010000001101000011001010110000101100100001000000111011101101001011101000110100000100000011100110110000101101100011101000010110000100000011011000110010101110100001000000110100101110100001000000110010001110010011000010110100101101110001000000111010001110111011001010110111001110100011110010010000001100110011011110111010101110010
1101000011011110111010101110010011100110010111000100000010100110110000101101100011101000010000001101001011101000010000001110111011010010111010001101000001000000110001101101111011011010110110101101111011011100010000001110011011000010110110001110100001000000110000101101110011001000010000001110011011000010110110001110100011100000110010101110100011100100110010100101110001000000100110001100101011101000010000001101001011101000010000001101100011010010110010100100000011001010110100101100111011010000111010000100000011011110111001000100000011101000110010101101110
110010001100001011110010111001100101100001000000110100101100110001000000111010001101111001000000110001001100101001000000110010001110010011001010111001101110011011001010110010000100000011101110110100101110100011010000110111101110101011101000010000001110011011101000110010101110111011010010110111001100111001000000111011101101001011101000110100000100000011100000110010101100001011100110011101100100000011000100111010101110100001000000110110001100101011100110111001100101100001000000110100101100110001000000111010001101111001000000110001001100101
1100100011100100110010101110011011100110110010101100100001000000111011101101001011101000110100000100000011100000110010101100001011100110011101100100000011000010110111001100100001000000110100101110100001000000110110101110101011100110111010000100000011000100110010100100000011101110110000101110011011010000110010101100100001000000110011001101001011100100111001101110100001011000010000001100001011011100110010000100000011101000110100001100101011011100010000001110011011010010110110101101101011001010111001001100101011001000010000001110100011010010110110001101100
110000101101100011011000010000001101001011100110010000001110100011001010110111001100100011001010111001000101110
1011111010000110110111101101100011011000110000101110010011001010110010000100000010010000110010101100001011001000010111001011111
10100110110001101101111011101010111001000100000011101000110100001100101001000000110100001100101011000010110010000100000011000010110111001100100001000000110010101100001011100100111001100100000011011100110100101100011011001010110110001111001001110100010000001110100011000010110101101100101001000000110111101100110011001100010000001110100011010000110010100100000011010000110000101101001011100100010000001100001011011100110010000100000011100110110111001101111011101010111010000101100001000000110000101101110011001000010000001110100011000010110101101100101
11011110111010101110100001000000111010001101000011001010010000001100101011110010110010101110011001000000110000101101110011001000010000001110100011010000110010100100000011000100111001001100001011010010110111000111010001000000110110001100001011110010010000001101001011101000010000001101001011011100010000001110111011000010111010001100101011100100010000001101111011011100110010100100000011011100110100101100111011010000111010000111011001000000111010001101000011001010110111000100000011001000111001001100001011010010110111000100000011000010110111001100100
11100110110000101101100011101000010000001101001011101000010000001100101011110000111010001110010011001010110110101100101011011000111100100100000011101110110010101101100011011000010000001110111011010010111010001101000001000000110001101101111011011010110110101101111011011100010000001110011011000010110110001110100001000000110000101101110011001000010000001110011011000010110110001110100011100000110010101110100011100100110010100101100001000000110000101101110011001000010000001101100011001010111010000100000011010010111010000100000011011000110100101100101
11001100110100101110110011001010010000001100100011000010111100101110011001011100010000001000010011011110110100101101100001000000110100101110100001000000110010101101110011011110111010101100111011010000010000001110100011011110010000001110010011001010110110101101111011101100110010100100000011101000110100001100101001000000110001001101111011011100110010101110011001011000010000001110100011010000110010101101110001000000110110001100001011110010010000001101001011101000010000001101111011011100010000001100001001000000110010001110010011001010111001101110011011001010111001000101100
11101000111010101110010011011100110100101101110011001110010000001110100011010000110010100100000011101000110100001101001011000110110101100100000011001010110111001100100001000000110111101100110001000000110111101101110011001010010000001110011011010010110010001100101001000000110111101100110001000000111010001101000011001010010000001101000011001010110000101100100001000000111010001101111011101110110000101110010011001000111001100100000011101000110100001100101001000000111010001101000011010010110111000100000011001010110111001100100001000000110111101100110
11101000110100001100101001000000110111101110100011010000110010101110010001011000010000001110100011011110010000001101101011000010110101101100101001000000111010001101000011001010010000001110010011011110110110001101100001000000110111101100110001000000110010101110001011101010110000101101100001000000111001101101001011110100110010100101100001000000111001101110000011100100110100101101110011010110110110001100101001000000110100101110100001000000111011101100101011011000110110000100000011101110110100101110100011010000010000001110011011000010110110001110100
11000010110111001100100001000000111011101101000011010010111010001100101001000000111000001100101011100000111000001100101011100100010110000100000011000010110111001100100001000000111001001101111011011000110110000100000011010010111010000100000011101110110100101110100011010000010000001110100011010000110010100100000011001010110000101110010011100110011101100100000011000010110111001100100001000000110100101100110001000000111100101101111011101010010000001100001011100000111000001110010011011110111011001100101001011000010000001110000011101010111010000100000011101000110100001100101
1110000011010010110011111100010100000001001100101110011001000000110011001100101011001010111010000100000011100100110111101110101011011100110010000100000011101000110100001100101001000000110111101110101011101000111001101101001011001000110010100100000011101110110100001100101011011100010000001100010011011110110111001100101011001000011101100100000011011110111001000100000011101000110100001100101001000000111010001101000011010010110111000100000011100000110000101110010011101000111001100100000011011110110011000100000011101000111011101101111
110001101101111011101110110100001100101011001010110110001110011001011100010000001000010011010010110111001100100001000000110100101110100001000000110100101101110001000000110000100100000011000110110110001101111011101000110100000100000011000010110111001100100001000000111011101101001011101000110100000100000011000010010000001100010011100100110111101100001011001000010000001110100011000010111000001100101001011000010000001100001011011100110010000100000011000100110111101101001011011000010000001101001011101000010000001110100011010010110110001101100
1110001011101010110100101110100011001010010000001110100011001010110111001100100011001010111001000111011001000000111010001101000011001010110111000100000011100000111010101110100001000000110000100100000011001110110111101101111011001000010000001110111011001010110100101100111011010000111010000100000011101010111000001101111011011100010000001101001011101000010110000100000011000010110111001100100001000000110010001101111001000000110111001101111011101000010000001110010011001010110110101101111011101100110010100100000011101000110100001100101
1100011011011110111011001100101011100100110100101101110011001110010000001110100011010010110110001101100001000000110001101101111011011000110010000101110
10010010110011000100000011110010110111101110101001000000110001101101000011011110110111101110011011001010010000001101001011101000010000001110100011011110010000001100010011001010010000001101101011011110111001001100101001000000110110001101001011010110110010100100000011000100111001001100001011101110110111000101100001000000111001101100001011011000111010000100000011010010111010000100000011011000110111101101110011001110110010101110010001011000010000001100001011011100110010000