111001011100110010000001101111011001100010000001100100011100100110010101110011011100110110100101101110011001110010110000100000001100010011011100110111
1101010011001010110110001101100011110010010110000100000001100010011011100111000
1100001011011100110010000100000011100100110100101100011011001010010000001101010011001010110110001101100011110010010110000100000001100010011011100111000
10111110100001101110010011000010111011101100110011010010111001101101000010111110010110000100000011100110110111101110101011100000010110000100000001100010011000000110001
1011111010000110111001001100101011000010110110101011111001011000010000001110100011011110010000001110011011000110110000101101100011001000010110000100000001100100011001100110011
1011000010000001101001011011010111000001100101011100100110100101100001011011000010110000100000001100010011011000110111
10110000100000011000010010110000100000001100010011011000111000
1011000010000001001111011101000110100001100101011100100111001100100000011000010111001001100101001000000111010101101110011001000110010101110010001000000111010001101000011001010010000001101110011000010110110101100101011100110010000001101111011001100010000001110100011010000110010100100000011001000110100101100110011001100110010101110010011001010110111001110100001000000111000001110010011010010110111001100011011010010111000001100001011011000010000001100001011100100111010001101001011000110110110001100101011100110010000001110100011010000110010101111001
110000101110010011001010010000001101101011000010110010001100101001000000110111101100110001110110010000001100001011100110010000001011111010000010110110001101101011011110110111001100100010111110010000001100011011100100110010101100001011011010010110000100000001001100110001100101110
1011000010000001100001001000000110011001110010011011110111010001101000001000000111010001101111001000000111001101101001011101000010000001101111011011100010110000100000011101110110100001101001011000110110100000100000011011000110111101101111011010110111001100100000011000010110111001100100001000000110010101100001011101000111001100100000011101110110010101101100011011000010110000100000001100010011011000110010
101100001000000110100101100011011001010010110000100000001100100011000100110000
1011111010000110110100001100101011001010111001101100101010111110010110000100000001100100011001100110100
10110000100000011000010110111001101111011101000110100001100101011100100010110000100000001100100011001100110100
101100001000000110000101101110011011110111010001101000011001010111001000100000011100110110111101110010011101000010110000100000001100100011001100110101
1011000010000001110010011101010111001101101000001000000110001101101000011001010110010101110011011001010010110000100000001100100011001100110101
1011000010000001100001011011100110111101110100011010000110010101110010001000000111011101100001011110010010110000100000001100100011001100110101
101111101000011011100100111010101110011011101000101111100101100001000000110010101111000011000110110010101101100011011000110010101101110011101000010000001110011011010000110111101110010011101000010110000100000001100010011001100111001
10110000100000011000010110111001101111011101000110100001100101011100100010110000100000001100010011100000111001
1011000010000001100001001000000111011001100101011100100111100100100000011001100110100101101110011001010010000001101111011011100110010100100000011001100110111101110010001000000110111101110010011000010110111001100111011001010010000001100011011010000110010101100101011100110110010101100011011000010110101101100101011100110010000001101111011100100010000001110011011101110110010101100101011101000110110101100101011000010111010001110011001011000010000001110111011010000110010101101110001000000111010001101111001000000110001001100101
1110000011000010111001001110100011010010110001101110101011011000110000101110010011011000111100100100000011011100110100101100011011001010010110000100000001100010011001100111001
10110000100000011100100110100101100011011001010010000001110000011010010110010101100011011100100111010101110011011101000010110000100000001100010011010100110000
1011000010000001110010011000010110100101110011011001010110010000100000011000110111001001110101011100110111010000100000011001100110111101110010001000000110001101110101011100110111010001100001011100100110010001110011001011000010000001101111011001100010000001100110011100100111010101101001011101000010110000100000001100010011010000110000
10110000100000011001100110111101110010001000000110110101100101011000010111010000100000011100000110100101100101011100110010110000100000011011110111001000100000011001100110111101110111011011000111001100101100001000000010011001100011001011100010110000100000001100010011010000110000
1011000010000001100110011011110111001000100000011101100110010101101110011010010111001101101111011011100010000001110000011000010111001101110100011110010010110000100000001100010011010000110001
10110000100000011100100110100101100011011001010010000001110000011000010111001101110100011110010010110000100000001100010011010000110001
101100001000000101001101100101011001010010000001100001011011000111001101101111001000000111010001101000011001010010000001100001011100100111010001101001011000110110110001100101001000000101111101010000011000010111001101110100011001010101111100101110
1011111010000110111010101100011011101010110110101100010011001010111001001110011010111110010110000100000011101000110111100100000011100110111010001100101011101110010110000100000001100010011001000110101
1011000010000001100001011011100110111101110100011010000110010101110010001000000111011101100001011110010010110000100000001100010011001000110101
11000010110111001100100001000000110111101101110011010010110111101101110011100110010000001110011011011000110100101100011011001010110010000101100001000000111010001101111001000000111000001101001011000110110101101101100011001010010110000100000001100010011001000110010
1011000010000001100001011011100110111101110100011010000110010101110010001000000111011101100001011110010010110000100000001100010011001000110010
1011000010000001111001011011110111010101101110011001110010110000100000001100010011001000110010
101111101000011011101010110110001101100011010010111001101011111001011000010000001101111011100100010000001100010011100100110111101110111011011100010000001110011011000010111010101100011011001010010110000100000001100010011000000110100
1011111010000110111010101110010011001000111001101011111001000000110000101101110011001000010000001100011011100100110010101100001011011010010110000100000001100010011011000110000
10111110100001101110101011100100110010001011111001011000010000001100001011011100110111101110100011010000110010101110010001000000111011101100001011110010010110000100000001100010011011000110001
1110000011101010110010001100100011010010110111001100111011100110010000001101111011100100010000001110000011101010110011001100110011100110010110000100000001100010011010100110110
1110000011101010110010001100100011010010110111001100111001000000110001001101111011010010110110001100101011001000010110000100000001100010011010100110110
10111110100001101110101011100100111001001100001011011100111010001110011010111110010110000100000011101000110111100100000011010110110010101100101011100000010110000100000001100010011100000111000
110010001110101011011010111000001101100011010010110111001100111011100110010110000100000011011110111001000100000011100000111010101100100011001000110100101101110011001110010110000100000001100010011010100110001
110000101101110011001000010000001110010011000010111001101110000011000100110010101110010011100100111100100100000011101000110000101110010011101000010110000100000001100010011100000110000
11010100110010101101100011011000111100100101100001000000111001001100101011001000010000001101111011100100010000001100010011011000110000101100011011010110010110000100000001100010011100100110011
101100001000000111011101101000011010010111010001100101001011000010000001110011011010000111001001110101011000100010110000100000001100100011010000110111
111011101100001011101000110010101110010001000000110100101100011011001010010110000100000001100100011000100110000
11101110110100101101110011001010010110000100000001100100011010000110001
1011111010000110111010101110010011100100111100101011111001011000010000001110010011010010110001101100101001000000110001001101111011010010110110001100101011001000010000001110100011011110010000001100101011000010111010000100000011101110110100101110100011010000010110000100000001100010011001100110110
101111101000011011101010111001101110100011000010111001001100100011100110101111100101100001000000110001101101000011001010110000101110000001000000110000101101110011001000010000001100101011110000110001101100101011011000110110001100101011011100111010000100000011011110110111001100101011100110010110000100000001100010011011000111000
101100001000000111001001101001011000110110100001100101011100100010110000100000001100010011011000111000
1001111011101000110100001100101011100100111001100100000011000010111001001100101001000000111010101101110011001000110010101110010001000000111010001101000011001010010000001101110011000010110110101100101011100110010000001101111011001100010000001110100011010000110010100100000011001000110100101100110011001100110010101110010011001010110111001110100001000000111000001110010011010010110111001100011011010010111000001100001011011000010000001100001011100100111010001101001011000110110110001100101011100110010000001110100011010000110010101111001
1100001011100100110010100100000011011010110000101100100011001010010000001101111011001100011101100100000011000010111001100100000010111110100110001100101011011010110111101101110010111110010000001100011011101010111001101110100011000010111001001100100011100110010110000100000001001100110001100101110
1011000010000001100001001000000110011001110010011011110111010001101000001000000111010001101111001000000111001101100101011101000010000001101111011011100010110000100000011101110110100001101001011000110110100000100000011011000110111101101111011010110111001100100000011000010110111001100100001000000110010101100001011101000111001100100000011101110110010101101100011011000010110000100000001100010011011000110010
11100000111010101100100011001000110100101101110011001110010110000100000001100010011010100110010
101111101000011011101010