10111101101101011100110010110000100000011000110110000101110010011100100110111101110100011100110010110000100000011101000111010101110010011011100110100101110000011100110010110000100000011000010110111001100100
1100001011100100111010001101001011000110110100001101111011010110110010100100000011000100110111101110100011101000110111101101101011100110010110000100000011000010110111001100100001000000111011101101001011101000110100000100000011100110110111101101101011001010010000001110000011001010110000101110011001011000010000001100001011011100110010000100000011000010010000001101100011010010111010001110100011011000110010100100000011011110110111001101001011011110110111000101100001000000110110101100001011010110110010100100000011101000110100001100101
1110111011010000110111101101100011001010010000001101001011011100111010001101111001000000110000100100000011011100110100101100011011001010010000001110011011101000110010101110111001011000010000001110111011010010111010001101000001000000111001101101111011011010110010100100000011001110110111101101111011001000010000001110110011001010110000101101100001000000110011101110010011000010111011001111001001011100010000001000010011000010110101101100101001000000110000100100000011000110111001001110101011100110111010000100000011011110111011001100101011100100010000001100001
1100100011010010111001101101000001011000010000001110111011010010111010001101000001000000110000100100000011011000110100101110100011101000110110001100101001000000110110001101001011011100110100101101110011001110010000001110010011011110111010101101110011001000010000001110100011010000110010100100000011001010110010001100111011001010010110000100000011000010110111001100100001000000110000100100000011000110111010101110000001000000111011101101001011101000110100001101001011011100010000001110100011011110010000001101011011001010110010101110000001000000110100101110100
11001100111001001101111011011010010000001110011011010010110111001101011011010010110111001100111001110100010000001101111011100000110010101101110001000000111010001101000011001010010000001101100011010010110010000101100001000000110000101101110011001000010000001110000011101010111010000100000011010010110111000100000011101000110100001100101001000000110011001110010011010010110001101100001011100110111001101100101011001010010000001101101011000010110010001100101001000000110100001101111011101000011101100100000011100110110010101100001011100110110111101101110011010010110111001100111
1110100011011110010000001111001011011110111010101110010001000000111010001100001011100110111010001100101001011100010000001010011011010000110000101101100011011110111010001110011001011000010000001110000011000010111001001110011011011000110010101111001001011000010000001101100011001010111010001110100011101010110001101100101001011000010000001100011011001010110110001100101011100100111100100101100001000000110111101110010001000000110000101101110011110010010000001110011011011110111001001110100001000000110111101100110
11101100110010101100111011001010111010001100001011000100110110001100101011100110010000001110100011010000110000101110100001000000111100101101111011101010010000001101100011010010110101101100101001011000010000001101101011000010111100100100000011000100110010100100000011000010110010001100100011001010110010000101110
101111101000110011010010111001101101000001000000101000001101001011001010010111001011111
101000001110101011101000010000001110011011011000110100101100011011001010111001100100000011011110110011000100000011000110110111101100100001000000111010001101000011000010111010000100000011010000110000101110110011001010010000001100010011001010110010101101110001000000111001101100001011011000111010001100101011001000010000001100001001000000110111001101001011001110110100001110100001110110010000001110000011001010111000001110000011001010111001000101100001000000110000101101110011001000010000001100010011001010111010001110111011001010110010101101110
11001010110000101100011011010000010000001101100011000010111100101100101011100100010000001110000011101010111010000100000011000010010000001100111011011110110111101100100001000000111000101110101011000010110111001110100011010010111010001111001001000000110111101100110001000000111000001100001011100100111001101101100011001010111100100100000011100000110100101100011011010110110010101100100001000000110011001110010011011110110110100100000011101000110100001100101001000000111001101110100011000010110110001101011011100110010110000100000011000010110111001100100
11100110110111101101101011001010010000001100110011100100110010101110011011010000010000001100010011101010111010001110100011001010111001000101110001000000101000001101111011101010111001000100000011000010010000001101100011010010111010001110100011011000110010100100000011000100111001001101111011101000110100000101100001000000110100101100110001000000111100101101111011101010010000001101000011000010111011001100101001000000110000101101110011110010010110000100000011011110111001000100000011001010110110001110011011001010010000001100001
11011000110100101110100011101000110110001100101001000000111011101100001011101000110010101110010001011100010000001000010011000010110101101100101001000000111010001101000011001010010000001110000011010010110010100111011001000000110000101101110011001000010000001110111011010000110010101101110001000000111010001101111001000000110001001100101001000000111001101100101011100100111011001100101011001000010110000100000011000010110010001100100001000000110000100100000011100010111010101100001011100100111010001100101011100100010000001101111011001100010000001100001
11100000110100101101110011101000010000001101111011001100010000001110010011000010111011100100000011000110111001001100101011000010110110100100000011101110110000101110010011011010010110000100000011101110110100101110100011010000010000001101000011000010110110001100110001000000110000100100000011101000110010101100001011100110111000001101111011011110110111001100110011101010110110000100000011011110110011000100000011001100110110001101111011101010111001000101110001000000100111101111001011100110111010001100101011100100111001100100000011011010110000101111001001000000110001001100101
11000010110010001100100011001010110010000101110
1001101011000010110001101101011011001010111001001100101011011000010000001110111011010010110110001101100001000000110010001101111001000000111011101100101011011000110110000111011001000000110001001110101011101000010000001100100011011110010000001101110011011110111010000100000011100110110000101101100011101000010000001101001011101000010000001110100011010010110110001101100001000000111010101110011011001010110010000101110
1010011011011110110000101101100011100110010110000100000011101110110100101110100011010000010000001101111011110010111001101110100011001010111001001110011001011000010000001110011011001010110000101110011011011110110111001100101011001000010000001110111011010010111010001101000001000000111000001101111011101010110111001100100011001010110010000100000011011010110000101100011011001010010110000100000011011100111010101110100011011010110010101100111001011000010000001110000011001010111000001110000011001010111001000101100001000000110000101101110
11000010110111001100011011010000110111101110110011110010010110000100000011000010110111001100100001000000111001101101111011011010110010100100000011100110110000101101100011101000010110000100000011011010110000101101011011001010010000001100001011011100010000001100101011110000110001101100101011011000110110001100101011011100111010000100000011100000110100101100101001011100010000001010000011101010111010000100000011010010110111000100000011101000110100001100101001000000110111101111001011100110111010001100101011100100010000001101100011010010111000101110101011011110111001000101100
1110100011101110110111100100000011011110111001000100000011101000110100001110010011001010110010100100000011100110111000001101111011011110110111001100110011101010110110001110011001000000110111101100110001000000110001001110010011011110111010001101000001011000010000001100001011011100110010000100000011100110110111101101101011001010010000001100010011101010111010001110100011001010111001000101100001000000110011001101111011100100010000001100111011100100110000101110110011110010010111000100000010101110110100001100101011011100010000001100011011011110110110101100101
110011001110010011011110110110100100000011101000110100001100101001000000110111101110110011001010110111000101100001000000111000001101111011101010111001000100000011010010110111000100000011000010010000001100011011101010111000000100000011011110110011000100000011101000110100001101001011000110110101100100000011000110111001001100101011000010110110100101110
1011111010101000110111100100000011100000111001001100101011100000110000101110010011001010010000001001101011001010110000101110100001000000110111101110010001000000100011001101111011101110110110001110011001000000110011001101111011100100010000001110010011000010110100101110011011001010110010000100000010100000110100101100101011100110010111001011111
10101110110100001100101011011100010000001110111011000010111001101101000011001010110010000101100001000000111000001110101011101000010000001100001001000000110011101101111011011110110010000100000011100110110010101100001011100110110111101101110011010010110111001100111001000000110111101100110001000000111001101110000011010010110001101100101011100110010000001100001011011100110010000100000011100110110000101101100011101000010111000100000010100110110010101110100001000000110100101110100001000000110111101110110011001010111001000100000011000010010000001100110011010010111001001100101
110100101101110001000000110000100100000011100110111010001100101011101110111000001100001011011100010110000100000011101000110100001100001011101000010000001110111011010010110110001101100001000000110101001110101011100110111010000100000011010000110111101101100011001000010000001110100011010000110010100100000011011010110010101100001011101000011101000100000011100000111010101110100001000000110000100100000011100000110100101100101011000110110010100100000011011110110011000100000011000100111010101110100011101000110010101110010001011000010000001100001011011100110010000101100
11000110110111101110110011001010111001001101001011011100110011100100000011000110110110001101111011100110110010100101100001000000110110001100101011101000010000001