1001101001011001010111001100101100001000000011001100110100
10110000100000010000100110010101101110011101000110111101101110001000000111001101100001011101010110001101100101001000000110011001101111011100100010000001101000011011110111010000100000011011110111001000100000011000110110111101101100011001000010000001110010011011110110000101110011011101000010110000100000001100010011000000110111
11100100110111101110101011011100110010000100000011011110110011000101100001000000011010000110000
10110000100000011100110110000101110101011000110110010100100000010100100110111101100010011000010111001001110100001000000110011001101111011100100010000001110010011101010110110101110000011100110010110000100000001100010011000000110110
101100001000000110000100100000011100000110100101100011011010110110110001100101001000000110011001101111011100100010000001110100011010000110000101110100001000000111011101101001011011000110110000100000011010110110010101100101011100000010000001100110011011110111001000100000011110010110010101100001011100100111001100101100001000000011011000111000
101100001000000111010001100101011000010010110000100000001100100011010100110000
10111110100001001100101011001010110011001110011011101000110010101100001011010110111001101011111001000000110000101101110011001000010000001101111011110010111001101110100011001010111001000100000011100110110000101110101011000110110010100101100001000000011001100110010
10110000100000011100110110000101110101011000110110010100100000010100100110111101100010011000010111001001110100001000000110011001101111011100100010110000100000001100010011000000110110
1110000011010010110010100101100001000000011001100110100
111000001110101011001000110010001101001011011100110011100101100001000000011001100110011
11100000111010101100100011001000110100101101110011001110010110000100000011000100110000101101011011001010110010000101100001000000011001100110100
101100001000000101001101110100011000010110011001100110011011110111001001100100011100110110100001101001011100100110010100101100001000000011001100110010
101100001000000100100101110100011000010110110001101001011000010110111000101100001000000011001100110011
1011111010000100110010101100101011100100101111100101100001000000111010001101111001000000111001001100101011001100110100101101110011001010010110000100000001100100011001100111000
1010000111001101110100011100100110111101101110011001110010100100100000011101000110111100100000011000100111001001100101011101110010110000100000001100100011001100110110
101000011101000110000101100010011011000110010100101001001000000110010101111000011000110110010101101100011011000110010101101110011101000010110000100000001100100011001100110111
101111101000010011001010110111001110100011011110110111001011111001000000111001101100001011101010110001101100101001011000010000001100110011011110111001000100000011010000110111101110100001000000110111101110010001000000110001101101111011011000110010000100000011100100110111101100001011100110111010000100000011000100110010101100101011001100010110000100000001100010011000000110111
111010001100101011000010010000001100011011000010110101101100101011100110010110000100000001100100011001000110000
10111110100001001101001011100100110010001110011010111110010110000100000011000010010000001110110011001010111001001111001001000000110010101100011011011110110111001101111011011010110100101100011011000010110110000100000011101110110000101111001001000000110111101100110001000000111000001101111011101000111010001101001011011100110011100101100001000000011011100111000
1011111010000100110100101110011011000110111010101101001011101000101111100100000011000110110000101101011011001010010110000100000001100100011001000110010
10110000100000011010000110000101110010011001000010110000100000001100100011001000110000
1011111010000100110100101110011011000110111010101101001011101000101111100101100001000000111000001101100011000010110100101101110001011000010000001100001011011100110010000100000011101100110010101110010011110010010000001100011011100100110100101110011011100000010110000100000001100100011001000110001
1011000010000001101111011001100010000001100110011100100111010101101001011101000010110000100000001100100011000000110100
101111101000010011011000110000101100011011010110101111100100000011000110110000101110000011100110010110000100000001100010011011100110101
11100000111010101100100011001000110100101101110011001110111001100101100001000000011011000110101
11000010110111001101111011101000110100001100101011100100010000001110111011000010111100100101100001000000011011000110110
10111110100001001101100011000010110111001100011011011010110000101101110011001110110010101011111001011000010000001101111011100100010000001000010011011000110000101101101011000010110111001100111011001010010110000100000001100010011011000110100
101111101000010011011110110000101110010011001000111001101011111001011000010000001110100011011110010000001100111011010010111011001100101001000000111010001101000011001010110110100100000011000010010000001100010011001010110000101110101011101000110100101100110011101010110110000100000011000010111000001110000011001010110000101110010011000010110111001100011011001010010110000100000001100100011011000111001
10111110100001001101111011000110110101101101001011011100110011101110011010111110010110000100000001100010011100000110010
10111110100001001101111011010010110110001101001011011100110011101011111001000000110110101100101011000010111010000101100001000000110111101100010011100110110010101110010011101100110000101110100011010010110111101101110011100110010000001101111011011100010110000100000001100100011000000101100001000000011001000110001
1011111010000100111001001100001011011100110010001111001010111110010000001100011011100100110010101100001011011010010110000100000001100010011011000111001
11100000111010101100100011001000110100101101110011001110010110000100000001100010011010100110101
1011111010000100111001001100101011000010110010001011111001000000110001101100001011010110110010100101100001000000110001101101111011011010110110101101111011011100010110000100000001100100011000100110111
111000001110101011001000110010001101001011011100110011100101100001000000110001001101111011010010110110001100101011001000010110000100000001100010011010000110111
101100001000000110000101101110011011110111010001101000011001010111001000100000011000010110111001100100001000000111001001101001011000110110100001100101011100100010110000100000001100010011010000110111
11100000111010101100100011001000110100101101110011001110111001100101100001000000110110001101001011101000111010001101100011001010010110000100000001100010011010000110101
110000101101110011001000010000001100010011101010111010001110100011001010111001000100000011100000111010101100100011001000110100101101110011001110010110000100000001100010011010000110010
1110011011000010111010101100011011001010010110000100000001100010011000100110000
11000100111001001101111011101110110111000100000011100000111010101100100011001000110100101101110011001110010110000100000001100010011010000110111
110100101100011011001010010110000100000001100100011000100110001
100011001110010011001010110111001100011011010000010110000100000001100100011001000111001
1011111010000100111001001100101011011100111010001100110011011110111001001100100010111110010000001110010011011110110110001101100011100110010110000100000001100100011001000110111
1000010010100100100010101010111010001010101001001011001001011000010000001001000010011110100110101000101001011000010000000110010001100110011011000100000011101000110111100100000001100100011010000110111
1011111010000100111001001101111011101000110100001011111001011000010000001000001001000000111000101110101011010010110001101101011011011010110000101100100011001010010110000100000001100100011010100110010
1011000010000001100001001000000110001101101100011001010110000101110010001000000110111101101110011001010010110000100000011101000110100001100001011101000010000001110111011010010110110001101100001000000110101101100101011001010111000000100000011011000110111101101110011001110010110000100000001100100011010000111001
10011110111010001101000011001010111001001110011001000000110000101110010011001010010000001110101011011100110010001100101011100100010000001100100011010010110011001100110011001010111001001100101011011100111010000100000011011100110000101101101011001010111001100111011001000000110000101110011001000000101111101000011011010000110100101100011011010110110010101101110010111110010000001100010011100100110111101110100011010000010110000100000001001100110001100101110
101111101000010011100100110111101110111011011100010000001100010011100100110010101100001011001000101111100100000011100000111010101100100011001000110100101101110011001110010110000100000001100010011010000110111
110100101100011011001010010110000100000001100100011000100110001
101111101000010011100100110111101110111011011100110100101101110011001110101111100101100001000000111010001101111001000000110001101101111011011000110111101110101011100100010000001100001011011100110010000100000011001100110110001100001011101100110111101110101011100100010000001101101011000010110010001100101001000000110010001101001011100110110100001100101011100110010110000100000001100010011000100110111
101111101000010011101010110001001100010011011000110010100100000011000010110111001100100001000000101001101110001011101010110010101100001011010110101111100101100001000000011010000110010
1011111010000100111010101101110010111110010110000100000011000010010000001100111011011110110111101100100001000000111000001101100011000010110100101101110001000000110111101101110011001010010110000100000001100100011001000110110
1011000010000001110010011010010110001101101000011001010111001000100000011011110110111001100101011100110010110000100000001100100011001000110110
10111110100001001110101011100100110111001110100001000000110001101110010011001010110000101101101010111110010110000100000001100010011011100110000
10111110100001001110101011101000111010001100101011100100101111100101100001000000111010001101111001000000110001101101100011000010111001001101001011001100111100100100000011001100110111101110010001000000111000001101111011101000111010001100101011001000010000001110100011010000110100101101110011001110111001100101100001000000011011100111000
1011000010000001110100011011110010000001101101011001010110110001110100001011000010000000110