00001101111011011100110010100100000011100010111010101100001011011100111010001101001011101000111100100100000011011110110111000100000011000010110111001101111011101000110100001100101011100100010110000100000011011110111001000100000011101000110100001100101011110010010000001110111011010010110110001101100001000000110001001100101011000110110111101101101011001010010000001110100011011110110111100100000011100110110111101100110011101000010111000100000010101000110100001100101
1101110011001010111100001110100001000000110010001100001011110010010000001110000011010010110001101101011001000000110111101110101011101000010000001100001011011100111100100100000011000100110000101100100001000000110111101110010001000000110001001110010011011110110101101100101011011100010000001101111011011100110010101110011001011000010000001100010011011110111010001110100011011000110010100100000011101000110100001100101001000000111001001100101011100110111010000101100001000000110000101101110011001000010000001100110011010010110110001101100001000000111010101110000
1110100011010000110010100100000011000100110111101110100011101000110110001100101011100110010000001110111011010010111010001101000001000000111010001101000011001010010000001100001011011000111010101101101001000000111011101100001011101000110010101110010001000000110100101101110001000000111011101101000011010010110001101101000001000000111010001101000011001010111100100100000011101110110010101110010011001010010000001110011011000110110000101101100011001000110010101100100001110100010000001110111011010000110100101100011011010000010000001101101011101010111001101110100
1100010011001010010000001101011011001010111000001110100001000000110100101101110001000000111010001101000011001010010000001100010011011110111010001110100011011000110010101110011001110110010000001100110011011110111001000100000011010010110011000100000011011000110010101100110011101000010000001101001011011100010000001110100011010000110010100100000011010110110010101110100011101000110110001100101001011000010000001101111011100100010000001101001011011100010000001100001001000000110011101101100011000010111101001100101011001000010000001110000011000010110111000101100
1101001011101000010000001110111011010010110110001101100001000000111001101110000011011110110100101101100001011100010000001010011011101000110111101110000001000000111010001101000011001010110110100100000011000110110110001101111011100110110010100101110
101111101001110011011110111010001100101001011100101111100100000010101000110100001100101001000000111011101100001011101000110010101110010001000000110110101110101011100110111010000100000011000100110111101101001011011000010000001100001011011000110110000100000011101000110100001100101001000000111010001101001011011010110010100100000011101000110100001100101001000000111000001110010011011110110001101100101011100110111001100100000011010010111001100100000011000110110000101110010011100100111100101101001011011100110011100100000011011110110111000101110
100011101101111011011110111001101100101011000100110010101110010011100100110100101100101011100110010110000100000011001000110111101101110011001010010000001110100011010000110100101110011001000000111011101100001011110010010110000100000011011010110000101101011011001010010000001100001011100110010000001100110011010010110111001100101001000000111010001100001011100100111010001110011001000000110000101110011001000000110011001110010011001010111001101101000001000000110111101100110011001100010000001110100011010000110010100100000011101000111001001100101011001010111001100101110
101111101000001011011100110111101110100011010000110010101110010001000000111011101100001011110010010111001011111
100100101101110001000000110010001110010011110010010000001110111011001010110000101110100011010000110010101110010001000000111000001101001011000110110101100100000011101000110100001100101001000000110011101101111011011110111001101100101011000100110010101110010011100100110100101100101011100110010000001110100011010000110000101110100001000000110000101110010011001010010000001100110011101010110110001101100001000000110011101110010011011110111011101101110001011000010000001100010011101010111010000100000011011100110111101110100001000000111001001101001011100000110010100111010
1110100011011110111000000100000011000010110111001100100001000000111010001100001011010010110110000100000011101000110100001100101011011010010110000100000011000010110111001100100001000000111000001110101011101000010000001101001011011100111010001101111001000000110111101110000011001010110111000100000011011010110111101110101011101000110100001100101011001000010000001100010011011110111010001110100011011000110010101110011001011100010000001000111011001010110111001110100011011000111100100100000011000110110111101110010011010110010000001110100011010000110010101101101
11101110110100101110100011010000010000001101110011001010111011100100000011101100110010101101100011101100110010101110100001000000110001101101111011100100110101101110011001110110010000001110000011101010111010000100000011101000110100001100101011011010010000001101001011011100010000001110100011010000110010100100000011011110111011001100101011011100010000001110111011010000110010101101110001000000111010001101000011001010010000001100010011100100110010101100001011001000010000001101001011100110010000001100100011100100110000101110111011011100010110000100000011000010110111001100100
11011000110010101110100001000000111010001101000011001010110110100100000011100110111010001100001011011100110010000100000011101000110100101101100011011000010000001110011011010000111001001110101011011100110101100100000011000010010000001110001011101010110000101110010011101000110010101110010001000000111000001100001011100100111010000111010001000000111010001100001011010110110010100100000011101000110100001100101011011010010000001101111011101010111010000100000011011110110011000100000011101000110100001100101001000000110111101110110011001010110111000101100
110000101101110011001000010000001101001011011010110110101100101011001000110100101100001011101000110010101101100011110010010000001100010011001010110000101110100001000000111010001101000011001010010000001100011011011110111001001101011011100110010000001101001011011100010000001110100011010010110011101101000011101000011101000100000011000110111010101110100001000000110111101100110011001100010000001110100011010000110010100100000011101000110111101110000011100110010110000100000011000010110111001100100001000000111001001101111011100110110100101101110
1100100011011110111011101101110001000000110001101101100011011110111001101100101001011100010000001010011011001010111010000100000011101000110100001100101011011010010000001101001011011100010000001100001001000000110010001110010011110010010000001110000011011000110000101100011011001010011101100100000011000010110111001100100001000000110100101100110001000000111011101100101011011000110110000100000011100110110010101100011011101010111001001100101011001000010000001100110011100100110111101101101001000000110000101101001011100100010000001110100011010000110010101111001
1110111011010010110110001101100001000000110101101100101011001010111000000100000011101000110100001100101001000000111100101100101011000010111001000100000011100100110111101110101011011100110010000101110
100100101100110001000000110011101100001011101000110100001100101011100100110010101100100001000000110100101101110001000000111010001101000011001010010000001100100011000010110110101110000001011000010000001101111011100100010000001110100011010000110010100100000011001110110111101101111011100110110010101100010011001010111001001110010011010010110010101110011111000101000000010011001001000000111001101101011011010010110111001110011001000000110000101110010011001010010000001110100011010000110010100100000011011000110010101100001011100110111010000100000011000110111010101110100001000000110100101101110
11101000110000101101011011010010110111001100111001000000110111101100110011001100010000001110100011010000110010100100000011100110111010001100001011011000110101101110011001000000110000101101110011001000010000001100010011101010110010001110011001011000010000001110100011010000110010101111001001000000111011101101001011011000110110000100000011011010110111101110101011011000110010000101110
10000110111010101110010011100100110000101101110011101000111001100100000011000010110111001100100001000000110010001100001011011010111001101101111011011100111001100100000011011010110000101111001001000000110001001100101001000000110010001101111011011100110010100100000011101000110100001100101001000000111001101100001011011010110010100101110
1011111010101000110111100100000011010110110010101100101011100000010000001000011011101010111001001110010011000010110111001110100011100110010111001011111
101010001101000011001010010000001100010011011110111010001110100011011000110010101110011001000000110001001100101011010010110111001100111001000000111000001100101011100100110011001100101011000110111010001101100011110010010000001100011011011000110010101100001011011100010000001100001011011100110010000100000011001000111001001111001001011000010000001101100011001010111010000100000011101000110100001100101001000000110001101110101011100100111001001100001011011100111010001110011001000000110001001100101001000000110001101110101011101000010000001100110011100100110111101101101
11101000110100001100101001000000110110001100001011100100110011101100101001000000111001101110100011000010110110001101011011100110010000001110111011010010111010001101000001000000111010001101000011001010010000001110011011011010110000101101100011011000110010101110011011101000010000001100010011010010111010000100000011011110110011000100000011100110111010001100001011011000110101100100000011101000110111100100000011001010110000101100011011010000010110000100000011101000110100001100001011101000010110000100000011101000110100001100101001000000110011001110010011101010110100101110100
11011100110111101110100001000000110001001100101011010010110111001100111001000000111011101101111011101010110111001100100011001010110010000101100001000000110111001101111001000000110110101101111011010010111001101110100011101010111001001100101001000000110110101100001011110010010000001100010011001010010000001100001011011010110111101101110011001110010000001110100011010000110010101101101001011100010000001001001011101000010000001101001011100110010000001101