10111000100000011101110110010101101100011011000010111000100000010000010110010001100100001000000110000100100000011011000110100101110100011101000110110001100101
11011010111010101110011011010000111001001101111011011110110110100100000011000110110000101110100011100110111010101110000001011000010000001101111011100100010000001100110011100100110010101110011011010000010000001101101011101010111001101101000011100100110111101101111011011010111001100101110
101111101010100011011110010000001110000011010010110001101101011011011000110010100100000010100000110100101100111011001010110111101101110011100110010111001011111
100001001101111011011100110010100100000011101000110100001100101001000000111000001101001011001110110010101101111011011100111001100101100001000000111010001110101011100100110111000100000011101000110100001100101001000000110100101101110011100110110100101100100011001010010000001101111011101010111010000101100001000000110000101101110011001000010000001101100011000010111001001100100001000000110100101110100001110100010000001110011011001010110000101110011011011110110111000100000011101110110100101110100011010000010000001001010011000010110110101100001011010010110001101100001
111000001100101011100000111000001100101011100100010000001110000011011110111010101101110011001000110010101100100001000000111011001100101011100100111100100100000011001100110100101101110011001010010110000100000011000010110111001100100001000000110000100100000011011000110100101110100011101000110110001100101001000000111001101100001011011000111010000111010001000000111010001110101011100100110111000100000011101000110100001100101001000000110100101101110011100110110100101100100011001010010000001101111011101010111010001110111011000010111001001100100
11000010110011101100001011010010110111000101100001000000110000101101110011001000010000001110100011010010110010100100000011101000110100001100101001000000110111001100101011000110110101100100000011000010110111001100100001000000111001001110101011011010111000000100000011101110110100101110100011010000010000001110100011010000111001001100101011000010110010000111010001000000111000001110101011101000010000001110100011010000110010101101101001000000110100101101110001000000110001001101111011010010110110001101001011011100110011100100000011101110110000101110100011001010111001000101100
11011000110010101110100001000000111010001101000011001010110110100100000011000100110111101101001011011000010000001100001001000000110110101101001011011100111010101110100011001010010000001101111011100100010000001110100011101110110111100100000011101000110111100100000011100000110110001110101011011010111000000111011001000000111010001100001011010110110010100100000011101000110100001100101011011010010000001101111011101010111010000101100001000000110000101101110011001000010000001100100011100100111100100100000011101110110100101110100011010000010000001100001
1100011011011000110111101110100011010000010111000100000010101000110100001100101001000000111000001101001011000110110101101101100011001010010000001101101011101010111001101110100001000000110001001100101001000000110110101100001011001000110010100100000011011110110011000100000011000010110111000100000011001010111000101110101011000010110110000100000011100010111010101100001011011100111010001101001011101000111100100100000011011110110011000100000011101110110100101101110011001010010110000100000011000010110111001100100001000000111011101101000011010010111010001100101
1110111011010010110111001100101001000000111011001101001011011100110010101100111011000010111001000111011001000000111011101101000011010010111010001100101001000000111000001100101011100000111000001100101011100100010110000100000010010100110000101101101011000010110100101100011011000010010000001110000011001010111000001110000011001010111001000101100001000000111001101101100011010010110001101100101011001000010000001101110011101010111010001101101011001010110011100101100001000000110011101101001011011100110011101100101011100100010110000100000011000010110111001100100
1110100011101110110111100100000011011110111001000100000011101000110100001110010011001010110010100100000011000100110000101111001011011000110010101100001011101100110010101110011001000000110001001101111011010010110110001100101011001000010111000100000010101110110100001100101011011100010000001101001011101000010000001100010011011110110100101101100011100110010110000100000011100000111010101110100001000000111010001101000011001010010000001110000011010010110011101100101011011110110111001110011001000000110100101101110011101000110111100100000011010010111010000101100
11000010110111001100100001000000110110001100101011101000010000001110100011010000110010101101101001000000110001001101111011010010110110000100000011001100110100101100110011101000110010101100101011011100010000001101101011010010110111001110101011101000110010101110011001011000010000001101001011001100010000001110011011011010110000101101100011011000011101100100000011101000111011101100101011011100111010001111001001011000010000001101001011001100010000001101100011000010111001001100111011001010010111000100000010101000110100001100101011011100010000001110100011000010110101101100101
11101000110100001100101011011010010000001101111011101010111010000101100001000000111011101101001011100000110010100101100001000000110000101101110011001000010000001101100011001010111010000100000011101000110100001100101011011010010000001100011011011110110111101101100001011100010000001010111011010000110010101101110001000000111010001101000011001010010000001110000011010010110001101101011011011000110010100100000011010010111001100100000011000110110111101101100011001000010110000100000011101000110000101101011011001010010000001101111011001100110011000100000011101000110100001100101
11001100110000101110100001011000010000001100001011011100110010000100000011100000111010101110100001000000111010001101000011001010110110100100000011010010110111000101110
10101000110100001100101011110010010000001101101011101010111001101110100001000000110001001100101001000000110101101100101011100000111010000100000011010010110111000100000011000010010000001110011011101000110111101101110011001010110101001100001011100100010110000100000011101000110100101100101011001000010000001100100011011110111011101101110001000000111011101101001011101000110100000100000011000010010000001100010011011000110000101100100011001000110010101110010001000000111010001101111001000000110010101111000011000110110110001110101011001000110010100100000011101000110100001100101
1100001011010010111001000101110001000000101100101101111011101010010000001101101011000010111100100100000011010010110111000100000011100110110111101101101011001010010110000100000011010010110111001110011011101000110010101100001011001000010000001101111011001100010000001101100011000010111001001100100011010010110111001100111001011000010000001110000011101010111010000100000011000010010000001110011011101000111010101100110011001100110100101101110011001110010000001101111011001100010000001101000011000010111001001100100001000000111100101100101011011000110101101110011
11011110110011000100000011001010110011101100111011100110010110000100000011000010110111001100100001000000110110101100001011100100111001001101111011101110010110000100000011010010110111000100000011001010111000101110101011000010110110000100000011100010111010101100001011011100111010001101001011101000110100101100101011100110010110000100000011100110111000001101001011000110110010101110011001011000010000001100001011011100110010000100000011100110111011101100101011001010111010000100000011010000110010101110010011000100111001100101110
1011111010100000110100101100111011001010110111101101110011100110010000001101001011011100010000001001010011001010110110001101100011110010010111001011111
1010011011000010111011001100101001000000111001101101111011011010110010100100000011011110110011000100000011101000110100001100101001000000110110001101001011100010111010101101111011100100010000001101001011011100010000001110111011010000110100101100011011010000010000001100001001000000110101101101110011101010110001101101011011011000110010100100000011011110110011000100000011101100110010101100001011011000010000001101000011000010111001100100000011000100110010101100101011011100010000001100010011011110110100101101100011001010110010000101100001000000110000101110011
1101100011010010110101101100101011101110110100101110011011001010010000001100001001000000110001101100001011011000110011011100010100000001001100101110011001000000110011001101111011011110111010000101100001000000110111101110010001000000110010101101100011100110110010100100000011100110110100101101101011011010110010101110010001000000111001101101111011011010110010100100000011010010111001101101001011011100110011101101100011000010111001101110011001000000110100101101110001000000110100101110100001011000010000001100001001000000110001001101100011000010110010001100101001000000110111101100110
1101101011000010110001101100101001011000010000001100001011011100010000001101111011011100110100101101111011011100010110000100000011000010010000001100010011101010110111001100011011010000010000001101111011001100010000001101000011001010111001001100010011100110010110000100000011100110110111101101101011001010010000001101100011001010110110101101111011011100111000001100101011001010110110000101100001000000111011101101000011010010111010001100101001000000111000001100101011100000111000001100101011100100010110000100000011000010110111001100100
11100110110000101101100011101000010111000100000010101110110100001100101011011100010000001110100011010000110010100100000011100000110100101100111011001010110111101101110011100110010000001100001011100100110010100100000011011100110100101100011011001010110110001111001001000000110001101101100011001010110000101101110011001010110010000100000011000010110111001100100001000000111001101101111011000010110101101100101011001000010110000100000011100000111010101110100001000000111010001101000011001010110110100100000011010010110111000100000011000010010000001110000011000010110111000101100
110000101101110011001000010000001110000011011110111010101110010001000000111010001101000011001010010000001101100011010010111000101110101011011110111001000100000011011110111011001100101011100100010000001110100011010000110010101101101001110110010000001100001011011100110010000100000011011000110010101110100001000000111010001