100000011101000110111100100000011001010110000101110100
11011000110100101101011011001010010000001101000011000010111001001100101001011000010000001101110011011110111001000100000011000010110010001100100001000000111010001101000011001010010000001101100011001010110110101101111011011100010000001110000011010010110001101101011011011000110010100101110
101001001110101011011010111000001110011001011000010000001101011011010010110010001101110011001010111100101110011001011000010000001101100011010010111011001100101011100100111001100101100001000000110000101101110011001000010000001101000011001010110000101110010011101000111001100101100001000000111011101100101011011000110110000100000011101110110000101110011011010000110010101100100001011000010000001110011011001010110000101110011011011110110111001100101011001000010110000100000011000010110111001100100001000000110001001110010011011110110100101101100011001010110010000101100
1100001011011100110010000100000011100110110010101110010011101100110010101100100001000000111011101101001011101000110100000100000011000110110111101101100011001000010000001100010011101010111010001110100011001010111001000100000011100100111010101100010011000100110010101100100001000000110111101101110001000000111010001101000011001010110110100101110
10111110101001101110100011001010110000101101011011100110010000001101111011001100010000001001101011101010111010001110100011011110110111000101100001000000110111101110010001000000100110001100001011011010110001000100000011000010110111001100100001000000100001101110101011000110111010101101101011000100110010101110010011100110010111001011111
10100010111010101100001011100100111010001100101011100100010000001100011011101010110001101110101011011010110001001100101011100100111001100101100001000000110000101101110011001000010000001101100011000010111100100100000011101000110100001100101011011010010000001101001011011100010000001100001001000000110010001100101011001010111000000100000011001000110100101110011011010000011101100100000011100110111000001110010011010010110111001101011011011000110010100100000011101000110100001100101011011010010000001110111011010010111010001101000001000000111001101100001011011000111010000101100
1100001011011100110010000100000011100000110111101110101011100100010000001110110011010010110111001100101011001110110000101110010001000000110111101110110011001010111001000101110001000000100011001110010011110010010000001100011011010000110111101110000011100110010000001101111011001100010000001100001001000000110011001101001011011100110010100100000011000100111001001101111011101110110111000101100001000000110000101101110011001000010000001110000011101010111010000100000011101000110100001100101011011010010000001101001011011100010000001100001
1110011011101000110010101110111011100000110000101101110001110100010000001100100011100100110000101101001011011100010000001110100011010000110010100100000011000110111010101100011011101010110110101100010011001010111001001110011001011000010000001100001011011100110010000100000011100000111010101110100001000000110111101110110011001010111001000100000011101000110100001100101001000000111001101110100011001010110000101101011011100110011101000100000011100000111010101110100001000000111001101101111011011010110010100100000011100110110110001101001011000110110010101100100
11011110110111001101001011011110110111001110011001011000010000001110000011001010111000001110000011001010111001000101100001000000110000101101110011001000010000001110011011000010110110001110100001110100010000001110000011011110111010101110010001000000110100001101111011101000010000001110111011000010111010001100101011100100010000001101111011100100010000001110111011001010110000101101011001000000110001001110010011011110111010001101000001000000110111101101110001000000111010001101000011001010110110100111010001000000111001101110100011001010111011100100000011000010110111001100100
1110011011010110110100101101101001000000111011101100101011011000110110000101110
10111110100000101101110001000000110010101111000011000110110010101101100011011000110010101101110011101000010000001001000011011110111010001100011011010000010000001010000011011110111010001100011011010000010111001011111
101001101110100011001010111011100100000011100000110010101100001011100110110010100101100001000000110110001100101011101000111010001110101011000110110010100101100001000000110000101101110011001000010000001101111011011100110100101101111011011100111001100101100001000000110100101101110001000000110000100100000011101100110010101110010011110010010000001101100011010010111010001110100011011000110010100100000011101110110000101110100011001010111001000101100001000000111011101101001011101000110100000100000011000010010000001100010011001010110010101100110001000000110111101110010
11010000110000101101101001000000110001001101111011011100110010100101110001000000101011101101000011010010110110001100101001000000110010001101111011010010110111001100111001011000010000001100110011100100111100100100000011100110110111101101101011001010010000001101101011101010111010001110100011011110110111000100000011011110111001000100000011011000110000101101101011000100010000001110011011101000110010101100001011010110111001100101100001000000111001101100101011000010111001101101111011011100110010101100100001011000010000001101111011001100010000001100001
110111001101001011000110110010100100000011000100111001001101111011101110110111000101110001000000101010001101000011100100110010101100101001000000111000101110101011000010111001001110100011001010111001001110011001000000110111101100110001000000110000101101110001000000110100001101111011101010111001000100000011000100110010101100110011011110111001001100101001000000110010001101001011011100110111001100101011100100010000001110000011101010111010000100000011101000110100001100101001000000111001101110100011001010110000101101011011100110010000001101001011011100111010001101111
11000010010000001110011011101000110010101110111011100000110000101101110001011000010000001100001011011100110010000100000011101000110100001100101001000000111011001100101011001110110010101110100011000010110001001101100011001010111001100100000011011110111011001100101011100100011101000100000011100110111010001100101011101110010000001110100011010000110010101101101001011000010000001100001011011100110010000100000011100110110010101110010011101100110010100100000011000010110110001101100001000000111010001101111011001110110010101110100011010000110010101110010001000000110100101101110
11000010010000001110100011101010111001001100101011001010110111000101110
1011111010000010110111001101111011101000110100001100101011100100010000001001000011011110111010001100011011010000010000001010000011011110111010001100011011010000010111001011111
1001011011011100111010101100011011010110110110001100101001000000110111101100110001000000111011001100101011000010110110000101100001000000110000101101110011001000010000001110011011000110111001001100001011001110010000001101111011001100010000001101101011101010111010001110100011011110110111000101100001000000111001101110100011001010111011101100101011001000010000001110111011010010111010001101000001000000111011001100101011001110110010101110100011000010110001001101100011001010111001100100000011000010111001100100000011000010110001001101111011101100110010100101110
1011111010011010111010101110100011101000110111101101110001000000100100001100001011011010010111001011111
10000110110100001101111011011110111001101100101001000000110000100100000011001100110100101101110011001010010000001100111011100100110000101101001011011100110010101100100001000000110110001100101011001110010000001101111011001100010000001110111011001010111010001101000011001010111001000100000011011010111010101110100011101000110111101101110001011000010000001101111011001100010000001110100011101110110010101101100011101100110010100100000011011110111001000100000011001100110111101110101011100100111010001100101011001010110111000100000011100000110111101110101011011100110010001110011
1110111011001010110100101100111011010000111010000101110001000000100110001100101011101000010000001101001011101000010000001100010011001010010000001100011011101010111010000100000011010000110000101101101001000000111001101101000011000010111000001100101001011000010000001100001011011100110010000100000011010000110000101101110011001110010000001110100011101110110111100100000011001000110000101111001011100110011101000100000011101000110100001100101011011100010000001110000011101010111010000100000011010010110111001110100011011110010000001100001
11100110111010001100101011101110111000001100001011011100010000001101000011000010110110001100110001000000110000100100000011100000110111101110101011011100110010000100000011011110110011000100000011000100110000101111001001000000111001101100001011011000111010000101100001000000111010001101000011001010010000001110011011000010110110101100101001000000110111101100110001000000110001101101111011011010110110101101111011011100010000001110011011000010110110001110100001011000010000001110100011101110110111100100000011011110111010101101110011000110110010101110011001000000110111101100110
1110011011000010110110001110100011100000110010101110100011100100110010100101100001000000110100001100001011011000110011000100000011000010010000001110000011011110111010101101110011001000010000001101111011001100010000001100011011011110110000101110010011100110110010101110011011101000010000001110011011101010110011101100001011100100010110000100000011000010110110001101100001000000110100101101110001000000111000001101111011101110110010001100101011100100011101000100000011011010110100101111000001000000110000101101110011001000010000001101101011000010110101101100101
110100101110100001000000111000101110101011010010111010001100101001000000110100001101111011101000011101100100000011101000110100001100101011011100010000001110010011101010110001000100000011010010111010000100000011101110110010101101100011011000010000001101001011011100111010001101111001000000111010001101000011001010010000001101000011000010110110100101100001000000110110001100101011101000010000001101001011101000010000001100010011001010010000001110100011101010111001001101110011001010110010000100000011010010110111000100000011101000110100001100101
11011000110100101110001011101010110111101110010001000000110010001100001011010010110110001111001001011100010000001000001011101000010000001