01001100101001000000111010001101111001000000110001001100101001000000110010101100001011101000110010101101110001011000010000001110100011101010111001001101110011001010110010000100000011011110111010101110100001000000110111101100110001000000111010001101000011001010010000001100011011101010111000001110011001011000010000001110111011010010111010001101000001000000111001101100001011101010110001101100101001000000110111101100110
110110101100101011011000111010001100101011001000010000001100010011101010111010001110100011001010111001000101100001000000111001101110101011001110110000101110010001011000010000001100001011011100110010000100000011101000110100001100101001000000110101001110101011010010110001101100101001000000110111101100110001000000110000100100000011011000110010101101101011011110110111000101110
10111110100010101111000011000110110010101101100011011000110010101101110011101000010000001110011011010000110111101110010011101000010000001000011011100100111010101110011011101000010111001011111
100110101100001011010110110010100100000011101000111011101101111001000000110111101110101011011100110001101100101011100110010000001101111011001100010000001110111011010000110100101110100011001010010000001110011011101010110011101100001011100100010110000100000011100000110111101110101011011100110010001100101011001000010000001100001011011100110010000100000011100110110100101100110011101000110010101100100001011000010000001110001011101010110100101110100011001010010000001100100011100100111100100111011001000000111010001101000011001010110111000100000011011010110100101111000
110100101110100001000000111011101101001011101000110100000100000011000010010000001110000011011110111010101101110011001000010000001101111011001100010000001100110011011000110111101110101011100100010000001110111011001010110110001101100001000000110010001110010011010010110010101100100001110110010000001110010011101010110001000100000011010010110111001110100011011110010000001101001011101000010000001110100011010000111001001100101011001010010000001101111011101010110111001100011011001010111001100100000011011110110011000100000011000100111010101110100011101000110010101110010
111001101101111001000000110011001101001011011100110010100100000011000010111001100100000011011100110111101110100001000000111010001101111001000000110001001100101001000000111001101100101011001010110111000111010001000000110100101101110011101000110111100100000011100110110111101101101011001010010000001100011011100100110010101100001011011010010000001110000011101010111010000100000011101000110100001100101001000000111100101100101011011000110101101110011001000000110111101100110001000000111010001110111011011110010000001100101011001110110011101110011
11000100110010101100001011101000110010101101110001011000010000001100001011011100110010000100000011011010110100101111000001000000111010001101000011001010010000001100001011000100110111101110110011001010010000001101001011011100111010001101111001000000110000100100000011100110110110101101111011011110111010001101000001000000111000001100001011100110111010001100101001110110010000001110010011011110110110001101100001000000110100101110100001000000111010001101000011010010110111000101100001000000110000101101110011001000010000001100010011000010110101101100101001000000110100101101110
1100001001000000110110101101111011001000110010101110010011000010111010001100101001000000110111101110110011001010110111000101110
1011111010000010110111001101111011101000110100001100101011100100010111001011111
100110101101001011110000010000001110111011010010111010001101000001000000110000100100000011100000110111101110101011011100110010000100000011011110110011000100000011001100110100101101110011001010010000001100110011011000110111101110101011100100010110000100000011001000111001001101001011001010110010000101100001000000110000101101110001000000110111101110101011011100110001101100101001000000110111101100110001000000111001101110101011001110110000101110010001000000111000001101111011101010110111001100100011001010110010000100000011000010110111001100100
111001101101001011001100111010001100101011001000011101100100000011101000110100001100101011011100010000001100011011100100111010101101101011000100110110001100101001000000111010001101000011100100110010101100101001000000110111101110101011011100110001101100101011100110010000001101111011001100010000001100010011101010111010001110100011001010111001000100000011010010110111000100000011010010111010000101100001000000111010001101001011011000110110000100000011010010111010000100000011011000110111101101111011010110111001100100000011000010110110001101100
11011000110100101101011011001010010000001100110011011000110111101110101011100100010110000100000011000010110111001100100001000000111011101101001011101000110100000100000011000010010000001100111011010010110110001101100001000000110111101100110001000000110001001101111011010010110110001101001011011100110011100100000011000110111001001100101011000010110110100101100001000000111011101101111011100100110101100100000011010010111010000100000011101010111000000100000011101000110111100100000011000010010000001100110011010010110111001100101
11100000110000101110011011101000110010100101110
1011111010011000110100101100111011010000111010000100000010100000110000101110011011101000110010100100000011001100110111101110010001000000101010001100001011100100111010001110011001000000110000101101110011001000010000001000011011010000110010101100101011100110110010101100011011000010110101101100101011100110010111001011111
100001001100101011000010111010000100000011101000110100001100101001000000111011101101000011010010111010001100101001000000110111101100110001000000110000101101110001000000110010101100111011001110010000001110100011011110010000001100001001000000111001101110100011100100110111101101110011001110010000001100110011100100110111101110100011010000011101100100000011101000110100001100101011011100010000001101101011010010111100000100000011010010111010000100000011101110110100101110100011010000010000001100001011100110010000001101101011101010110001101101000
1110111011000010111010001100101011100100010000001100001011100110010000001110111011010010110110001101100001000000110110101100001011010110110010100100000011101000110100001110010011001010110010100100000011100010111010101100001011100100111010001100101011100100111001100100000011011110110011000100000011000010010000001110000011011110111010101101110011001000010000001101111011001100010000001100110011010010110111001100101001000000110011001101100011011110111010101110010001000000110100101101110011101000110111100100000011000010010000001110110011001010111001001111001
111001101110100011010010110011001100110001000000111000001100001011100110111010001100101001110100010000001110010011011110110110001101100001000000110100101110100001000000111011001100101011100100111100100100000011101000110100001101001011011100010110000100000011101000110100001100101011011100010000001101100011000010111100100100000011101000110100001100101001000000111010001101000011010010111001001100100001000000111000001100001011100100111010000100000011011110110011000100000011010000110000101101100011001100010000001100001001000000111000001101111011101010110111001100100
11011110110011000100000011000100111010101110100011101000110010101110010001000000111010101110000011011110110111000100000011010010111010000100000011010010110111000100000011011000110100101110100011101000110110001100101001000000110001001101001011101000111001100111010001000000110010001110010011001010110010001100111011001010010000001101001011101000010000001110111011010010111010001101000001000000111001101101111011011010110010100100000011001100110110001101111011101010111001000101100001000000110110001100101011001100111010000100000011011110111010101110100001000000110000101110100
1100110011010010111001001110011011101000010110000100000011000010110111001100100001000000111001001101111011011000110110000100000011010010111010000100000011101010111000000100000011101000110100101100111011010000111010000101110001000000101001001101111011011000110110000100000011010010111010000100000011011110111010101110100001000000110000101100111011000010110100101101110001011000010000001100001011011100110010000100000011100000111010101110100001000000111010001101000011001010010000001110011011000010110110101100101
111000001110010011011110111000001101111011100100111010001101001011011110110111000100000011011110110011000100000011000100111010101110100011101000110010101110010001110110010000001100001011011100110010000100000011100110110111100100000011100000111001001101111011000110110010101100101011001000010000001110100011010010110110001101100001000000110000101101100011011000010000001100010011001010010000001110111011011110111001001101011011001010110010000100000011101010111000000101110
1011111010000010010000001110110011001010111001001111001001000000110011001101001011011100110010100100000010000110111001001110101011100110111010000100000011001100110111101110010001000000100111101110010011000010110111001100111011001010010000001000011011010000110010101100101011100110110010101100011011000010110101101100101011100110010000001101111011100100010000001010011011101110110010101100101011101000110110101100101011000010111010001110011001011000010000001110111011010000110010101101110001000000111010001101111001000000110001001100101
1110000011000010111001001110100011010010110001101110101011011000110000101110010011011000111100100100000011011100110100101100011011001010010111001011111
10001000111001001111001001000000110000100100000011100000110111101110101011011100110010000100000011011110110011000100000011101000110100001100101001000000110011001101001011011100110010101110011011101000010000001100110011011000110111101110101011100100010110000100000011000010110111001100100001000000110110101101001011110000010000001110111011010010111010001101000001000000110100101110100001000000111010001101000011100100110010101100101001000000110111101110101011011100110001101100101011100110010000001101111011001100010000001110010011001010110011001101001011011100110010101100100
11100110111010101100111011000010111001000111011001000000111010001101000011001010110111000100000011101110110111101110010011010110010000001101000011000010110110001100110001000000110000100100000011100000110111101110101011011100110010000100000011011110110011000100000011000100111010101110100011101000110010101110