00001110101011101000010000001110011011001010110000101110011011011110110111001100101011001000010000001101101011001010110000101110100001000000110111101100110001000000110000101101110011110010010000001101011011010010110111001100100001000000110100101101110011101000110111100100000011010010111010000101100001000000110000101101110011001000010000001100001
11011000110100101110100011101000110110001100101001000000111001101101000011100100110010101100100001000000110111101101110011010010110111101101110001110110010000001110000011011110111010101110010001000000111010001101000011001010010000001110010011001010110110101100001011010010110111001100100011001010111001000100000011011110110011000100000011101000110100001100101001000000110001001100001011101000111010001100101011100100010000001101111011101100110010101110010001011000010000001100001011011100110010000100000011000100110000101101011011001010010000001101001011011100010000001100001
1110011011011000110111101110111001000000110111101110110011001010110111000101110
101001101101111011011010110010100100000011011000110100101101011011001010010000001100001001000000110110001101111011010010110111000100000011011110110011000100000011011010111010101110100011101000110111101101110001000000110001001100001011010110110010101100100001000000110100101101110001000000110001001100001011101000111010001100101011100100010110000100000011000100110010101101001011011100110011100100000011001100110100101110010011100110111010000100000011000110110110001100101011000010111001001100101011001000010000001101111011001100010000001101101011011110111001101110100
110111101100110001000000111010001101000011001010010000001100110011000010111010000101110
1011111010100100110100101100011011001010010000001110011011011010110000101101100011011000010000001010000011101010110010001100100011010010110111001100111011100110010111001011111
10101110110000101110011011010000010000001110100011101110110111100100000011011000110000101110010011001110110010100100000011100110111000001101111011011110110111001100110011101010110110001110011001000000110111101100110001000000111001001101001011000110110010100101100001000000110000101101110011001000010000001110011011010010110110101101101011001010111001000100000011010010111010000100000011101110110100101110100011010000010000001101000011000010110110001100110001000000110000100100000011100000110100101101110011101000010000001101111011001100010000001101101011010010110110001101011
11101000110100101101100011011000010000001110100011010000110100101100011011010110010111000100000010101000110100001100101011011100010000001110000011101010111010000100000011101110110100101110100011010000010000001101001011101000010000001110100011010000110010100100000011100110110100101111010011001010010000001101111011001100010000001100001011011100010000001100101011001110110011100100000011011110110011000100000011000100111010101110100011101000110010101110010001011000010000001100001011011100110010000100000011011100110010101100001011100100010000001101000011000010110110001100110
1100001001000000111000001101001011011100111010000100000011011110110011000100000011101000110100001101001011000110110101100100000011000110111001001100101011000010110110100101100001000000110000101101110011001000010000001100111011010010111011001100101001000000110100101110100001000000110111101101110011001010010000001100010011011110110100101101100001011100010000001010111011010000110010101101110001000000110001101101111011011110110110000101100001000000110110101101001011110000010000001100110011011110111010101110010001000000111100101100101011011000110101101110011
11000010110111001100100001000000111010001110111011011110010000001110111011010000110100101110100011001010111001100100000011011110110011000100000011001010110011101100111011100110010000001110111011001010110110001101100001000000110001001100101011000010111010001100101011011100011101100100000011100110111011101100101011001010111010001100101011011100010000001110100011011110010000001110100011000010111001101110100011001010010110000100000011000010110111001100100001000000110000101100100011001000010000001101110011101010111010001101101011001010110011100101100
11011000110010101101101011011110110111001110000011001010110010101101100001000000110011101110010011000010111010001100101011001000010000001100110011010010110111001100101001011000010000001100001011011100110010000100000011000010010000001101100011010010111010001110100011011000110010100100000011000110110100101101110011011100110000101101101011011110110111000100000011100000110111101110111011001000110010101110010011001010110010000101110
10000100111010101110100011101000110010101110010001000000110110001101001011101000111010001101100011001010010000001100011011101010111000001110011001011000010000001100001011011100110010000100000011001100110100101101100011011000010000001110100011010000111001001100101011001010010000001110000011000010111001001110100011100110010000001100110011101010110110001101100001011000010000001110000011101010111010001110100011010010110111001100111001000000110000101110100001000000110001001101111011101000111010001101111011011010010000001110011011011110110110101100101
1101111011100100110000101101110011001110110010100100000011011110111001000100000011000110110100101110100011100100110111101101110001011100010000001000010011000010110101101100101001000000111010001101000011100100110010101100101001000000111000101110101011000010111001001110100011001010111001001110011001000000110111101100110001000000110000101101110001000000110100001101111011101010111001000100000011010010110111000100000011000010010000001110011011011000110111101110111011010010111001101101000001000000110111101110110011001010110111000101110
101001101100101011100100111011001100101001000000111010001101000011001010010000001101101011011110110110101100101011011100111010000100000011000100110010101100110011011110111001001100101001000000111010001101111001000000110001001100101001000000110010101100001011101000110010101101110001011000010000001110111011010010111010001101000001000000111001101110111011001010110010101110100001000000111001101100001011101010110001101100101001000000110100101101110001000000111010001101000011001010010000001100100011010010111001101101000001011000010000001101111011100100010000001100001
110001001101111011000010111010000101110
10111110101000001101100011000010110100101101110001000000101001001101001011000110110010100100000010100000111010101100100011001000110100101101110011001110010111001011111
10101110110000101110011011010000010000001100001011011100110010000100000011100000110100101100011011010110010000001110011011011110110110101100101001000000111001001101001011000110110010100111011001000000111010001101000011100100110111101110111001000000110000101101101011011110110111001100111001000000110100101110100001000000111001101101111011011010110010100100000011100000110100101101101011001010110111001110100011011110010000001100110011010010110111001100101011011000111100100100000011100000110111101110101011011100110010001100101011001000010110000100000011000100111010101110100
11011100110111101110100001000000110110101110101011000110110100000111011001000000111010001101001011001010010000001110100011010000110010100100000011100100110100101100011011001010010000001101001011011100010000001100001001000000110001101101100011011110111010001101000001011000010000001100001011011100110010000100000011011000110010101100001011101100110010100100000011100000110110001100101011011100111010001111001001000000110111101100110001000000111001001101111011011110110110100100000011001100110111101110010001000000110100101110100001000000111010001101111
11100110111011101100101011011000110110000101110001000000100001001101111011010010110110000100000011010010111010000100000011010010110111000100000011000010010000001110001011101010110000101101110011101000110100101110100011110010010000001101111011001100010000001110111011000010111010001100101011100100010000001100110011011110111001000100000011000010110111000100000011010000110111101110101011100100010000001101111011100100010000001110100011101110110111100101110001000000101011101101000011001010110111000100000011001000110111101101110011001010010110000100000011001010110000101110100
11010010111010000100000011101110110100101110100011010000010000001100010011101010111010001110100011001010111001000100000011000010110111001100100001000000111001101110101011001110110000101110010001011000010000001101111011100100010000001101101011010010110110001101011001011100010000001010000011101010111010000100000011011000110010101101101011011110110111001110000011001010110010101101100001000000110100101100110001000000111100101101111011101010010000001110000011011000110010101100001011100110110010100101110
100100101110100001000000110100101110011001000000111011001100101011100100111100100100000011001110110111101101111011001000010000001110111011010010111010001101000011011110111010101110100001000000111001101110000011010010110001101100101001011000010000001100001011011100110010000100000011001010110000101110100011001010110111000100000011101110110100101110100011010000010000001110011011000010110110001110100001000000110000101101110011001000010000001100010011101010111010001110100011001010111001000101110
101111101010010011010010110001101100101001000000101000001110101011001000110010001101001011011100110011100100000011101110110100101110100011010000010000001000110011100100111010101101001011101000010111001011111
101001101110111011001010110110001101100001000000111010001101000011001010010000001110010011010010110001101100101001000000111011101101001011101000110100000100000011000010010000001110110011001010111001001111001001000000110110001101001011101000111010001101100011001010010000001101101011010010110110001101011001000000110111101110110011001010111001000100000011101000110100001100101001000000110011001101001011100100110010100111011001000000111010001101000011001010110111000100000011011010110100101111000001000000110011001110010011101010110100101110100001000000110111101100110
1100001011011100111100100100000011010110110100101101110011001000010000001110111011010010111010001101000001000000110100101110100001011000010000000101000011000110111010101110010011100100110000101101110011101000111001100111011001000000110011101101111011011110111001101100101011000100110010101110010011100100110100101100101011100110010000001110011011000110110000101101