10111101110010001000000110010001101001011001100110011001100101011100100110010101101110011101000010000001110000011101010111001001110000011011110111001101100101011100110010110000100000011000010111001100100000011001000110111101101101011001010111001101110100011010010110001100100000011000010111001001110100011010010110001101101100011001010111001100101100001000000110001101101100011011110111010001101000011001010111001100101100
1110000011011110110001101101011011001010111010000101100001000000110010101100100011101010110001101100001011101000110100101101111011011100010000001101111011001100010000001100011011010000110100101101100011001000111001001100101011011100010110000100000001001100110001100101110
10101110110100001101001011000110110100001100101011101100110010101110010001000000111011101100001011110010010000001100001011000110110001101101111011101010110111001110100011100110010000001100010011001010010000001101011011001010111000001110100001011000010000001110011011011110110110101100101001000000110001101100101011100100111010001100001011010010110111000100000011011010110010101110100011010000110111101100100001000000111001101101000011011110111010101101100011001000010000001100010011001010010000001100001011001000110111101110000011101000110010101100100
11000010110111001100100001000000111001101110100011100100110100101100011011101000110110001111001001000000110000101100100011010000110010101110010011001010110010000100000011101000110111100101110
10011010110000101101110011110010010000001100110011000010110110101101001011011000110100101100101011100110010000001101000011000010111011001100101001000000110111101110111011001010110010000100000011101000110100001100101011010010111001000100000011100000111001001101111011100110111000001100101011100100110100101110100011110010010000001100110011101010110110001101100001000000110000101110011001000000110110101110101011000110110100000100000011101000110111100100000011101000110100001100101001000000110001101101111011011100110010001110101011000110111010000100000011000010110111001100100
111000001110010011011110111000001110010011010010110010101110100011110010010000001101111011001100010000001100110011001010110110101100001011011000110010100100000011011010110000101101110011000010110011101100101011011010110010101101110011101000010110000100000011000010111001100100000011101000110111100100000011101000110100001100101001000000110101101101110011011110111011101101100011001010110010001100111011001010010000001100001011011100110010000100000011000010110001101110100011010010111011001101001011101000111100100100000011011110110011000100000011101000110100001100101
1100110011000010111010001101000011001010111001000101110
101010001101000011011110111001101100101001000000111011101101000011011110010000001100001011100100110010100100000011100110110010101110010011101100110010101100100001000000111011101101001011101000110100000100000011000100111001001100101011101110110010101110010111000101000000010011001011100110010000001100010011001010110010101110010001011000010000001101111011100100010000001100001011011100111100100100000011011110111010001101000011001010111001000100000011101000110100001101001011011100110011100100000011011100110111101110100001000000111000001100001011010010110010000100000011001100110111101110010
11011110110111000100000011001000110010101101100011010010111011001100101011100100111100100101100001000000111001101101000011011110111010101101100011001000010000001101000011000010111011001100101001000000110000100100000011000100110111101101111011010110010000001100110011011110111001000100000011001010110111001110100011001010111001001101001011011100110011100100000011101000110100001100101001000000110010001100001011101000110010100111011001000000111011101101000011010010110001101101000001000000111011101101001011011000110110000100000011011100110111101110100
1101111011011100110110001111001001000000111000001110010011001010111011001100101011011100111010000100000011011110111011001100101011100100110001101101000011000010111001001100111011001010111001100101100001000000110001001110101011101000010000001100001011101000010000001101111011011100110010100100000011101100110100101100101011101110010000001100111011010010111011001100101001000000111010001101000011001010010000001100001011011100110111001110101011000010110110000100000011000110110111101101110011100110111010101101101011100000111010001101001011011110110111000101110
1001001011101000010000001101001011100110010000001101101011101010110001101101000001000000111010001101111001000000110001001100101001000000110011001100101011000010111001001100101011001000010110000100000011101000110100001100001011101000010000001100110011011110111001000100000011101000110100001100101001000000111011101100001011100110111010001100101001000000110111101100110001000000110110101100001011011100111100100100000011011110110011000100000011101000110100001100101001000000110011101101111011011110110010000100000011101000110100001101001011011100110011101110011
111010001101000011000010111010000100000010001110110111101100100001000000110100001100001011100110010000001100111011010010111011001100101011011100010000001100110011011110111001000100000011011110111010101110010001000000111010101110011011001010010110000100000011011100110111101110100001000000110000101100010011101010111001101100101001011000010000001110100011010000110010100100000011011010110100101110011011101000111001001100101011100110111001100100000011000010110111001100100001000000111001101100101011100100111011001100001011011100111010001110011001000000110111101100110
1100111011100100110010101100001011101000010000001101000011011110111010101110011011001010111001100100000011101110110100101101100011011000010000001101000011001010111001001100101011000010110011001110100011001010111001000100000011000100110010100100000011000110110000101101100011011000110010101100100001000000111010001101111001000000110000100100000011100110111010001110010011010010110001101110100001000000110000101100011011000110110111101110101011011100111010000101110
1010011011011110110110101100101001000000111000001100001011100100111010000100000011011110110011000100000011001010111011001100101011100100111100100100000011100000110010101110010011100110110111101101110111000101000000010011001011100110010000001100110011011110111001001110100011101010110111001100101001000000111001101101000011011110111010101101100011001000010000001100010011001010010000001100100011001010111011001101111011101000110010101100100001000000111010001101111001000000110001101101000011000010111001001101001011101000111100100111011001000000110001001111001
1110111011010000110100101100011011010000010000011100010100000001001110001100001001000000111000001101001011011110111010101110011001000000111011101101111011011010110000101101110001000000111011101101001011011000110110000100000011000100111010101101001011011000110010000100000011101010111000000100000011010000110010101110010001000000110100001101111011101010111001101100101001000000110001001100101011001100110111101110010011001010010000001000111011011110110010000101100001000000111011101101000011010010110110001100101001000000111001101101000011001010010000001110100011010000110000101110100
11010010111001100100000011001100110111101101111011011000110100101110011011010000010000000101000010111110110100100101110001000000110010100101110010111110010000001101100011001010110111001100100011100110010000001101110011011110111010001101000011010010110111001100111001000000111010001101111001000000111010001101000011001010010000001001100011011110111001001100100001010010010000001110000011101010110110001101100011100110010000001101001011101000010000001100100011011110111011101101110001000000111011101101001011101000110100000100000011010000110010101110010
1101000011000010110111001100100011100110010111011100010100000001001110100100000010011100110111100100000011011110110111001100101001000000110001101100001011011100010000001100011011011110110110101110000011011000110000101101001011011100010000001101111011001100010000001110100011010000110010100100000011101110110000101101110011101000010000001101111011001100010000001100111011010010110011001110100011100110010000001110100011011110010000001110100011010000110010100100000011100000110111101101111011100100010000001101001011011100010000001110100011010000110100101110011
110110001100001011011100110010000111011001000000110001001110101011101000010000001110100011010000110010101110010011001010010000001101001011100110010000001100001001000000110110101101111011001000110010100100000011011110110011000100000011100100110010101101100011010010110010101100110001000000111011101101000011010010110001101101000001000000111011101101111011101010110110001100100001000000110000101100100011001000010000001100111011100100110010101100001011101000110110001111001001000000111010001101111001000000111010001101000011001010110100101110010
1100011011011110110110101100110011011110111001001110100001011000010000001100001011011100110010000100000011101110110100001101001011000110110100000100000011000100110010101101001011011100110011100100000011100000111001001100101011100000110000101110010011001010110010000100000011001100111001001101111011011010010000001110011011101010111000001100101011100100110011001101100011101010110100101110100011110010010110000100000011000010110111001100100001000000111001101110101011000110110100000100000011011010110000101110100011001010111001001101001011000010110110001110011
1100001011100110010000001100001011100100110010100100000011011110110011001110100011001010110111000100000011101000110100001110010011011110111011101101110001000000110000101110111011000010111100100101100001000000111010001101000011001010010000001100101011110000111000001100101011011100111001101100101001000000111011101101111011101010110110001100100001000000110111001101111011101000010000001100010011001010010000001100110011001010110110001110100001011100010000001001001011011100010000001110100011010000110010100100000011011000110000101110100011101000110010101110010
1110000011000010111001001110100001000000110111101100110001000000111010001101000011010010111001100100000011101110110111101110010011010110010000001110011011011110110110101100101001000000110100001101001011011100111010001110011001000000110011001101111011100100010000001110000011100100110010101110000011000010111001001101001011011100110011100100000011101000110100001100101001000000110000101