11010001101000011001010010000001100101011011100110010000100000011011110110011000100000011001100110111101110101011100100010000001100100011000010111100101110011001000000111000001110101011101000010000001110100011101110110111100100000011011110111010101101110011000110110010101110011001000000110110101101111011100100110010100100000011011110110011000100000011000110110111101101101011011010110111101101110
111001101100001011011000111010000111010001000000110100101101110001000000111010001110111011001010110110001110110011001010010000001100100011000010111100101110011001000000111010001100001011010110110010100100000011010010111010000100000011011110111010101110100001110110010000001100100011100100111100100101100001000000110000101101110011001000010000001101000011000010110111001100111001000000110100101110100001000000111010101110000001000000110100101101110001000000111010001101000011001010010000001110111011011110110111101100100001000000111001101101101011011110110101101100101
1100001001000000111011101100101011001010110101100101110
10111110100110101110101011101000111010001101111011011100010000001000011011101010111010001101100011001010111010001110011001000000110100101101110001000000111010001101000011001010010000001010000011011110111001001110100011101010110011101110101011001010111001101100101001000000111011101100001011110010010111001011111
1000011011101010111010000100000011101000110100001100101001000000110001101101000011011110111000001110011001011000010000001100001011011100110010000100000011010000110000101101100011001100010000001100110011100100111100100100000011101000110100001100101011011010010110000100000011101110110100101110100011010000010000001110011011011000110100101100011011001010110010000100000011100110110100001100001011011000110111101110100001000000110111101110010001000000110111101101110011010010110111101101110001011000010000001100011011010000110111101110000011100000110010101100100
11100000110000101110010011100110110110001100101011110010010110000100000011000010110111001100100001000000111010001110111011011110010000001100010011000010111100101101100011001010110000101110110011001010111001100111011001000000111001101100101011000010111001101101111011011100110010101100100001000000111011101101001011101000110100000100000011100000110010101110000011100000110010101110010001000000110000101101110011001000010000001110011011000010110110001110100001011100010000001010100011010000110010101101110001000000110110001100001011110010010000001100001
1100110011011110111001001100011011001010110110101100101011000010111010000100000011011110110111000100000011000010010000001110000011010010110010101100011011001010010000001101111011001100010000001110111011010000110100101110100011001010010000001110000011000010111000001100101011100100010110000100000011100000111010101110100001000000111010001101000011001010010000001100011011010000110111101110000001000000110111101101110001000000110100101110100001011000010000001100011011011110111011001100101011100100010000001110111011010010111010001101000
110011001101111011100100110001101100101011011010110010101100001011101000010110000100000011000010110111001100100001000000111010001110111011010010111001101110100001000000111010001101000011001010010000001110000011000010111000001100101011100100010000001110101011100000010110000100000011011000110010101100001011101100110100101101110011001110010000001100001001000000110100001101111011011000110010100100000011001100110111101110010001000000111010001101000011001010010000001100101011011100110010000100000011011110110011000100000011101000110100001100101
11000100110111101101110011001010111001100100000011101000110111100100000011001110110111100100000011101000110100001110010011011110111010101100111011010000010111000100000010000100111001001101111011010010110110000100000011011110110111000100000011000010010000001100111011001010110111001110100011011000110010100100000011001100110100101110010011001010010111000100000010100110110010101110010011101100110010100100000011101110110100101110100011010000010000001110011011000010111010101100011011001010010000001010010011011110110001001100001011100100111010000111011
11011110111001000101100001000000110000101110011001000000111010001101000011001010010000001110011011001010110000101110011011011110110111001101001011011100110011100100000011011010110000101101011011001010111001100100000011101000110100001100101001000000110001101110101011101000110110001100101011101000111001100100000011010000110100101100111011010000010110000100000011000010010000001101100011010010111010001110100011011000110010100100000011001110111001001100001011101100111100100101110
1011111010011000110000101101101011000100010111001011111
10011000110010101100111001000000110001001101111011010010110110001100101011001000010000001101001011011100010000001100001001000000110001101101100011011110111010001101000001000000111010001101111001000000110110001101111011011110110101100100000011000010111001100100000011101110110100001101001011101000110010100100000011000010111001100100000011100000110111101110011011100110110100101100010011011000110010100111010001000000111010001101000011001010010000001101100011011110110100101101110001000000110011001110010011010010110010101100100001000000110100101101110
111001101110100011001010110000101101011011100110010000001100001011011100110010000100000011100110110010101110010011101100110010101100100001000000111001001101111011101010110111001100100001011000010000001100111011000010111001001101110011010010111001101101000011001010110010000100000011101110110100101110100011010000010000001100100011100100110100101100101011001000010000001101111011100100010000001100110011100100110100101100101011001000010000001110000011000010111001001110011011011000110010101111001001011100010000001010011011100000110100101101110011000010110001101101000
111010001101111001000000110010101100001011101000010000001110111011010010111010001101000001000000110100101110100001011100010000001001111011100100010000001100100011100100110010101110011011100110110010101100100001000000111001101100101011100000110000101110010011000010111010001100101011011000111100100101100001000000110111101110010001000000111001001101111011000010111001101110100011001010110010000101110
101111101001100011000010110110101100010111000101000000010011001011100110010000001001000011001010110000101100100001000000110000101101110011001000010000001001000011010010110111001100111011001010010111001011111
101010001101000011000010111010000100000011011110110011000100000011000010010000001101000011011110111010101110011011001010010000001101100011000010110110101100010001000000110100101110011001000000110001001100101011100110111010000101100001000000110001001110101011101000010000001100101011010010111010001101000011001010111001000101100001000000110100101100110001000000111001101101111011000010110101101100101011001000010000001101001011011100010000001100011011011110110110001100100001000000111011101100001011101000110010101110010001011000010000001110111011010010110110001101100
110001001100101001000000111011101101000011010010111010001100101001011100010000001000010011011110110100101101100001000000111010001101000011001010010000001101000011001010110000101100100001000000111001101100101011100000110000101110010011000010111010001100101011011000111100100100000011101000110100101101100011011000010000001110110011001010111001001111001001000000111010001100101011011100110010001100101011100100010110000100000011000010110111001100100001000000110100001100001011101100110010100100000011100100110010101100001011001000111100100100000011101000110100001100101
11011000110100101110110011001010111001000100000011000010110111001100100001000000110110001101001011001110110100001110100011100110010000001100011011101010111010000100000011100110110110101100001011011000110110000101110001000000100000101100110011101000110010101110010001000000110001001100101011010010110111001100111001000000111010001101000011100100110010101100101001000000111000001100001011100100111010001110011001000000110001001101111011010010110110001100101011001000010110000100000011100110111010001100101011101110010000001110100011010000110010101101101001000000110100101101110
110000100100000011011000110100101110100011101000110110001100101001000000110111101100110001000000111010001101000011001010010000001110111011000010111010001100101011100100010000001101001011011100010000001110111011010000110100101100011011010000010000001110100011010000110010101111001001000000111011101100101011100100110010100100000011000100110111101101001011011000110010101100100001011100010000001010011011001010110000101110011011011110110111000101100001000000110000101101110011001000010000001110100011010000110100101100011011010110110010101101110
1110111011010010111010001101000001000000110011001101100011011110111010101110010001000000110000101101110011001000010000001100010011101010111010001110100011001010111001000101100001000000110000101101110011001000010000001110011011001010111001001110110011001010010000001110100011010000110010100100000011011010110100101101110011000110110010100100000011100100110111101110101011011100110010000100000011101000110100001100101001000000110100001100101011000010110010000101110
101111101000110011011110111001001100101001000000101000101110101011000010111001001110100011001010111001000100000011011110110011000100000010011000110000101101101011000100010111001011111
10100100110111101100001011100110111010001100101011001000010000001110111011010000110111101101100011001010010110000100000011011110111001000100000011100110110010101110000011000010111001001100001011101000110010101101100011110010010111000100000010010010110011000100000011011000110010101100110011101000010000001110100011011110010000001100010011001010010000001100011011011110110110001100100001011000010000001100011011010000110111101110000011100000110010101100100001000000111000001100001011100100111001101101100011001010111100100100000011100110110100001101111011101010110110001100100
11000100110010100100000011100110111000001110010011010010110111001101011011011000110010101100100001000000110111101110110011001010111001000100000011010010111010000101110
10111110100110001100001011011010110001011100010100000001001100101110011001000000100011001110010011110010010111001011111
101001101100101011100100111011001100101001000000110100101110100001000000110011001110010011010010110010101100100001000000110000100