10101110011001110110010000001100101011010010111010001101000011001010111001000100000011011000110100101101011011001010010000001100001001000000111000001101001011011100110010100101100001000000110100001100001011101100110100101101110011001110010000001101101011000010110010001100101001000000110100101110100001000000110100101101110
111010001101000011001010010000001110011011010000110000101110000011001010010000001101111011001100010000001100001001000000110001101101111011011100110010100101100001000000110000101101110011001000010000001101101011000010111001001101011011010010110111001100111001000000110100101110100001000000111011101101001011101000110100000100000011000010010000001110100011001010110000101110011011100000110111101101111011011100011101100100000011011110111001000100000011100100110111101101100011011000110100101101110011001110010000001101001011011100010000001100001
11000110111001001101001011011010111000001101001011011100110011100100000011001100110111101110010011011010010110000100000011011110111001000100000011101110110111101110010011010110110100101101110011001110010000001101001011101000010000001110100011010000111001001101111011101010110011101101000001000000110000100100000011000110110111101101100011000010110111001100100011001010111001000101110001000000101001101100101011100100111011001100101001000000111011101101001011101000110100000100000011100110110001101110010011000010111000001100101011001000010000001100010011001010110010101100110
110111101110010001000000110000101101110011000110110100001101111011101100110100101100101011100110010110000100000011001110110000101110010011011100110100101110011011010000110010101100100001000000111011101101001011101000110100000100000011000010010000001110111011100100110010101100001011101000110100000100000011011110110011000100000011000110111010101110010011011000110010101100100001000000111000001100001011100100111001101101100011001010111100100101110
101001001110101011100110110101101110011001000000110001001110101011101000111010001100101011100100110010101100100001011000010000001100001011011100110010000100000011000010110111001100011011010000110111101110110011010010110010101110011001000000111001101110000011011000110100101110100001000000110000101101110011001000010000001110010011011110110110001101100011001010110010000101110
100011101110010011000010111010001100101011001000010000001101000011101010110111001100111001000000110001001100101011001010110011000100000011011110110111000100000011100100111010101110011011010110111001100100000011000100111010101110100011101000110010101110010011001010110010000101110
100011101110010011000010111010001100101011001000010000001100011011010000110010101100101011100110110010100100000011011110110111000100000011001000110100101110100011101000110111100101100001000000110111101110010001000000110100101101110001000000110000100100000011100000110110001100001011101000110010100101110
101001001100001011001000110100101110011011010000110010101110011001000000111000001101100011000010110001101100101011001000010000001110010011011110111010101101110011001000010000001100001001000000111000001101100011000010111010001100101001011000010000001100001011011100110010000100000011000100111010101110100011101000110010101110010001000000110100101101110001000000111010001101000011001010010000001101101011010010110010001100100011011000110010100101110
10001100111001001100101011011100110001101101000001000000110001001100101011000010110111001110011001000000110001001101111011010010110110001100101011001000010000001101111011001100010000001100001001000000110001001100101011000010111010101110100011010010110011001110101011011000010000001100111011100100110010101100101011011100010110000100000011000010110111001100100001000000111001101100101011100100111011001100101011001000010000001110111011010010111010001101000001000000110000100100000011000110111001001100101011000010110110100100000011100110110000101110101011000110110010100101110
1001010011001010111001001110101011100110110000101101100011001010110110100100000011000010111001001110100011010010110001101101000011011110110101101100101011100110010000001101111011100100010000001100011011000010111010101101100011010010110011001101100011011110111011101100101011100100111001100100000011010010110111000100000011001000110100101110100011101000110111100101110
100001001110010011011110110001101100011011011110110110001101001001000000110001001101111011010010110110001100101011001000010110000100000011100110110010101110010011101100110010101100100001000000110111101101110001000000111010001101111011000010111001101110100001011000010000001110100011011110010000001100101011000010111010000100000011101110110100101110100011010000010000001110000011011110110000101100011011010000110010101100100001000000110010101100111011001110111001100101110
10100110111010001100101011101110110010101100100001000000111011001100101011001110110010101110100011000010110001001101100011001010111001100101110
10001010110011101100111011100110010000001110000011011110110000101100011011010000110010101100100001000000110111101101110001000000111010001101111011000010111001101110100001000000110111101110010001000000111001101110000011010010110111001100001011000110110100000101110
100010101100111011001110111001100100000011000100111010101110100011101000110010101110010011001010110010000100000011011110110111000100000011101000110111101100001011100110111010000101110
100001101110101011100110111010001100001011100100110010001110011001000000110100101101110001000000110001101110101011100000111001100100000011011110111001000100000011001110110110001100001011100110111001101100101011100110010110000100000011101110110100101110100011010000010000001110100011011110110000101110011011101000010000001101001011011100010000001101100011011110110111001100111001000000111001101101001011100000111000001100101011101000111001100101110
10000110110111101101100011001000010000001101101011001010110000101110100001000000110100101101110001000000111001101101100011010010110001101100101011100110010000001101111011011100010000001100001001000000110010001101001011100110110100000101100001000000110111101110010001000000110000101110011001000000101001101100001011011100110010001110111011010010110001101101000011001010111001100101110
1001000011000010110110100101110001000000101010001101111011011100110011101110101011001010010111000100000010000110110111101101100011011000110000101110010011001010110010000100000011101000110100001101001011011100110011101110011001011100010000001001000011101010110111001110100011001010111001011100010100000001001100101110011001000000110001001100101011001010110011000101110
100111101111001011100110111010001100101011100100111001100100000011000110110111101101100011001000010110000100000011100110110001101100001011011000110110001101111011100000110010101100100001011000010000001110011011101000110010101110111011001010110010000101100001000000110111101110010001000000111000001101001011000110110101101101100011001010110010000101110
10100000110111101110100011101000110010101100100001000000110110101100101011000010111010000101100001000000110001001101001011100100110010001110011001011000010000001100110011010010111001101101000001011000010000001101111011100100010000001100011011010000110010101100101011100110110010100101110
1010000011010010110001101101011011011000110010101100100001000000110111101110010001000000110001001100001011010110110010101100100001000000110011001101001011100110110100000101110
10000110110111101101101011011010110111101101110001000000110001101100001011010110110010100101110001000000100001001100001011010110110010101100100001000000110111101110010001000000111001101110100011001010111011101100101011001000010000001100110011100100111010101101001011101000111001100101110
101000001101001011001010111001100100000011011110110011000100000011011010110010101100001011101000010110000100000011001100110111101110111011011000010110000100000011011110111001000100000011001100111001001110101011010010111010000101110
10100000110111101110100011000010111010001101111011001010111001100100000011100100110111101100001011100110111010001100101011001000010110000100000011000100110111101101001011011000110010101100100001011000010000001110011011000110110000101101100011011000110111101110000011001010110010000101100001000000110110101100001011100110110100001100101011001000010110000100000001001100110001100101110
1000011011011110110110001101100011000010111001001100101011001000010000001100010011001010110010101100110001011000010000001110110011001010110000101101100001011000010000001101111011100100010000001110000011010010110011111100010100000001001100101110011001000000110100001100101011000010110010000101110
10011000110111101100010011100110111010001100101011100100111001100101110001000000100001101110010011000010110001001110011001011100010000001010000011100100110000101110111011011100111001100101110
1010011011101110110010101100101011101000110001001110010011001010110000101100100011100110010111000100000010100110110110101100001011011000110110000100000011000100110100101110010011001000111001100101110
1011111010001100110111101110010011000110110010101101101011001010110000101110100001000000110011001101111011100100010000001010000011000010111010001110100011010010110010101110011001011000010000001000010011000010110110001101100011100110010000001101111011100100010000001010011011101000111010101100110011001100110100101101110011001110010111001011111
100001101110010011101010110110101100010011100110010000001101111011001100010000001100010011100100110010101100001011001000010110000100000011000110110100001101111011100000111000001100101011001000010000001110000011000010111001001110011011011000110010101111001001011000010000001100110011000010111010000100000011000100110000101100011011011110110111000101100001000000010100001101001011001100010000001101001011101000010000001101000011000010111001100100000011000100110010101100101011011100010000001100100011100100110010101110011011100110110010101100100001000000110100101110100
1101001011100110010000001110100011010000110010100100000011000100110010101110100011101000110010101110010001011000010100100100000011100110111010101100101011101000010110000100000011000010010000001100010011010010111010000100000011011110110011000100000011001100111001001100101011100110110100000100000011000100111010101110100011101000110010101110010001011000010000001100001001000000110110001101001011101000111010001101