110010000100000011000100110010100100000011001010110011001100110011001010110001101110100011001010110010000101110
10111110101010001101111001000000110001101101100011001010110000101101110001000000100001101100001011011000110100101100011011011110010000001000110011101010111001001101110011010010111010001110101011100100110010100101100001000000111011101101000011001010110111000100000011101000110000101101011011001010110111000100000011001000110111101110111011011100010000001100110011011110111001000100000011101000110100001100101001000000101001101110101011011010110110101100101011100100010111001011111
101001101101000011000010110101101100101001000000110111101100110011001100010000001110100011010000110010100100000011011000110111101101111011100110110010100100000011001000111010101110011011101000010110000100000011101000110100001100101011011100010000001101100011010010110011101101000011101000110110001111001001000000110001001110010011101010111001101101000001000000111011101101001011101000110100000100000011000010010000001110011011011010110000101101100011011000010000001101100011011110110111001100111011010000110000101101001011100100110010101100100
11001100111010101110010011011100110100101110100011101010111001001100101001000000110001001110010011101010111001101101000001110110010000001100001011001100111010001100101011100100010000001110111011010000110100101100011011010000010000001110111011010010111000001100101001000000110100101110100001000000110001101101100011011110111001101100101011011000111100100100000011101110110100101110100011010000010000001100011011011000110010101100001011011100010000001100110011011000110000101101110011011100110010101101100011100110010110000100000011000010110111001100100
1110010011101010110001000100000011010010111010000100000011101110110100101110100011010000010000001100100011100100111100100100000011000100111001001100101011000010110010000101110
100100101100110001000000111000001110010011011110111000001100101011100100110110001111001001000000110010001101111011011100110010100101100001000000111010001101000011001010010000001100011011101010111001001110100011000010110100101101110011100110010000001110111011010010110110001101100001000000110110001101111011011110110101100100000011011100110010101100001011100100110110001111001001000000110000101110011001000000111011101100101011011000110110000100000011000010111001100100000011000010111010000100000011001100110100101110010011100110111010000101110
100011001101111011011000110010000100000011010010110111000100000011011000110000101110010011001110110010100100000011100000110000101110010011000110110010101101100011100110010110000100000011000010110111001100100001000000111000001110101011101000010000001100011011000010111001001100101011001100111010101101100011011000111100100100000011000100111100100101110
101011101101000011010010110110001100101001000000111010001101000011001010010000001100110011101010111001001101110011010010111010001110101011100100110010100100000011100100110010101101101011000010110100101101110011100110010000001110101011100000010110000100000011010010111010000100000011100110110100001101111011101010110110001100100001000000110001001100101001000000111000001110010011001010111001101100101011100100111011001100101011001000010000001100110011100100110111101101101001000000111010001101000011001010010000001110011011101010110111000100000011000010110111001100100
11000010110100101110010001000000110000101110011001000000110110101110101011000110110100000100000011000010111001100100000011100000110111101110011011100110110100101100010011011000110010100101100001000000111011101101000011010010110001101101000001000000110100101101110011010100111010101110010011001010010000001100100011001010110110001101001011000110110000101110100011001010010000001100011011011110110110001101111011101010111001001110011001110110010000001100001011011100110010000100000011101000110100001100101001000000110010001110101011100110111010000100000011011010110000101111001
110001001100101001000000110001001101100011011110111011101101110001000000110111101100110011001100010000001110111011010010111010001101000001000000110001001100101011011000110110001101111011101110111001100101110
101111101010100011011110010000001110000011100100110010101110011011001010111001001110110011001010010000001000110011101010111001001110011001000000110000101101110011001000010000001010111011011110110111101101100011011000110010101101110001000000110011001110010011011110110110100100000010011010110111101110100011010000010111001011111
10011000110010101110100001000000111010001101000011001010010000001100110011011110111001001101101011001010111001000100000011000100110010100100000011011110110001101100011011000010111001101101001011011110110111001100001011011000110110001111001001000000110001101101111011011010110001001100101011001000010000001110111011010000110100101101100011001010010000001101001011011100010000001110101011100110110010100101100001000000110000101101110011001000010000001110100011010000110010100100000011011000110000101110100011101000110010101110010001000000110001001100101
1100010011100100111010101110011011010000110010101100100001000000110000101101110011001000010000001110011011010000110000101101011011001010110111000101110001000000101011101101000011001010110111000100000011011100110111101110100001000000111011101100001011011100111010001100101011001000010110000100000011001000111001001111001001000000111010001101000011001010110110100100000011001100110100101110010011100110111010000101100001000000110110001100101011101000010000001110100011010000110010101101101001000000110001001100101001000000110001101101111011011110110110000101100
111010001101000011001010110111000100000011011010110100101111000001000000110000101101101011011110110111001100111001000000111010001101000011001010110110100100000011000100110100101110100011101000110010101110010001000000110000101110000011100000110110001100101011100110010000001100110011100100110111101101101001000000111010001101000011001010010000001100001011100000110111101110100011010000110010101100011011000010111001001111001111000101000000010011001011100110010110000100000011010010110111000100000011100110110110101100001011011000110110000100000011011010111010101110011011011000110100101101110
110001001100001011001110111001100101100001000000111001101100101011101110110100101101110011001110010000001110100011010000110010101101101001000000110100101101110001000000111001101100101011101100110010101110010011000010110110000100000011001100110111101101100011001000111001100100000011011110110011000100000011011000110100101101110011001010110111000101100001000000110001101100001011100100110010101100110011101010110110001101100011110010010000001110100011101010111001001101110011001010110010000100000011010010110111000100000011000010111010000100000011101000110100001100101
11001010110010001100111011001010111001100101110
10010010100111001000100010001010101100000101110
100000100101110
10000010100110001000100010001010101001000100000011101110110100101101110011001010010110000100000001100100011010000110011
1110111011010000110100101110100011001010010110000100000011101100110010101110010011110010010000001101101011101010110001101101000001000000110110001101001011010110110010100100000010001100111001001101111011011100111010001101001011011100110100101100001011000110010110000100000001100100011010000110011
1011111010000010110110001100101010111110010110000100000011101000110111100100000011000100111001001100101011101110010110000100000001100100011001100110110
101100001000000111011001100101011100100111100100100000011001100110100101101110011001010010000001010111011001010110110001110011011010000010110000100000001100100011001100110110
111010001101111001000000111001001100101011001100110100101101110011001010010110000100000001100100011001100111000
1011111010000010110110001101101011011110110111001100100010111110010000001100011011010000110010101100101011100110110010101100011011000010110101101100101011100110010110000100000001100010011100000110110
1100011011100100110010101100001011011010010110000100000001100010011011000111001
1110000011101010110010001100100011010010110111001100111011100110010110000100000001100010011010000110010
1011000010000001100010011000010110101101100101011001000010110000100000001100010011010100110101
1011000010000001110011011011010110000101101100011011000010110000100000001100010011010100110111
1011111010000010110110101100010011001010111001001011111001000000111000001110101011001000110010001101001011011100110011100101100001000000110000100100000011101100110010101110010011110010010000001100110011010010110111001100101001000000110111101101110011001010010110000100000001100010011010000110100
1011111010000010110111001100011011010000110111101110110011010010110010101110011010111110010110000100000011101000110111100100000011010110110010101100101011100000010000001110100011010000110010101101101001000000111011101101000011001010110111000100000011101000110100001100101001000000110110001101001011100010111010101101111011100100010000001100100011100100110100101100101011100110010110000100000001100010011000100111000
1110011011000010111010101100011011001010010110000100000001100010011000000111000
110010101110011011100110110010101101110011000110110010100100000011011110110011000100000001100010011000100110010
11101000110111100100000011011010110000101101011011001010010000001110011011100000111001001100001011101000111001100100000011101000110000101110011011101000110010100100000011011000110100101101011011001010010110000100000001100010011000100110111
1011111010000010111000001110000011011000110010101110011010111110010110000100000011101000110111100100000011100000111001001100101011100000110000101110010011001010010000001110100011010000110010101101101001000000110011001101111011100100010000001110000011101010110011001100110011100110010110000100000001100010011011100110110
1100100011100100110100101100101011001000010110000100000001100010011011100110101
110010001110101011011010111000001101100011010010110111001100111011100110010110000100000011011110111001000100000011100000111010101100100011001000110100101101110011001110010110000100000001100010011010100110001
11001100110111101101111011011000010110000100000001100010011011100110010
1101010011001010110110001101100011110010010000001110100011011110010000001110011011001010111001001110110011001010010000001110100011011110010000001110100011000010110