11000100000011101000110100001101001011100110010000001101100011010010111000101110101011010010110010000100000011000100111100100100000011001000110010101100111011100100110010101100101011100110010000001101001011011100111010001101111
111010001101000011001010010000001100100011100100111100100100000011010010110111001100111011100100110010101100100011010010110010101101110011101000111001100101100001000000110001001100101011000010111010001101001011011100110011100100000011101000110100001100101011011010010000001110100011011110110011101100101011101000110100001100101011100100010000001100001001000000110011001110101011011000110110000100000011010000110111101110101011100100010110000100000011101000110100001100101011011100010000001100010011101010111010001110100011001010111001000100000011101000110100001100101
110100001101111011011110111000000101100001000000110111101110010001000000111000001100001011011100010110000100000011000010110111001100100001000000110001001100001011010110110010100100000011010010111010000101110001000000100000101110011001000000111100101101111011101010010000001110000011101010111010000100000011101000110100001100101001000000110001001100001011101000111010001100101011100100010000001101001011011100111010001101111001000000111010001101000011001010010000001101000011011110110111101110000001011000010000001101111011100100010000001110000011000010110111000101100
11101000110100001110010011011110111011100100000011010010110111000100000011100000110110001100101011011100111010001111001001000000110111101100110001000000110001101101001011101000111001001101111011011100010110000100000011011000110010101101101011011110110111000101100001000000110000101101110011001000010000001101111011100100110000101101110011001110110010100100000011000110110000101101110011001000111100100101110
1001001011001100010000001111001011011110111010100100000011010010110001101100101001000000111010001101000011001010010000001100011011000010110101101100101001011000010000001110100011000010110101101100101001000000110100001100001011011000110011000100000011000010010000001110000011011110111010101101110011001000010000001101111011001100010000001100100011011110111010101100010011011000110010100100000011100100110010101100110011010010110111001100101011001000010000001110011011101010110011101100001011100100010000001110011011010010110011001110100011001010110010000101100
110000101101110011001000010000001110000011101010111010000100000011000010010000001101100011010010111010001110100011011000110010100100000011101110110100101110100011010000010000001110100011010000110010100100000011101110110100001101001011101000110010100100000011011110110011000100000011000010110111000100000011001010110011101100111001011000010000001100010011001010110000101110100001000000110100101110100001000000111011101100101011011000110110000101100001000000110000101101110011001000010000001100010011110010010000001100100011001010110011101110010011001010110010101110011
1110000011011110111010101110010001000000110100101101110001000000111010001101000011001010010000001110010011001010110110101100001011010010110111001100100011001010111001000101110001000000100100101110100001000000110110101110101011100110111010000100000011000100110010100100000011101110110100001101001011100110110101101100101011001000010000001101110011001010110000101110010001000000110000101101110001000000110100001101111011101010111001000101100001000000111011101101001011101000110100000100000011101000110100001100101
110000101100100011001000110100101110100011010010110111101101110001000000110111101100110001000000110000100100000011011000110100101110100011101000110110001100101001000000110111101110010011000010110111001100111011001010010000001100110011011000110111101110101011100100010000001110111011000010111010001100101011100100010110000100000011000100111010101110100001000000110110101101001011011100110010000100000011011100110111101110100001000000111010001101111001000000111000001110101011101000010000001101101011101010110001101101000001011100010000001010111011010000110010101101110
111010001101000011001010010000001100011011000010110101101100101001000000110100101110011001000000110010001101111011011100110010100101100001000000111000001101111011101010111001000100000011101000110100001100101001000000110100101100011011010010110111001100111001000000110111101110110011001010111001000101100001000000110000101101110011001000010000001110010011001010111010001110101011100100110111000100000011010010111010000100000011101000110111100100000011101000110100001100101001000000110111101110110011001010110111000100000011001100110111101110010
11001100110100101100110011101000110010101100101011011100010000001101101011010010110111001110101011101000110010101110011001110110010000001100010011101010111010000100000011010010110011000100000011101000110100001100101001000000110111101110110011001010110111000100000011000100110010100100000011101110110000101110010011011010010110000100000011010110110010101100101011100000010000001101001011101000010000001101110011001010110000101110010001000000111010001101000011001010010000001101101011011110111010101110100011010000010110000100000011000010110111001100100
11101000110100001100101001000000110010001101111011011110111001000100000011011110111000001100101011011100011101100100000011011000110010101110011011101000010000001110100011010000110010100100000011000110110111101101100011011110111010101110010001000000110001001100101001000000111001101110000011011110110100101101100011001010110010000101110
1011111010000010110111001101111011101000110100001100101011100100010000001010000011011000111010101101101011000110110000101101011011001010010111001011111
100011001101100011011110111010101110010001000000110010001110010011010010110010101100100001011000010000001100001011011100110010000100000011000110111010101110010011100100110000101101110011101000111001100100000011101110110000101110011011010000110010101100100001000000110000101101110011001000010000001110000011010010110001101101011011001010110010000101100001000000110011001101111011101010111001000100000011100000110111101110101011011100110010001110011001011000010000001110011011101010110011101100001011100100010000001110000011011110111010101101110011001000110010101100100
11000010110111001100100001000000111001101101001011001100111010001100101011001000010000001101111011011100110010100100000011100000110111101110101011011100110010000100000011000010110111001100100001000000110000100100000011010000110000101101100011001100010110000100000011100110110100101111000001000000110111101110010011000010110111001100111011001010010110000100000011011000110010101101101011011110110111000101100001000000110000101101110011001000010000001100011011010010111010001110010011011110110111000100000011100000110010101100101011011000111001100101100
1100011011101010111010000100000011010010110111000100000011100110110110001101001011000110110010101110011001110110010000001101101011010010111100000100000011101000110100001100101011100110110010100101110
10000100110010101100001011101000010000001110100011001010110111000100000011001010110011101100111011100110010110000100000011110010110010101101100011010110111001100100000011000010110111001100100001000000111011101101000011010010111010001100101011100110010000001110011011001010111000001100001011100100110000101110100011001010110110001111001001110110010000001110100011010000110010101101110001000000110110101100101011011000111010000100000011000010010000001110000011011110111010101101110011001000010000001100001011011100110010000100000011000010010000001101000011000010110110001100110
11011110110011000100000011000100111010101110100011101000110010101110010001000000110100101101110001000000110000100100000011100000110100101101110011101000010000001101111011001100010000001100011011100100110010101100001011011010011101100100000011101110110100001100101011011100010000001101100011101010110101101100101011101110110000101110010011011010010000001110000011101010111010000100000011010010111010000100000011101000110111100100000011010000110000101101100011001100010000001100001001000000111000001101001011011100111010000100000011011110110011000100000011000010110110001100101
111100101100101011000010111001101110100001011000010000001101110011001010110000101110010001000000110100001100001011011000110011000100000011000010010000001110000011010010110111001110100001000000110111101100110001000000111001101110111011001010110010101110100001000000111011101101001011011100110010100101100001000000110000101101110011001000010000001110100011010000110010100100000011001010110011101100111011100110011101100100000011101000110100001100101011011100010000001110011011101000111001001100001011010010110111000100000011101000110100001100101
110110001101001011100010111010101101001011001000010000001110100011011110010000001110100011010000110010100100000011001000111001001111001001000000110100101101110011001110111001001100101011001000110100101100101011011100111010001110011001011000010000001100010011001010110000101110100001000000111010001101000011001010110110100100000011101110110010101101100011011000010110000100000011000010110111001100100001000000110000101100100011001000010000001101111011001100010000001100011011011000110111101110110011001010111001100101100001000000110110101100001011000110110010100101100
11000110110100101101110011011100110000101101101011011110110111000100000011000010110111001100100001000000110111001110101011101000110110101100101011001110010110000100000011010000110000101101100011001100010000001100001011011100010000001101111011101010110111001100011011001010010000001100101011000010110001101101000001011100010000001000010011101010111010001110100011001010111001000100000011101000110100001100101001000000111000001100001011011100010110000100000011000010110111001100100001000000111000001110101011101000010000001101001011101000010000001101001011011100111010001101111
11000010010000001110001011101010110100101100011011010110010000001101111011101100110010101101110001011100010000001010100011010000111001001100101011001010010000001101000011011110111010101110010011100110010000001110111011010010110110001101100001000000110001001100001011010110110010100100000011010010111010000101110
1011111010000010010000001110110011001010111001001111001001000000110011001101001011011100110010100100000010000110110000101101011011001010010111001011111
1010111011000010111001101101000001000000111010001110