011101000111010001101100011001010010000001101111011001100010000001110100011010000110010100100000011100000110010101100101011011000010110000100000011000010110111001100100001000000110001101101111011101100110010101110010
1100011011011000110111101110011011001010010111000100000010000100110111101101001011011000010000001110111011000010111010001100101011100100010000001100001011011100110010000100000011100110111010101100111011000010111001000100000011101000110111100100000011000010010000001110100011010000110100101101110001000000111001101111001011100100111010101110000001011000010000001100001011011100110010000100000011100110110101101101001011011010010000001101001011101000010111000100000010101110110100001100101011011100010000001100001011011000110110000100000011000010111001001100101
1100011011011110110110001100100001011000010000001101101011010010111100000100000011101000110100001100101001000000110101001110101011010010110001101100101001011000010000001110100011010000110010100100000011010010110111001100110011101010111001101101001011011110110111000101100001000000110000101101110011001000010000001110100011010000110010100100000011100110111100101110010011101010111000000101100001000000111011101101001011101000110100000100000011000010111001100100000011011010111010101100011011010000010000001101101011011110111001001100101
111011101100001011101000110010101110010001000000110000101110011001000000111011101101001011011000110110000100000011011010110000101101011011001010010000001100001001000000111001001101001011000110110100000100000011100110110100001100101011100100110001001100101011101000011101100100000011100110111010001110010011000010110100101101110001000000111010001101000011100100110111101110101011001110110100000100000011000010010000001101010011001010110110001101100011110010110001001100001011001110010111000100000010011110111001000101100
11100110111000101110101011001010110010101111010011001010010000001110100011010000110010100100000011010100111010101101001011000110110010100101100001000000110000101101110011001000010000001110011011101000111001001100001011010010110111000100000011010010111010000101100001000000110000101101110011001000010000001100001011001000110010000100000011101110110000101110100011001010111001000100000011000010110111001100100001000000110001101100001011100000110100101101100011011000110000101101001011100100110010100101110
10111110100111101110010011001110110010101100001011101000010111001011111
10000100110010101100001011101000010000001110100011101110110111100100000011011110111010101101110011000110110010101110011001000000110111101100110001000000110000101101100011011010110111101101110011001000111001100100000011101110110100101110100011010000010000001100001001000000111010001100101011000010111001101110000011011110110111101101110011001100111010101101100001000000110111101100110001000000110111101110010011000010110111001100111011001010010000001100110011011000110111101110111011001010111001000100000011101110110000101110100011001010111001000101100
1100001011011100110010000100000011000010010000001100010011010010111010001110100011001010111001000100000011000010110110001101101011011110110111001100100001000000110111101110010001000000111010001110111011011110011101100100000011101000110100001100101011011100010000001110000011011110111010101110010001000000110000100100000011100010111010101100001011100100111010000100000011011110110011000100000011011010110100101101100011010110010000001100001011011100110010000100000011101110110000101110100011001010111001000100000011101000110111100100000011101000110100001100101
111000001100001011100110111010001100101001011100010000001010011011101110110010101100101011101000110010101101110001000000111011101101001011101000110100000100000011100110111010101100111011000010111001000101100001000000110111101110010001000000110001101100001011100000110100101101100011011000110000101101001011100100110010100101110
1000001011011100110111101110100011010000110010101110010001000000110111101110010011001110110010101100001011101000010000001100110011011110111001000100000011000110110111101101101011100000110000101101110011110010010110000100000011100000110000101100111011001010010000000110010001100110011100100101110
10111110100110101101001011011000110101101110000011011110111001001110010011010010110010001100111011001010010111001011111
100110101100001011010110110010100100000011000010010000001100110011010010110111001100101001000000110011101110010011101010110010101101100001000000110111101100110001000000110100001100001011011000110011000100000011001110111001001101001011101000111001100101100001000000110110001101111011011100110011100100000011000100110111101101001011011000110010101100100001110110010000001110011011101000111001001100001011010010110111000100000011011110110011001100110001110110010000001100101011010010111010001101000011001010111001000100000011000010110010001100100
11000110110111101101100011001000010000001101101011010010110110001101011001011000010000001101111011100100010000001110111011000010111001001101101001000000111011101101001011101000110100000100000011011010110100101101100011010110010000001100001011100110010000001101101011000010111100100100000011000100110010100100000011000010111000001110000011100100110111101110110011001010110010000101110001000000101001101100101011100100111011001100101001000000111011101101001011101000110100000100000011101000110111101100001011100110111010000101110
1011111010001100111001001100101011011100110001101101000001000000100110101101001011011000110101101110000011011110111001001110010011010010110010001100111011001010010111001011111
10100110111010001101001011100100010000001110011011011110110110101100101001000000110111101100001011101000110110101100101011000010110110000100000011000010110111001100100001000000111011101100001011101000110010101110010001000000111010001101111011001110110010101110100011010000110010101110010001011000010000001101100011001010111010000100000011010010111010000100000011100110111010001100001011011100110010000100000011101000110111100100000011000100110010100100000011000110110110001100101011000010111001000101100001000000110000101101110011001000010000001110000011011110111010101110010
11011110110011001100110001000000111010001101000011001010010000001101100011000010111010001110100011001010111001000111010001000000111000001101111011101010111001000100000011001100111001001100101011100110110100000100000011101010111000001101111011011100010000001101001011101000010110000100000011100110111010001101001011100100010000001101001011101000010000001110111011001010110110001101100001011000010000001101100011001010111010000100000011010010111010000100000011100110111010001100001011011100110010000100000011101000110100101101100011011000010000001101110011001010111100001110100
110010001100001011110010011101100100000011100110111010001110010011000010110100101101110001000000111010001101000011100100110111101110101011001110110100000100000011000010010000001100110011010010110111001100101001000000111001101101001011001010111011001100101001011000010000001100001011011100110010000100000011000100110111101101001011011000010000001110100011010000110010100100000011101110110000101110100011001010111001000101100001000000110000101100100011001000110100101101110011001110010000001101101011010010110110001101011001000000111011101101000011010010110110001100101
11001000110111101101001011011100110011100101110001000000101010001101000011001010010000001110000011100100110111101110000011011110111001001110100011010010110111101101110001000000110111101100110001000000111011101100001011101000110010101110010001000000110110101110101011100110111010000100000011000100110010100100000011100110110110101100001011011000110110000101110
1010100011010000110100101110011001000000110100101110011001000000110110101110101011000110110100000100000011011110111001001100100011001010111001001100101011001000010110000100000011101110110100101110100011010000010000001110100011011110110000101110011011101000010110000100000011001100110111101110010001000000111010001101000011001010010000001100010011100100110010101100001011010110110011001100001011100110111010000100000011011110110011000100000011101110110010101100001011010110010000001110000011001010111001001110011011011110110111001110011
1100001011000100111001001101111011000010110010000101110
10111110100001101100001011101010110010001101100011001010010111001011111
10011010110000101101011011001010010000001100001001000000110011001101001011011100110010100100000011100110110110101101111011011110111010001101000001000000110011101110010011101010110010101101100001000000110111101100110001000000110100001100001011011000110011000100000011001110111001001101001011101000111001100111011001000000111001101110100011100100110000101101001011011100010000001101001011101000010000001110111011010000110010101101110001000000110001001101111011010010110110001100101011001000010000001110111011001010110110001101100001011000010000001110011011101000110100101110010
110100101110100001000000110000101110100001000000111010001101001011011010110010101110011001000000111010001101001011011000110110000100000011000110110111101101100011001000010111000100000010101110110100001100101011011100010000001110100011011110010000001100010011001010010000001110101011100110110010101100100001011000010000001100001011001000110010000100000011100110111010101100111011000010111001000101100001000000111011101101001011011100110010100101100001000000110000101101110011001000010000001101100011001010110110101101111011011100111000001100101011001010110110000101100
1110111011010010111010001101000001000000110111001110101011101000110110101100101011001110010111000100000010100110110111101101101011001010010000001101100011010010110101101100101001000000110000100100000011100110111000001101111011011110110111001100110011101010110110000100000011011110110011000100000011000100111001001100001011011100110010001111001001000000110001001100101011100110110100101100100011001010111001100100000011101000110100001100101001000000111011101101001011011100110010100101110
101111101000001011011100110111101110100011010000110010101110010001000000100001101100001011101010110010001101100011001010010111001011111
10000100110111101101001011011000010000001110101011100000010000001101000011000010110110001100110001000000110000100100000011100000110100101101110011101000010000001101111011001100010000001100110011010010110111001100101