0001100101001000000111010001101111011100000010000001101111011001100010000001100001001000000110011101101100011000010111001101110011001110110010000001110000011100100110100101100011011010110010000001110100011010000110010101101101
11101110110100101110100011010000010000001100001001000000110011001101111011100100110101100101100001000000110000101101110011001000010000001100011011011110111011001100101011100100010000001110111011010010111010001101000001000000110001101100001011100100111001001100001011101110110000101111001011100110010110000100000011011110111001000100000011101110110000101110011011010000010000001110111011010010111010001101000001000000111010001101000011001010010000001110111011010000110100101110100011001010010000001101111011001100010000001100001011011100010000001100101011001110110011100101100
110000101101110011001000010000001100100011101010111001101110100001000000110000100100000011011000110100101110100011101000110110001100101001000000111011101101000011010010111010001100101001000000111001101110101011001110110000101110010001000000110111101110110011001010111001000101110
101111101000111011010010110111001100111011001010111001001100010011100100110010101100001011001000010111001011111
100110101101001011110000010000001110111011010010111010001101000001000000111010001110111011011110010000001110000011011110111010101101110011001000111001100100000011011110110011000100000011001100110110001101111011101010111001000100000011010000110000101101100011001100010000001100001001000000111000001101111011101010110111001100100001000000110111101100110001000000111010001110010011001010110000101100011011011000110010100101100001000000111010001101000011100100110010101100101001000000111000101110101011000010111001001110100011001010111001001110011001000000110111101100110
11000010110111000100000011011110111010101101110011000110110010100100000011011110110011000100000011000110110000101110010011100100110000101110111011000010111100101110011001011000010000001101111011011100110010100100000011011110111010101101110011000110110010100100000011011110110011000100000011001110110100101101110011001110110010101110010001000000110011001101001011011100110010101101100011110010010000001110011011010010110011001110100011001010110010000101100001000000110000101101110011001000010000001110100011001010110111000100000011011110111010101101110011000110110010101110011
1101111011001100010000001100010011101010111010001110100011001010111001000101110
101001001101111011011000110110000100000011101000110100001100101001000000111000001100001011100110111010001100101001000000110100101101110011101000110111100100000011101110110100001100001011101000010000001100110011011110111001001101101001000000111100101101111011101010010000001110000011011000110010101100001011100110110010100101100001000000110000101101110011001000010000001100010011000010110101101100101001000000110111101101110001000000111010001101001011011100111001100101110
100100101100110001000000111100101101111011101010010000001101100011010010110101101100101001000000111001101110111011001010110010101110100011011010110010101100001011101000111001100101100001000000110000101100100011001000010000001101111011100100110000101101110011001110110010100100000011000110110000101101110011001000110100101100101011001000011101100100000011010010111010000100000011011010110000101111001001000000110001001100101001000000110000101100100011001000110010101100100001000000110100101101110001000000111001101101101011000010110110001101100
110001001101001011101000111001100101110
10111110100000101101110011011110111010001101000011001010111001000100000011100110110111101110010011101000010111001011111
101010001101111001000000111010001101000011100100110010101100101001000000111000101110101011000010111001001110100011001010111001001110011001000000110111101100110001000000110000100100000011100000110111101110101011011100110010000100000011011110110011000100000011101000111001001100101011000010110001101101100011001010010000001100010011001010110000101110100001000000110111101101110011001010010000001100101011001110110011100100000011100110111010001110010011000010110100101101110011001010110010000111011001000000110110101101001011110000010000001100110011011110111010101110010
110111101110101011011100110001101100101011100110010000001101111011001100010000001100010011100100110111101110111011011100010000001110011011101010110011101100001011100100010110000100000011010000110000101101100011001100010000001100001011011100010000001101111011101010110111001100011011001010010000001101111011001100010000001100111011010010110111001100111011001010111001000100000011100110110100101100110011101000110010101100100001011000010000001101111011001100010000001100011011011000110111101110110011001010111001100101100001000000110110101100001011000110110010100101100
11000010110110001101100011100110111000001101001011000110110010100101100001000000110000101101110011001000010000001101110011101010111010001101101011001010110011100101100001000000110000100100000011100010111010101100001011100100111010001100101011100100010000001101111011001100010000001100001011011100010000001101111011101010110111001100011011001010010110000100000011000100110010101100001011101000110010101101110001000000110000101110011001000000110011001101001011011100110010100100000011000010111001100100000011100000110111101110011011100110110100101100010011011000110010100111011
11000110110111101110010011010010110000101101110011001000110010101110010001000000110000101101110011001000010000001100011011000010111001001110010011000010111011101100001011110010010000001110011011001010110010101100100011100110010110000100000011001010110000101100011011010000010000001100001001000000111000101110101011000010111001001110100011001010111001000100000011011110110011000100000011000010110111000100000011011110111010101101110011000110110010100111011001000000110110101100101011011000111010000100000011011110110111001100101001000000111000001101111011101010110111001100100
1101111011001100010000001100010011101010111010001110100011001010111001000101100001000000110000101101110011001000010000001101101011010010111100000100000011101110110100101110100011010000010000001110100011010000110010100100000011000010110001001101111011101100110010100111011001000000110000101101110011001000010000001100001011001000110010000100000011000010111001100100000011011010111010101100011011010000010000001100110011011000110111101110101011100100010000001100001011100110010000001110111011010010110110001101100001000000110101101101110011001010110000101100100
1101001011011100111010001101111001000000110000100100000011100000111001001100101011101000111010001111001001000000111001101110100011010010110011001100110001000000111000001100001011100110111010001100101001110110010000001110100011010000110010101101110001000000111001001101111011011000110110000100000011010010111010000100000011011110111010101110100001011000010000001100001011011100110010000100000011000110111010101110100001000000110100101101110011101000110111100100000011000110110000101101011011001010111001100101110
100001001100001011010110110010100100000011011110110111000100000011101000110100101101110001000000111000001101100011000010111010001100101011100110010000001101001011011100010000001100001001000000111000101110101011010010110001101101011001000000110111101110110011001010110111000101110001000000100000100100000011011000110100101110100011101000110110001100101001000000111010001101001011011010110010100100000011101110110100101101100011011000010000001100010011000010110101101100101001000000111010001101000011001010110110100101110
10011110110011000100000011100110110111101101101011001010010110000100000011001000111001001101111011100000111001100100000011011010110000101111001001000000110001001100101001000000110110101100001011001000110010100101110
10111110101010001101111001000000110110101100001011010110110010100100000011000010010000001100111011011110110111101100100001000000100011101101001011011100110011101100101011100100110001001110010011001010110000101100100001011000010000001110111011010010111010001101000011011110111010101110100001000000100001001110101011101000111010001100101011100100010111001011111
10011010110100101111000001000000111010001110111011011110010000001110000011011110111010101101110011001000111001100100000011011110110011000100000011101000111001001100101011000010110001101101100011001010010110000100000011011110110011000100000011011110111001001100001011011100110011101100101001011000010000001101100011001010110110101101111011011100010110000100000011000110110100101110100011100100110111101101110001011000010000001100001011011100110010000100000011000110110000101101110011001000110100101100101011001000010000001100111011010010110111001100111011001010111001000101100
1100101011000010110001101101000001000000110011001101111011101010111001000100000011011110111010101101110011000110110010101110011001011000010000001100001011011000110110000100000011101000110100001101001011011100110110001111001001000000111001101101100011010010110001101100101011001000010110000100000011011110110111001100101001000000110111101110101011011100110001101100101001000000110111101100110001000000110001101101111011100100110100101100001011011100110010001100101011100100010000001110011011001010110010101100100011100110010110000100000011011110110111001100101
110111101110101011011100110001101100101001000000110111101100110001000000110001101100001011100100111001001100001011101110110000101111001011100110010110000100000011000010110111001100100001000000110111101101110011001010010000001101111011101010110111001100011011001010010000001101111011001100010000001100010011001010110000101110100011001010110111000100000011001110110100101101110011001110110010101110010001011000010000001101001011011100010000001100001011100110010000001101101011101010110001101101000001000000110011001101100011011110111010101110010001000000110000101110011
11101110110100101101100011011000010000001101101011000010110101101100101001000000110000100100000011100110110111101100110011101000010000001110000011000010111001101110100011001010011101100100000011011000110000101111001001000000110100101110100001000000110100101101110001000000110001101100001011010110110010101110011001000000110111101101110001000000111010001101001011011100010000001110000011011000110000101110100011001010111001100101100001000000110000101101110011001000010000001100010011000