00001000000100111001001111
1001111010101000100100001000101010100100010000001010111010000010101001001010010010000010100111001010100010010010100010101010011001000000100111101000110001000000100000101001110010110010010000001001011010010010100111001000100001011000010000001000101010110000101000001010010010001010101001101010011001000000100111101010010001000000100100101001101010100000100110001001001010001010100010000101100001000000100100101001110010000110100110001010101010001000100100101001110010001110010000001000010010101010101010000100000010011100100111101010100
100110001001001010011010100100101010100010001010100010000100000010101000100111100100000010101110100000101010010010100100100000101001110010101000100100101000101010100110010000001001111010001100010000001001101010001010101001001000011010010000100000101001110010101000100000101000010010010010100110001001001010101000101100100100000010011110101001000100000010001100100100101010100010011100100010101010011010100110010000001000110010011110101001000100000010000010100111001011001001000000101000001010101010100100101000001001111010100110100010100101110
11000100101110010001100010111000110101001011100010000001010011011011110110110101100101001000000111001101110100011000010111010001100101011100110010000001100100011011110010000001101110011011110111010000100000011000010110110001101100011011110111011100100000011001000110100101110011011000110110110001100001011010010110110101100101011100100111001100100000011011110110011000100000011000110110010101110010011101000110000101101001011011100010000001101001011011010111000001101100011010010110010101100100
1110111011000010111001001110010011000010110111001110100011010010110010101110011001000000110111101110010001000000111010001101000011001010010000001100101011110000110001101101100011101010111001101101001011011110110111000100000011011110111001000100000011011000110100101101101011010010111010001100001011101000110100101101111011011100010000001101111011001100010000001100011011001010111001001110100011000010110100101101110001000000111010001111001011100000110010101110011001000000110111101100110
110010001100001011011010110000101100111011001010111001100101110001000000100100101100110001000000110000101101110011110010010000001100100011010010111001101100011011011000110000101101001011011010110010101110010001000000110111101110010001000000110110001101001011011010110100101110100011000010111010001101001011011110110111000100000011100110110010101110100001000000110011001101111011100100111010001101000001000000110100101101110001000000111010001101000011010010111001100100000011000010110011101110010011001010110010101101101011001010110111001110100
11101100110100101101111011011000110000101110100011001010111001100100000011101000110100001100101001000000110110001100001011101110010000001101111011001100010000001110100011010000110010100100000011100110111010001100001011101000110010100100000011000010111000001110000011011000110100101100011011000010110001001101100011001010010000001110100011011110010000001110100011010000110100101110011001000000110000101100111011100100110010101100101011011010110010101101110011101000010110000100000011101000110100001100101
1100001011001110111001001100101011001010110110101100101011011100111010000100000011100110110100001100001011011000110110000100000011000100110010100100000011010010110111001110100011001010111001001110000011100100110010101110100011001010110010000100000011101000110111100100000011011010110000101101011011001010010000001110100011010000110010100100000011011010110000101111000011010010110110101110101011011010010000001100100011010010111001101100011011011000110000101101001011011010110010101110010001000000110111101110010
1101100011010010110110101101001011101000110000101110100011010010110111101101110001000000111000001100101011100100110110101101001011101000111010001100101011001000010000001100010011110010010000001110100011010000110010100100000011000010111000001110000011011000110100101100011011000010110001001101100011001010010000001110011011101000110000101110100011001010010000001101100011000010111011100101110001000000101010001101000011001010010000001101001011011100111011001100001011011000110100101100100011010010111010001111001001000000110111101110010
1110101011011100110010101101110011001100110111101110010011000110110010101100001011000100110100101101100011010010111010001111001001000000110111101100110001000000110000101101110011110010010000001110000011100100110111101110110011010010111001101101001011011110110111000100000011011110110011000100000011101000110100001101001011100110010000001100001011001110111001001100101011001010110110101100101011011100111010000100000011100110110100001100001011011000110110000100000011011100110111101110100001000000111011001101111011010010110010000100000011101000110100001100101
11100100110010101101101011000010110100101101110011010010110111001100111001000000111000001110010011011110111011001101001011100110110100101101111011011100111001100101110
110001001011100100011000101110001101100010111000100000010010010100111001000100010001010100110101001110010010010101010001011001001000000010110100100000010110010110111101110101001000000110000101100111011100100110010101100101001000000111010001101111001000000110100101101110011001000110010101101101011011100110100101100110011110010010000001100001011011100110010000100000011010000110111101101100011001000010000001110100011010000110010100100000010001100110111101110101011011100110010001100001011101000110100101101111011011100010110000100000011101000110100001100101
1110100011100100110000101100100011001010110110101100001011100100110101100100000011011110111011101101110011001010111001000101100001000000110000101101110011110010010000001100001011001110110010101101110011101000010000001101111011100100010000001100101011011010111000001101100011011110111100101100101011001010010000001101111011001100010000001110100011010000110010100100000010001100110111101110101011011100110010001100001011101000110100101101111011011100010110000100000011000010110111001111001011011110110111001100101
11100000111001001101111011101100110100101100100011010010110111001100111001000000110001101101111011100000110100101100101011100110010000001101111011001100010000001010000011100100110111101101010011001010110001101110100001000000100011101110101011101000110010101101110011000100110010101110010011001110010110101110100011011010010000001100101011011000110010101100011011101000111001001101111011011100110100101100011001000000111011101101111011100100110101101110011001000000110100101101110
1100001011000110110001101101111011100100110010001100001011011100110001101100101001000000111011101101001011101000110100000100000011101000110100001101001011100110010000001100001011001110111001001100101011001010110110101100101011011100111010000101100001000000110000101101110011001000010000001100001011011100111100100100000011101100110111101101100011101010110111001110100011001010110010101110010011100110010000001100001011100110111001101101111011000110110100101100001011101000110010101100100001000000111011101101001011101000110100000100000011101000110100001100101
111000001110010011011110110010001110101011000110111010001101001011011110110111000101100001000000111000001110010011011110110110101101111011101000110100101101111011011100010000001100001011011100110010000100000011001000110100101110011011101000111001001101001011000100111010101110100011010010110111101101110001000000110111101100110001000000101000001110010011011110110101001100101011000110111010000100000010001110111010101110100011001010110111001100010011001010111001001100111001011010111010001101101
11001010110110001100101011000110111010001110010011011110110111001101001011000110010000001110111011011110111001001101011011100110010110000100000011010000110000101110010011011010110110001100101011100110111001100100000011001100111001001101111011011010010000001100001011011000110110000100000011011000110100101100001011000100110100101101100011010010111010001111001001011000010000001100011011011110111001101110100011100110010000001100001011011100110010000100000011001010111100001110000011001010110111001110011011001010111001100101100
1101001011011100110001101101100011101010110010001101001011011100110011100100000011011000110010101100111011000010110110000100000011001100110010101100101011100110010110000100000011101000110100001100001011101000010000001100001011100100110100101110011011001010010000001100100011010010111001001100101011000110111010001101100011110010010000001101111011100100010000001101001011011100110010001101001011100100110010101100011011101000110110001111001001000000110011001110010011011110110110100100000011000010110111001111001001000000110111101100110
1110100011010000110010100100000011001100110111101101100011011000110111101110111011010010110111001100111001000000111011101101000011010010110001101101000001000000111100101101111011101010010000001100100011011110010000001101111011100100010000001100011011000010111010101110011011001010010000001110100011011110010000001101111011000110110001101110101011100100011101000100000001010000110000100101001001000000110010001101001011100110111010001110010011010010110001001110101011101000110100101101111011011100010000001101111011001100010000001110100011010000110100101110011
11011110111001000100000011000010110111001111001001000000101000001110010011011110110101001100101011000110111010000100000010001110111010101110100011001010110111001100010011001010111001001100111001011010111010001101101001000000111011101101111011100100110101100101100001000000010100001100010001010010010000001100001011011000111010001100101011100100110000101110100011010010110111101101110001011000010000001101101011011110110010001101001011001100110100101100011011000010111010001101001011011110110111000101100001000000110111101110010
110000101100100011001000110100101110100011010010110111101101110011100110010000001101111011100100010000001100100011001010110110001100101011101000110100101101111011011100111001100100000011101000110111100100000011000010110111001111001001000000101000001110010011011110110101001100101011000110111010000100000010001110111010101110100011001010110111001100010011001010111001001100111001011010111010001101101001000000111011101101111011100100110101100101100001000000110000101101110011001000010000000101000011000110010100100100000011000010110111001111001
10001000110010101100110