1100110010101100011011001010111001101110011011000010111001001111001001000000111010001101111
110011101100001011101000110100001100101011100100010000001110100011010000110010101101101001000000111011101101000011001010110111000100000011101000110100001100101001000000111011101100101011000010111010001101000011001010111001000100000011010010111001100100000011100010111010101101001011101000110010100100000011001000111001001111001001110110010000001100001011011100110010000100000011010010110011000100000011101000110100001100101001000000111001101100101011100100111011001100001011011100111010000100000011000110110000101101110001000000110001001100101
11001000110010101110000011001010110111001100100011001010110010000100000011101010111000001101111011011100010110000100000011010010111010000100000011010010111001100100000011000100110010101110011011101000010000001110100011011110010000001100011011101010111010000100000011101000110100001100101011011010010000001110101011011100110010001100101011100100010000001110100011010000110010100100000011101000111001001100101011001010111001100101100001000000110000101101110011001000010000001101100011001010111010000100000011101000110100001100101011011010010000001100100011100100110111101110000
11001110110010101101110011101000110110001111001001000000110100101101110011101000110111100100000011101000110100001100101001000000110001001101111011101000111010001101100011001010111001100101110
10100110111010001101111011100000010000001110101011100000010000001110100011010000110010100100000011000100110111101110100011101000110110001100101011100110010000001110111011010010111010001101000001000000110001101101111011100100110101100100000011000010110111001100100001000000111001001101111011100110110100101101110001011000010000001100001011011100110010000100000011100000111010101110100001000000111010001101000011001010110110100100000011010010110111001110100011011110010000001110100011010000110010100100000011101000111001001100101011011100110001101101000001000000110100101101110
111010001101000011001010010000001100111011000010111001001100100011001010110111000100000011101110110100101110100011010000010000001110100011010000110010100100000011011100110010101100011011010110010000001100100011011110111011101101110011101110110000101110010011001000111001100101110001000000101001101110100011010010110001101101011011100110010000001110011011010000110111101110101011011000110010000100000011000100110010100100000011100000110110001100001011000110110010101100100001000000110111101110000011100000110111101110011011010010111010001100101001000000111010001101111
111011101101000011001010111001001100101001000000110010101100001011000110110100000100000011100110110111101110010011101000010000001101111011001100010000001100110011100100111010101101001011101000010000001100010011001010110011101101001011011100111001100101110
10111110100111001101111011101000110010100101110010111110010000001010100011010000110010100100000011001000110100101110010011001010110001101110100011010010110111101101110011100110010000001100110011011110111001000100000011001110110111101101111011100110110010101100010011001010111001001110010011010010110010101110011001000000110100101101110001000000110001101100001011100110110010100100000011011110110011000100000011001100111001001101111011100110111010000101110
10000110110100001100101011100100111001001101001011001010111001100100000011000010110111001100100001000000110010001100001011011010111001101101111011011100111001100100000011010110110010101100101011100000010000001101001011011100010000001110100011010000110010100100000011100110110000101101101011001010010000001110111011000010111100100101110
10000110111010101110010011100100110000101101110011101000111001100100000011011010110000101111001001000000110001001100101001000000111001101100011011000010110110001100100011001010110010000101100001000000110000101101110011001000010000001101011011001010111000001110100001000000111011101101001011101000110100000100000011011110111001000100000011101110110100101110100011010000110111101110101011101000010000001110011011101010110011101100001011100100010110000100000011000010111001100100000011001000110100101110010011001010110001101110100011001010110010000100000011001100110111101110010
1100111011011110110111101110011011001010110001001100101011100100111001001101001011001010111001100101110
1011111010101000110111100100000011010110110010101100101011100000010000001000011011011110110010001101100011010010110111001110011001000000110011001101111011100100010000001110011011001010111011001100101011100100110000101101100001000000110110101101111011011100111010001101000011100110010111001011111
10001110110000101110100011010000110010101110010001000000110001101101111011001000110110001101001011011100111001100100000011000010111010000100000010011010110100101100100011100110111010101101101011011010110010101110010001000000110111101100110001000000110000100100000011011010110100101100100011001000110110001101001011011100110011100100000011100110110100101111010011001010011101000100000011100000111010101110100001000000111010001101000011001010110110100100000011010010110111001110100011011110010000001100001011011100010000001100101011000010111001001110100011010000110010101101110
11100000110000101101110001110100010000001110000011011110111010101110010001000000110001001101111011010010110110001101001011011100110011100100000011101110110000101110100011001010111001000100000011011110111011001100101011100100010000001110100011010000110010101101101001011000010000001100001011011100110010000100000011000110110111101110110011001010111001000100000011101000110100001100101001000000111000001100001011011100010000001110111011010010111010001101000
1100011011000010110001001100010011000010110011101100101001011010110110001100101011000010111011001100101011100110010111000100000010010110110010101100101011100000010000001110100011010000110010101101101001000000110001001111001001000000111010001101000011001010010000001100110011010010111001001100101001000000111010001101001011011000110110000100000011101000110100001100101011110010010000001110111011011110111010101101100011001000010000001110000011001010110010101101100001011000010000001100010011101010111010000100000011001000110111100100000011011100110111101110100
1110000011001010110010101101100001000000111010001101000011001010110110100111011001000000111010001101000011001010110111000100000011100000110111101110101011100100010000001110100011010000110010100100000011101110110000101110100011001010111001000100000011011110110011001100110001000000111010001101001011011000110110000100000011000100110111101110100011010000010000001100001011100100110010100100000011100010111010101101001011101000110010100100000011000110110111101101100011001000010111000100000010100000110110001100001011000110110010100100000011101000110100001100101
1100011011011110110010001101100011010010110111001110011001000000111010001101000011001010110111000100000011010010110111000100000011000010010000001110011011101000110111101101110011001010110101001100001011100100010000001110111011010010111010001101000001000000110000100100000011100110110110101100001011011000110110001101001011100110110100000100000011011010110111101110101011101000110100000101100001000000110000101101110011001000010000001110000011011110111010101110010001000000110111101101110001000000111010001101000011001010110110100100000011101000110100001100101
111011101100001011101000110010101110010001000000111010001101000011000010111010000100000011100110110001101100001011011000110010001100101011001000010000001110100011010000110010101101101001011100010000001000011011011110111011001100101011100100010000001110100011010000110010100100000011100000110111101110100001000000111011101101001011101000110100000100000011000100110110001100001011001000110010001100101011100100010000001110111011001010111010001110100011001010110010000101100001000000110000101101110011001000010000001110100011010010110010101100100
111011001100101011100100111100100100000011000110110110001101111011100110110010100101100001000000110000101101110011001000010000001110100011010000110010101101110001000000110111101110110011001010111001000100000011010010111010000100000011000110110111101100001011100100111001101100101001000000111000001100001011100000110010101110010001000000111010001101001011001010110010000100000011000010110011101100001011010010110111000101110
10010010111010000100000011010010111001100100000011000100110010101110011011101000010000001110100011011110010000001101011011001010110010101110000001000000111010001101000011001010110110100100000011010010110111000100000011100110110110101100001011011000110110000100000011010100110000101110010011100110010110000100000011100110111010101100011011010000010000001100001011100110010000001110111011010010110110001101100001000000110001001100101001000000111010101110011011001010110010000100000011000010111010000100000011011110110111001100011011001010010000001110111011010000110010101101110
1101111011100000110010101101110011001010110010000101110
1011111010101000110111100100000011010110110010101100101011100000010000001000100011000010110110101110011011011110110111001110011001000000110011001101111011100100010000001110111011010010110111001110100011001010111001000100000010100000110100101100101011100110010111001011111
101000001110101011101000010000001110100011010000110010101101101001000000110100101101110001000000111001101101101011000010110110001101100001000000111001101110100011011110110111001100101011010100110000101110010011100110010110000100000011011110111001000100000011101110110100101100100011001010010000001101101011011110111010101110100011010000110010101100100001000000110001001101111011101000111010001101100011001010111001100111010001000000111001101100101011101000010000001110100011010000110010101101101001000000111010101110000001000000111010001101111
111010001101000011001010110100101110010001000000110111001100101011000110110101101110011001000000110100101101110001000000110000100100000011000100110111101101001011011000110010101110010001000000110111101100110001000000110001101101111011011000110010000100000011101110110000101110100011001010111001000101100001000000110000101101110011001000010000001101100011010010110011101101000011101000110100101101110011001110010000001100001001000000110011001101001011100100110010100100000011101010110111001100100011001010111001000101100001000000111001101100