1000110110100000111011001000000110001001110101011101000010000001110100011010000110010100100000011011000110010101110011011100110010000001101100011010010111000101110101011011110111001000100000011010010111010000100000011010010111001100100000011001000110111101101110011001010010000001110111011010010111010001101000001000000111010001101000011001010010000001100010011001010111010001110100011001010111001000101110
10111110100011001110010011010010110001101100001011100110111001101100101011001010010000001101111011001100010000001000011011010000110100101100011011010110110010101101110011100110010111001011111
1000010011011110110100101101100001000000111010001101000011001010110110100100000011100100110000101110100011010000110010101110010001000000110110101101111011100100110010100100000011101000110100001100001011011100010000001101000011000010110110001100110001000000110100101101110001000000110000100100000011100110110110101100001011011000110110000100000011100010111010101100001011011100111010001101001011101000111100100100000011011110110011000100000011101110110000101110100011001010111001000111010001000000110110001100101011101000010000001110100011010000110010101101101
1100011011011110110111101101100001110110010000001110100011010000110010101101110001000000110001101110101011101000010000001110100011010000110010101101101001000000111010101110000001011000010000001100001011011100110010000100000011100000111010101110100001000000111010001101000011001010110110100100000011101000110111100100000011100110110100101101101011011010110010101110010001000000110100101101110001000000110000100100000011011000110100101110100011101000110110001100101001000000110011101110010011000010111011001111001001011000010000001101101011000010110010001100101
1101111011001100010000001110100011010000110010100100000011011000110100101110001011101010110111101110010001000000111010001101000011001010111100100100000011101110110010101110010011001010010000001100010011011110110100101101100011001010110010000100000011010010110111000101100001000000110000101101110011001000010000001100001001000000110001001101001011101000010000001101111011001100010000001110110011001010110000101101100001000000110111101110010001000000110110101110101011101000111010001101111011011100010110000100000011011110110111001101001011011110110111000101100
11011010110000101100011011001010010110000100000011011000110010101101101011011110110111001110000011001010110010101101100001011000010000001110111011010000110100101110100011001010010000001110000011001010111000001110000011001010111001000101100001000000110000101101110011001000010000001100001001000000110001001110101011011100110001101101000001000000110111101100110001000000111001101110111011001010110010101110100001000000110100001100101011100100110001001110011001011100010000001010111011010000110010101101110001000000111000101110101011010010111010001100101
111010001100101011011100110010001100101011100100010110000100000011010110110010101100101011100000010000001110100011010000110010101101101001000000110100001101111011101000010000001110111011010000110100101101100011001010010000001111001011011110111010100100000011101000110100001101001011000110110101101100101011011100010000001110100011010000110010100100000011100110110000101110101011000110110010100100000011101000110100001110101011100110011101000100000011100110111010001110010011000010110100101101110001000000110111101100110011001100010110000100000011000010110111001100100
11100000111010101110100001000000110100101110100001000000110001001100001011000110110101100100000011010010110111001110100011011110010000001110100011010000110010100100000011100110110000101110101011000110110010101110000011000010110111000101100001000000111011101101001011101000110100000100000011000010010000001101100011010010111010001110100011011000110010100100000011100110110000101101100011101000010110000100000011000010010000001110011011000110111001001100001011100000110010100100000011011110110011000100000011011100111010101110100011011010110010101100111001011000010000001100001
110001001101001011101000010000001101111011001100010000001100110011011000110111101110101011100100010000001100001011011100110010000100000011000100111010101110100011101000110010101110010001110100010000001100111011010010111011001100101001000000110100101110100001000000110111101101110011001010010000001100010011011110110100101101100001110110010000001100001011011100110010000100000011101110110100001100101011011100010000001111001011011110111010100100000011000010111001001100101001000000110011101101111011010010110111001100111001000000111010001101111
11100110110010101110010011101100110010100101100001000000110001001100101011000010111010000100000011101010111000000100000011101000110100001100101001000000111100101100101011011000110101100100000011011110110011000100000011000010110111000100000011001010110011101100111001011000010000001100001011001000110010000100000011010000110000101101100011001100010000001100001001000000111000001101001011011100111010000100000011011110110011000100000011000110111001001100101011000010110110100101100001000000110000101101110011001000010000001110011011101000110100101110010
1110100011010000110010101101101001000000110111101110110011001010111001000100000011101000110100001100101001000000110011001101001011100100110010100101100001000000110001001110101011101000010000001100100011011110010000001101110011011110111010000100000011011000110010101110100001000000110100101110100001000000110001001101111011010010110110000101110
1001001011101000010000001110111011010010110110001101100001000000110001001100101001000000110010101110001011101010110000101101100011011000111100100100000011001110110111101101111011001000010000001110111011010010111010001101000011011110111010101110100001000000111010001101000011001010010000001100101011001110110011100101110
1011111010000010110111001101111011101000110100001100101011100100010000001110111011010000110100101110100011001010010000001010011011000010111010101100011011001010010110000100000011011010110111101110010011001010010000001100101011000010111001101101001011011000111100100100000011011010110000101100100011001010010111001011111
10101000110000101101011011001010010000001100001001000000110110001101001011101000111010001101100011001010010000001101111011001100010000001110100011010000110010100100000011101110110000101110100011001010111001000100000011101000110100001100001011101000010000001100010011011110110100101101100011001010110010000100000011101000110100001100101001000000110011001101111011101110110110001110011001011000010000000101000011101110110100001101001011000110110100000100000011011010111010101110011011101000010000001100010011001010010000001101011011001010111000001110100
11010000110111101110100001010010010000001100001011011100110010000100000011100110111010001100101011101110010000001110111011010010111010001101000001000000110100101110100001000000111001101101111011011010110010100100000011000110111010101110100001000000110111101101110011010010110111101101110001011000010000001100001001000000110001001101001011101000010000001101111011001100010000001110000011000010111001001110011011011000110010101111001001011000010000001100001001000000110001001101100011000010110010001100101001000000110111101100110001000000110110101100001011000110110010100101100
11000010110111001100100001000000110000100100000011000100110100101110100001000000110111101100110001000000110110001100101011011010110111101101110011100000110010101100101011011000010111000100000010011010110100101111000001000000111011101101001011101000110100000100000011101000110100001101001011100110010000001100001001000000110001001101001011101000010000001101111011001100010000001100010011101010111010001110100011001010111001000101100001000000110011001101100011011110111010101110010001011000010000001100001011011100110010000100000011011000110100101110100011101000110110001100101
11101000110100001101001011000110110101100100000011000110111001001100101011000010110110100101100001000000110000101101110011001000010000001100001011001000110010001101001011011100110011100100000011101000110100001100101001000000110001101101000011010010110001101101011011001010110111000101100001000000111011101100001011100100110110100100000011010010111010000100000011101110110100101110100011010000010000001110100011010000110010100100000011100110110000101110101011000110110010100101110
10101000110100001100101001000000110000101100010011011110111011001100101001000000110011001101111011100100010000001110110011001010110000101101100001000000110111101110010001000000111001001100001011000100110001001101001011101000011101100100000011000100111010101110100001000000110100101100110001000000110010101101001011101000110100001100101011100100010000001100001011100100110010100100000011011100110111101110100001000000111001101110101011001100110011001101001011000110110100101100101011011100111010001101100011110010010000001100100011011110110111001100101
11000100110010101100110011011110111001001100101001011000010000001110100011010000110010101101110001000000111010001101000011001010010000001100011011100100110010101100001011011010010000001100001011011100110010000100000011001100110110001101111011101010111001000100000011100110110100001101111011101010110110001100100001000000110001001100101001000000110000101100100011001000110010101100100001000000110101001110101011100110111010000100000011000100110010101100110011011110111001001100101001000000111001101100101011100100111011001101001011011100110011100101100
1100001011001100111010001100101011100100010000001110100011010000110010100100000011011010110010101100001011101000010000001101001011100110010000001100001001000000110110001101001011101000111010001101100011001010010000001110011011101000110010101110111011001010110010000101110
10111110100010001100001011101100110010101101110011100000110111101110010011101000010000001000110011011110111011101101100011100110010111001011111
1001000011000010110111001100111001000000111100101101111011101010110111001100111001000000110011001101111011101110110110001110011001000000110000100100000011011100110100101100111011010000111010000111010001000000111010001100001011010110110010100100000011101000110100001100101001000000110110001101001011101100110010101110010011100110010110000100000011010000110010101100001011100100111010001110011001011000010000001100001011011100110010000100000011101000110010101101110011001000110010101