00000111000001101111011101010110111001100100001000000110111101100110001000000110011101100001011100100110110001101001011000110110101100100000011101000110100001110010011001010110010100100000011001000110000101111001011100110011101100100000011101000110100001100101011011100010000001110000011101010111010000100000011010010111010000100000011010010110111000100000011101000110100001100101
111001101110101011011100010000001110100011011110010000001100100011100100111100100101110001000000101001101100001011011000111010000100000011000010110111001100100001000000110010001110010011110010010000001101100011011110110111001100111001000000111000001100101011100000111000001100101011100100010000001101001011011100010000001110100011010000110010100100000011100110110000101101101011001010010000001110111011000010111100100101110
101000001110010011001010111000001100001011100100110010100100000011101100110000101110010011010010110111101110101011100110010000001110011011011110111001001110100011100110010000001101111011001100010000001110110011001010110011101100101011101000110000101100010011011000110010101110011001000000111010001101000011101010111001100111010
1010001011101010110000101110010011101000110010101110010001000000111001101101101011000010110110001101100001000000111011101101000011010010111010001100101001000000110001101100001011000100110001001100001011001110110010101110011001110100010000001110011011000010110110001110100001000000111010001101000011100100110010101100101001000000110010001100001011110010111001100111010001000000111001101110001011101010110010101100101011110100110010100100000011000010110111001100100001000000111001101100101011101000010000001110100011010000110010101101101001000000110100101101110
11101000110100001100101001000000111001101110101011011100010000001110100011011110010000001100100011100100111100100101110
10000110110000101110101011011000110100101100110011011000110111101110111011001010111001001110011001000000110001101110101011101000010000001101001011011100010000001110100011010000110010101101001011100100010000001100010011100100110000101101110011000110110100001100101011100110011101000100000011101000110000101101011011001010010000001101111011001100110011000100000011101000110100001100101001000000110011101110010011001010110010101101110001000000110011001110010011011110110110100100000011100100110000101100100011010010111001101101000011001010111001100111010
11000110111010101110100001000000110001101100101011011000110010101110010011110010010000001101001011011100010000001110100011010000111001001100101011001010010000001101001011011100110001101101000001000000110110001100101011011100110011101110100011010000111001100111010001000000110010001101001011101000111010001101111001000000100011001110010011001010110111001100011011010000010000001100010011001010110000101101110011100110010000001110111011010000110111101101100011001010010110000100000011011000110100101101011011001010111011101101001011100110110010100100000011101000110100001100101
1110011011010000110111101101111011101000111001100100000011011110110011000100000011000010110110001100100011001010111001000101100001000000111011101101000011010010110001101101000001000000111011101101001011011000110110000100000011011000110111101101111011010110010000001101100011010010110101101100101001000000110001001100001011011010110001001101111011011110010111000100000010000010111000001110000011011000110010101110011001000000110000101101110011001000010000001100011011101010110001101110101011011010110001001100101011100100111001100101100
110001101101000011011110110111101110011011001010010000001101111011001100010000001110100011010000110010100100000011011000110010101100001011100110111010000100000011100110110010101100101011001000111100100100000011100110110111101110010011101000011101100100000011000110111010101110100001000000111010001101000011001010110110100100000011010010110111000100000011100110110110001101001011000110110010101110011001011000010000001101111011100100010000001110001011101010110000101110010011101000110010101110010011100110010110000100000011010010110011000100000011011100110111101110100
11101000110111101101111001000000110110001100001011100100110011101100101001011100010000001000001011011000110110000100000011011010111010101110011011101000010000001100010011001010010000001110011011000010110110001110100011001010110010000101100001000000110010001110010011000010110100101101110011001010110010000101100001000000110000101101110011001000010000001100100011100100110100101100101011001000010000001101001011011100010000001110100011010000110010100100000011100110111010101101110001011000010000001100101011110000110001101100101011100000111010000100000011101000110100001100101
110110001100001011101000111010001100101011100100011101100100000011011110111011001100101011100100010000001110111011010000110100101100011011010000010000001111001011011110111010100100000011011010111010101110011011101000010000001110000011011110111010101110010001000000110001001101111011010010110110001101001011011100110011100100000011101100110100101101110011001010110011101100001011100100010110000100000011000010110111001100100001011000010000001101001011011100010000001110100011101110110010101101100011101100110010100100000011010000110111101110101011100100111001100101100
1100100011100100110000101101001011011100010000001110100011010000110010101101101001011000010000001100010011101010111010000100000011011100110111100100000011100110110000101101100011101000010000001101101011101010111001101110100001000000110001001100101001000000111010101110011011001010110010000101110
10100000111010101110100001000000111010001101000011001010010000001110011011100000110100101100011011001010010110000100000011001110110000101110010011011000110100101100011011010110010110000100000011000010010000001110001011101010110000101110010011101000110010101110010001000000110111101100110001000000110000100100000011100000110111101110101011011100110010000100000011011110110011000100000011011010111010101110011011101000110000101110010011001000111001101100101011001010110010000101100001000000110000101101110011001000010000001100001011100110010000001101101011101010110001101101000
1110110011010010110111001100101011001110110000101110010001000000110000101110011001000000111100101101111011101010010000001110100011010000110100101101110011010110010000001100101011011100110111101110101011001110110100000100000011001100110111101110010001000000111010001101000011001010010000001110001011101010110000101101110011101000110100101110100011110010010000001111001011011110111010100100000011000010111001001100101001000000111010001101111001000000111000001101001011000110110101101101100011001010010110000100000011010010110111001110100011011110010000001100001
110110001100001011100100110011101100101001000000111001101110100011011110110111001100101011010100110000101110010001011000010000001100001011011100110010000100000011011110110111001100101001000000110111101110101011011100110001101100101001000000110111101100110001000000111010001110101011100100110110101100101011100100110100101100011001000000111010001101111001000000110001001100101001000000111001001100101011000010110010001111001001000000110000101100111011000010110100101101110011100110111010000100000011101000110100001100101
11101100110010101100111011001010111010001100001011000100110110001100101011100110010000001110011011010000110000101101100011011000010000001100010011001010010000001100100011100100110100101100101011001000010111000100000010101110110100001100101011011100010000001110100011010000110010101111001001000000110000101110010011001010010000001110010011001010110000101100100011110010010110000100000011011110110001001110011011001010111001001110110011001010010000001110100011010000110010100100000011001100110111101101100011011000110111101110111011010010110111001100111
11001000110100101110010011001010110001101110100011010010110111101101110011100110011101000100000011100000111010101110100001000000111001101101111011011010110010100100000011011110110011000100000011101000110100001100101011011010010000001101001011011100111010001101111001000000110000100100000011101000111011101101111001000000111000101110101011000010111001001110100001000000111001101110100011011110110111001100101011010100110000101110010001011000010000001100001011011100110010000100000011100000110111101110101011100100010000001101111011101100110010101110010
1110100011010000110010101101101001000000110111101101110011001010010000001110001011101010110000101110010011101000010000001101111011001100010000001100010011011110110100101101100011010010110111001100111001000000111011001101001011011100110010101100111011000010111001000111010001000000110111001100101011110000111010000100000011001000110000101111001001000000111010001100001011010110110010100100000011011110111010101110100001000000111010001101000011011110111001101100101001000000111011001100101011001110110010101110100011000010110001001101100011001010111001100101100
11000010110111001100100001000000111011101101000011001010110111000100000011001000111001001100001011010010110111001100101011001000010110000100000011100000111010101110100001000000111010001101000011001010110110100100000011010010110111001110100011011110010000001100001001000000110110001100001011100100110011101100101001000000111001101110100011011110110001101101011001000000110101001100001011100100010110000100000011000010110111001100100001000000110001001101111011010010110110001101001011011100110011100100000011101000110100001100101
11101100110100101101110011001010110011101100001011100100010110000100000011100000110111101110101011100100010000001101001011101000010000001101111011101100110010101110010001000000111001101101111011011010110010100100000011011010110111101110010011001010010000001101111011001100010000001110100011010000110010100100000011101100110010101100111011001010111010001100001011000100110110001100101011100110011101100100000011011000110010101110100001000000111010001101000011001010110110100100000011011000110100101100101001000000110000100100000011011100110100101100111011010000111010000101100
1100001011011100110010000100000011001000110111100100000011000010111001100100000011000010110001001101111011101100110010100101110001000000101010001101000011101010111001100100000011100000111001001101111011000110110010101100101011001000010000001110100011010010110110001101100001000000111100101101111011101010010000001101000011000010111