100001000000110001001100101011000010111010000100000011100000110000101110010011101000010110000100000011000010110111001100100001000000111001101110100011100100110010101110111001000000110111101110110011001010111001000100000011101000110100001100101011011010011101100100000011011000110010101110100001000000111010001101000011001010110110100100000011011000110100101100101
11000010110110001101100001000000110111001101001011001110110100001110100001110110010000001100100011010010111001101110011011011110110110001110110011001010010000001110100011010000110010100100000011100100110010101110011011101000010000001101001011011100010000001101000011000010110110001100110001000000110000100100000011100000110100101101110011101000010000001101111011001100010000001100011011101010111001001110010011000010110111001110100011010100111010101101001011000110110010100101100001000000111001101100101011101000010000001101001011101000010000001101111011101100110010101110010
11101000110100001100101001000000110011001101001011100100110010100101100001000000110000101101110011001000010000001110000011101010111010000100000011010010110111000100000011101000110100001100101001000000110001101101000011001010111001001110010011010010110010101110011001011000010000001100001011011100110010000100000011100110111010101100111011000010111001000100000011101000110100001100001011101000010000001101000011000010110111001100111011100110010000001100001011000100110111101110101011101000010000001110100011010000110010101101101001011000010000001100111011010010111011001100101
111010001101000011001010110110100100000011000010010000001110011011000110110000101101100011001000010110000100000011101000110100001100101011011100010000001110000011101010111010000100000011101000110100001100101011011010010000001101001011011100010000001100001001000000100001101101000011010010110111001100001001000000110001001101111011101110110110000111011001000000110111001100101011110000111010000100000011001000110000101111001001000000110011101101001011101100110010100100000011101000110100001100101011011010010000001100001011011100110111101110100011010000110010101110010
11100110110001101100001011011000110010000101100001000000111010001101000011001010110111000100000011101000110000101101011011001010010000001110100011010000110010101101101001000000110001101100001011100100110010101100110011101010110110001101100011110010010000001101111011101010111010000101100001000000110001001101111011010010110110000100000011101000110100001100101001000000111001101111001011100100111010101110000001000000111010001101001011011000110110000100000011010010111010000100000011010010111001100100000011101000110100001101001011000110110101100101100
1100001011011100110010000100000011100000110111101110101011100100010000001101001011101000010000001101111011011100010000001110100011010000110010101101101001110110010000001101100011011110110111101101011001000000110000101110100001000000110100101110100001000000110100101101110001000000110000100100000011001000110000101111001001000000110111101110010001000000111010001110111011011110010110000100000011000010110111001100100001000000110100101100110001000000111010001101111011011110010000001110100011010000110100101101110001011000010000001100010011011110110100101101100
110100101110100001000000110110101101111011100100110010100101100001000000110001001110101011101000010000001100111011001010110111001110100011011000111100100101110
10111110101010001101111001000000110101101100101011001010111000000100000010011000110010101101101011011110110111001101010011101010110100101100011011001010010111001011111
10000100111010101111001001000000111010001101000011001010010000001100110011100100111010101101001011101000010000001110111011010000110010101101110001000000110001101101000011001010110000101110000001011000010000001101011011001010110010101110000001000000110100101110100001000000110100101101110001000000110000100100000011000110110111101101111011011000010000001110000011011000110000101100011011001010010000001110101011011100111010001101001011011000010000001110100011010000110010100100000011000110110111101101100011011110111010101110010
110001001100101011000110110111101101101011001010111001100100000011101100110010101110010011110010010000001111001011001010110110001101100011011110111011100111010001000000110001101110101011101000010000001110100011010000110010100100000011100000110010101100101011011000010000001101111011001100110011000100000011100110110111101101101011001010010110000100000011000010110111001100100001000000111001001101111011011000110110000100000011101000110100001100101011011010010000001110101011011100110010001100101011100100010000001111001011011110111010101110010
11010000110000101101110011001000010000001110100011011110010000001101101011000010110101101100101001000000111010001101000011001010110110100100000011100000110000101110010011101000010000001110111011010010111010001101000001000000111010001101000011001010010000001101010011101010110100101100011011001010010000001101101011011110111001001100101001000000111001001100101011000010110010001101001011011000111100100111011001000000110111101110100011010000110010101110010011100110010000001111001011011110111010100100000011011010110000101111001001000000110110001100101011000010111011001100101
11101010110111001110000011000010111001001100101011001000010000001100110011011110111001000100000011001110111001001100001011101000110100101101110011001110010110000100000011101110110100001100101011011100010000001110100011010000110010100100000011100000111010101101100011100000010000001110011011010000110000101101100011011000010000001100010011001010010000001110100011000010110101101100101011011100010000001101111011101010111010000100000011000010110111001100100001000000110010001110010011010010110010101100100001011100010000001010011011100010111010101100101011001010111101001100101
11101000110100001100101001000000110101001110101011010010110001101100101001000000110100101101110011101000110111100100000011000010010000001000011011010000110100101101110011000010010000001100010011000010111001101101111011011100010110000100000011101000110100001100101011011100010000001110011011101000111001001100001011010010110111000100000011010010111010000100000011101000110100001110010011011110111010101100111011010000010000001110011011011110110110101100101001000000110110001101001011011100110010101101110001000000111011101101000011010010110001101101000
11101110110100101101100011011000010000001101110011011110111010000100000011100000110010101110010011011010110100101110100001000000111010001101000011001010010000001101100011001010110000101110011011101000010000001110000011101010110110001110000001000000111010001101111001000000111000001100001011100110111001100101110001000000100100001100001011101100110010100100000011100100110010101100001011001000111100100100000011100110110111101101101011001010010000001101000011000010110110001100110001000000110000101101110011001000010000001110001011101010110000101110010011101000110010101110010
110111101110101011011100110001101100101001000000111000001101000011010010110000101101100011100110010000001110000011001010111001001100110011001010110001101110100011011000111100100100000011001000111001001111001001110100010000001100110011010010110110001101100001000000111010001101000011001010110110100100000011101110110100101110100011010000010000001110100011010000110010100100000011010100111010101101001011000110110010100100000011100110110111100100000011011100110010101100001011100100010000001110100011011110010000001110100011010000110010100100000011101000110111101110000
110000101110011001000000110111101101110011011000111100100100000011101000110111100100000011000010110010001101101011010010111010000100000011010000110000101101100011001100010000001100001001000000111010001100101011000010111001101110000011011110110111101101110011001100111010101101100001000000110111101100110001000000111001101110111011001010110010101110100001000000110111101101001011011000010000001101001011011100111010001101111001000000110010101100001011000110110100000111011001000000110111101110010001000000110000100100000011011000110100101110100011101000110110001100101
11011010110111101110010011001010010110000100000011010010110011000100000011001100110111101110010001000000110110001100001011100100110011101100101011100100010000001100010011011110111010001110100011011000110010101110011001011100010000001000011011011110111001001101011001000000111010001101000011001010010000001100010011011110111010001110100011011000110010101110011001011000010000001100001011011100110010000100000011100110110010101110100001000000111010001101000011001010110110100100000011101010111000001110010011010010110011101101000011101000010000001101001011011100010000001100001
110001101101111011011110110110000100000011100000110110001100001011000110110010100101110
1010111011010000110010101101110001000000111100101101111011101010010000001110111011000010110111001110100001000000110110001100101011011010110111101101110011010100111010101101001011000110110010100101100001000000110111101110000011001010110111000100000011100110111010101100011011010000010000001100001001000000111001101101001011110100110010101100100001000000110001001101111011101000111010001101100011001010010000001100001011100110010000001111001011011110111010100100000011100110110100001100001011011000110110000100000011101010111001101100101001000000110100101101110
11101000111011101101111001000000110111101110010001000000111010001101000011100100110010101100101001000000110010001100001011110010111001100101100001000000111011101101001011011100110010000100000011100110110111101101101011001010010000001100011011011000110010101100001011011100010000001100011011011110111010001110100011011110110111000100000011100100110111101110101011011100110010000100000011000010010000001110011011010110110010101110111011001010111001000101100001000000110000101101110011001000010000001100100011010010111000001110000011010010110111001100111001000000110100101110100
11010010110111000101100001000000111010001101000011001010010000001101111011010010110110000100000011101110110100101101100011011000010000001100010011001010010000001100001011101000111010001110010011000010110001101110100011001010110010000111011001000000110000101101110011001000010000001110111011010000110010101101110001000000110000101101100011011000010000001110011011010000110000101101100011011000010000001100010011001010010000001110