001000000110011101110010011101010110010101101100001011000010000001110111011010010111010001101000001000000110000100100000011000100110100101110100001000000110111101100110001000000110001001110101011101000111010001100101011100100010000001110100011010000110010100100000011100110110100101111010011001010010000001101111011001100010000001100001
11011000110000101110010011001110110010100100000011011100111010101110100011011010110010101100111001011000010000001100001001000000110110001100001011100100110011101100101001000000111001101110000011011110110111101101110011001100111010101101100001000000110111101100110001000000110001001110010011000010110111001100100011110010010110000100000011101000110100001100101001000000111001101100001011011010110010100100000011011110110011000100000011101110110100001101001011101000110010100100000011101110110100101101110011001010010110000100000011011110110111001100101001000000110111101100110
11000110110000101110000011010010110110001101100011000010110100101110010011001010010110000100000011000010010000001100010011010010111010000100000011011110110011000100000011011000110010101101101011011110110111001110000011001010110010101101100001000000110000101101110011001000010000001101110011101010111010001101101011001010110011100101110
101111101010010011010010110001101100101001000000100001101100001011101010110010001101100011001010010111001011111
101011101101000011001010110111000100000011101000110100001100101001000000111011101100001011101000110010101110010001000000110001001101111011010010110110001110011001011000010000001110000011011110111010101110010001000000110100101110100001000000110100101101110011101000110111100100000011100110110111101101101011001010010000001100111011100100110000101110100011001010110010000100000011100100110100101100011011001010010000001101101011010010111100001100101011001000010000001110111011010010111010001101000001000000110000100100000011011000110100101110100011101000110110001100101
110001101101111011011000110010000100000011101110110000101110100011001010111001000111011001000000111011101101000011001010110111000100000011011110110011000100000011000010010000001110000011100100110111101110000011001010111001000100000011000110110111101101110011100110110100101110011011101000110010101101110011000110110010100100000011000010110010001100100001000000111001101110101011001110110000101110010001011000010000001101100011001010110110101101111011011100111000001100101011001010110110000100000011000010110111001100100
11000110110100101101110011011100110000101101101011011110110111000101100001000000110000101101110011001000010000001100001001000000110011101101100011000010111001101110011001000000110111101100110001000000110001001110010011000010110111001100100011110010010000001110100011011110010000001100001001000000111000101110101011000010111001001110100001011100010000001000010011011110110100101101100001000000110000101101100011011000010000001110011011011010110111101101111011101000110100000101110
101111101000011011011110110110001100100001000000100001101100001011101010110010001101100011001010010111001011111
100001001101111011010010110110000100000011000010010000001110001011101010110000101110010011101000010000001101111011001100010000001110011011100000111001001101001011011100110011100100000011101110110000101110100011001010111001000111011001000000111011101101000011001010110111000100000011000110110111101101100011001000010110000100000011000010110010001100100001000000111010001101000011001010010000001111001011001010110110001101011001000000110111101100110001000000110000101101110001000000110010101100111011001110010110000100000011101000110100001100101
11010100111010101101001011000110110010100100000011011110110011000100000011000010010000001110011011011010110000101101100011011000010000001101100011001010110110101101111011011100010110000100000011100110110100101111000001000000111001101110000011011110110111101101110011001100111010101101100011100110010000001101111011001100010000001110011011101110110010101100101011101000010000001110111011010010110111001100101001011000010000001110011011101010110011101100001011100100010000001110100011011110010000001111001011011110111010101110010
1110100011000010111001101110100011001010011101100100000011000010110111001100100001000000111001101111001011100100111010101110000001000000110111101100110001000000110110001100101011011010110111101101110011100110010000001101111011011100110010100100000011011110111010101101110011000110110010100101110
101111101000001001000000111001001100101011001100111001001100101011100110110100001101001011011100110011100100000011001000111001001101001011011100110101100100000011010010110111000100000011000010010000001000110011001010111011001100101011100100010111001011111
101000001110101011101000010000001100001001000000110110001101001011101000111010001101100011001010010000001110100011001010110000100100000011100110110000101100111011001010010110000100000011101000111011101101111001000000111001101110000011100100110100101100111011100110010000001101111011001100010000001100010011000010110110001101101001011000010000001100001011011100110010000100000011000010010000001011111011011000110100101110100011101000110110001100101010111110010000001110111011011110110111101100100011100110110111101110010011100100110010101101100
110100101101110011101000110111100100000011000010010000001110011011101000110111101101110011001010010000001101010011101010110011100101100001000000110100001100001011101100110100101101110011001110010000001100110011010010111001001110011011101000010000001110111011000010111001101101000011001010110010000100000011000010110111001100100001000000110010001110010011010010110010101100100001000000111010001101000011001010110110100111011001000000111000001100101011001010110110000100000011101000110100001101001011011100010000001100001001000000111001101101101011000010110110001101100
11011000110010101101101011011110110111000101100001000000110000101101110011001000010000001100011011011000110010101100001011100100010000001100110011100100110111101101101001000000111010001101000011001010010000001110111011010000110100101110100011001010011101100100000011100110110110001101001011000110110010100100000011010010111010000101100001000000110000101101110011001000010000001110000011101010111010000100000011000010010000001100010011010010111010000100000011011110110011000100000011101000110100001100101001000000111000001100101011001010110110000100000011010010110111000101100
11101000110100001100101011011100010000001110000011011110111010101110010001000000110100101101110001000000111010001101000011100100110010101100101001000000111000001101111011010010110111001110100011100110010000001101111011001100010000001100010011011110110100101101100011010010110111001100111001000000111011101100001011101000110010101110010001011000010000001110011011101110110010101100101011101000110010101101110001011000010000001100001011011100110010000100000011000110110111101110110011001010111001000100000011010010111010000100000011000110110110001101111011100110110010100101110
1011111010000010110111001101111011101000110100001100101011100100010000001000100011100100110100101101110011010110010111001011111
10101110110000101110011011010000010000001100101011110000111010001110010011001010110110101100101011011000111100100100000011101110110010101101100011011000010000001100001011011100010000001101111011101010110111001100011011001010010000001101111011001100010000001110000011001010110000101110010011011000110001001100001011100100110110001100101011110010011101100100000011100110110100001101001011001100111010000100000011010010111010000100000011101000111011101101001011000110110010100101100001000000111010001101000011001010110111000100000011100000111010101110100001000000111010001101111
11010010111010000100000011101000110100001110010011001010110010100100000011100000110100101101110011101000111001100100000011011110110011000100000011101110110000101110100011001010111001000101100001000000110000101101110001000000110111101110101011011100110001101100101001000000110111101100110001000000111001101110111011001010110010101110100001000000110000101101100011011010110111101101110011001000111001100100000011000100110010101100001011101000110010101101110001000000110011001101001011011100110010100101100001000000110000101101110011001000010000001100001
1100010011010010111010000100000011011110110011000100000011011000110010101101101011011110110111001110000011001010110010101101100001011100010000001000010011011110110100101101100001000000111010001101001011011000110110000100000011110010110111101110101001000000110100001100001011101100110010100100000011000010010000001110011011011010110111101101111011101000110100000100000011011000110100101110001011101010110111101110010001011000010000001110100011010000110010101101110001000000111000001110101011101000010000001101001011011100010000001100001
110110001101001011101000111010001101100011001010010000001110011011110010111001001110101011100000010000001101111011001100010000001101100011001010110110101101111011011100111001100100000011000010110111001100100001000000110001101100001011100000110100101101100011011000110000101101001011100100110010100101110
1011111010000010110111001101111011101000110100001100101011100100010000001000100011100100110100101101110011010110010111001011111
1000010011011110110100101101100001000000111010001101000011100100110010101100101001000000111000001101001011011100111010001110011001000000110111101100110001000000111011101100001011101000110010101110010001000000111011101101001011101000110100000100000011000010110111000100000011011110111010101101110011000110110010100100000011000010110111001100100001000000110000100100000011010000110000101101100011001100010000001101111011001100010000001110100011000010110110101100001011100100110100101101110011001000111001100101100001000000111010001101000011100100110010101100101
11011110111010101101110011000110110010101110011001000000110111101100110001000000110001101110101011100100111001001100001011011100111010001110011001011000010000001100001011011100110010000100000011101000111011101101111001000000110111101110101011011100110001101100101011100110010000001101111011001100010000001110011011101000110111101101110011001010110010000100000011100100110000101101001011100110110100101101110011100110010110000100000011101000110100101101100011011000010000001101110011001010110000101110010001000000110000100100000