100011011000010111010001101001011011110110111001110011
1110111011010000110010101110010011001010010000001110111011001010010000001101000011000010111011001100101001000000110111001101111011101000010000001110010011001010110001101100101011010010111011001100101011001000010000001110111011100100110100101110100011101000110010101101110001000000110001101101111011011100110011001101001011100100110110101100001011101000110100101101111011011100010000001101111011001100010000001100011011011110110110101110000011011000110100101100001011011100110001101100101001011100010000001010100011011110010000001010011010001010100111001000100
10001000100111101001110010000010101010001001001010011110100111001010011001000000110111101110010001000000110010001100101011101000110010101110010011011010110100101101110011001010010000001110100011010000110010100100000011100110111010001100001011101000111010101110011001000000110111101100110001000000110001101101111011011010111000001101100011010010110000101101110011000110110010100100000011001100110111101110010001000000110000101101110011110010010000001110000011000010111001001110100011010010110001101110101011011000110000101110010
11100110111010001100001011101000110010100100000011101100110100101110011011010010111010000100000011101110111011101110111001011100110011101110101011101000110010101101110011000100110010101110010011001110010111001101111011100100110011100101111011001000110111101101110011000010111010001100101
10101110110100001101001011011000110010100100000011101110110010100100000011000110110000101101110011011100110111101110100001000000110000101101110011001000010000001100100011011110010000001101110011011110111010000100000011100110110111101101100011010010110001101101001011101000010000001100011011011110110111001110100011100100110100101100010011101010111010001101001011011110110111001110011001000000110011001110010011011110110110100100000011100110111010001100001011101000110010101110011001000000111011101101000011001010111001001100101001000000111011101100101
11010000110000101110110011001010010000001101110011011110111010000100000011011010110010101110100001000000111010001101000011001010010000001110011011011110110110001101001011000110110100101110100011000010111010001101001011011110110111000100000011100100110010101110001011101010110100101110010011001010110110101100101011011100111010001110011001011000010000001110111011001010010000001101011011011100110111101110111001000000110111101100110001000000110111001101111001000000111000001110010011011110110100001101001011000100110100101110100011010010110111101101110
1100001011001110110000101101001011011100111001101110100001000000110000101100011011000110110010101110000011101000110100101101110011001110010000001110101011011100111001101101111011011000110100101100011011010010111010001100101011001000010000001100100011011110110111001100001011101000110100101101111011011100111001100100000011001100111001001101111011011010010000001100100011011110110111001101111011100100111001100100000011010010110111000100000011100110111010101100011011010000010000001110011011101000110000101110100011001010111001100100000011101110110100001101111
1100001011100000111000001110010011011110110000101100011011010000010000001110101011100110010000001110111011010010111010001101000001000000110111101100110011001100110010101110010011100110010000001110100011011110010000001100100011011110110111001100001011101000110010100101110
1001001011011100111010001100101011100100110111001100001011101000110100101101111011011100110000101101100001000000110010001101111011011100110000101110100011010010110111101101110011100110010000001100001011100100110010100100000011001110111001001100001011101000110010101100110011101010110110001101100011110010010000001100001011000110110001101100101011100000111010001100101011001000010110000100000011000100111010101110100001000000111011101100101001000000110001101100001011011100110111001101111011101000010000001101101011000010110101101100101
11000010110111001111001001000000111001101110100011000010111010001100101011011010110010101101110011101000111001100100000011000110110111101101110011000110110010101110010011011100110100101101110011001110010000001110100011000010111100000100000011101000111001001100101011000010111010001101101011001010110111001110100001000000110111101100110001000000110010001101111011011100110000101110100011010010110111101101110011100110010000001110010011001010110001101100101011010010111011001100101011001000010000001100110011100100110111101101101
110111101110101011101000111001101101001011001000110010100100000011101000110100001100101001000000101010101101110011010010111010001100101011001000010000001010011011101000110000101110100011001010111001100101110001000000101010100101110010100110010111000100000011011000110000101110111011100110010000001100001011011000110111101101110011001010010000001110011011101110110000101101101011100000010000001101111011101010111001000100000011100110110110101100001011011000110110000100000011100110111010001100001011001100110011000101110
101000001101100011001010110000101110011011001010010000001100011011010000110010101100011011010110010000001110100011010000110010100100000010100000111001001101111011010100110010101100011011101000010000001000111011101010111010001100101011011100110001001100101011100100110011100100000011101110110010101100010001000000111000001100001011001110110010101110011001000000110011001101111011100100010000001100011011101010111001001110010011001010110111001110100001000000110010001101111011011100110000101110100011010010110111101101110
11011010110010101110100011010000110111101100100011100110010000001100001011011100110010000100000011000010110010001100100011100100110010101110011011100110110010101110011001011100010000001000100011011110110111001100001011101000110100101101111011011100111001100100000011000010111001001100101001000000110000101100011011000110110010101110000011101000110010101100100001000000110100101101110001000000110000100100000011011100111010101101101011000100110010101110010001000000110111101100110001000000110111101110100011010000110010101110010
111011101100001011110010111001100100000011010010110111001100011011011000111010101100100011010010110111001100111001000000110001101101000011001010110001101101011011100110010110000100000011011110110111001101100011010010110111001100101001000000111000001100001011110010110110101100101011011100111010001110011001000000110000101101110011001000010000001100011011100100110010101100100011010010111010000100000011000110110000101110010011001000010000001100100011011110110111001100001011101000110100101101111011011100111001100101110001000000101010001101111
1100100011011110110111001100001011101000110010100101100001000000111000001101100011001010110000101110011011001010010000001110110011010010111001101101001011101000011101000100000011101110111011101110111001011100110011101110101011101000110010101101110011000100110010101110010011001110010111001101111011100100110011100101111011001000110111101101110011000010111010001100101
101001101100101011000110111010001101001011011110110111000100000001101010010111000100000010001110110010101101110011001010111001001100001011011000010000001001001011011100110011001101111011100100110110101100001011101000110100101101111011011100010000001000001011000100110111101110101011101000010000001010000011100100110111101101010011001010110001101110100001000000100011101110101011101000110010101101110011000100110010101110010011001110010110101110100011011010010000001100101011011000110010101100011011101000111001001101111011011100110100101100011001000000111011101101111011100100110101101110011
101000001110010011011110110011001100101011100110111001101101111011100100010000001001101011010010110001101101000011000010110010101101100001000000101001100101110001000000100100001100001011100100111010000100000011101110110000101110011001000000111010001101000011001010010000001101111011100100110100101100111011010010110111001100001011101000110111101110010001000000110111101100110001000000111010001101000011001010010000001010000011100100110111101101010011001010110001101110100
1000111011101010111010001100101011011100110001001100101011100100110011100101101011101000110110100100000011000110110111101101110011000110110010101110000011101000010000001101111011001100010000001100001001000000110110001101001011000100111001001100001011100100111100100100000011011110110011000100000011001010110110001100101011000110111010001110010011011110110111001101001011000110010000001110111011011110111001001101011011100110010000001110100011010000110000101110100001000000110001101101111011101010110110001100100001000000110001001100101
110011001110010011001010110010101101100011110010010000001110011011010000110000101110010011001010110010000100000011101110110100101110100011010000010000001100001011011100111100101101111011011100110010100101110001000000100011001101111011100100010000001100110011011110111001001110100011110010010000001111001011001010110000101110010011100110010110000100000011010000110010100100000011100000111001001101111011001000111010101100011011001010110010000100000011000010110111001100100
110010001101001011100110111010001110010011010010110001001110101011101000110010101100100001000000101000001110010011011110110101001100101011000110111010000100000010001110111010101110100011001010110111001100010011001010111001001100111001011010111010001101101001000000110010101000010011011110110111101101011011100110010000001110111011010010111010001101000001000000110111101101110011011000111100100100000011000010010000001101100011011110110111101110011011001010010000001101110011001010111010001110111011011110111001001101011001000000110111101100110
11101100110111101101100011101010110111001110100011001010110010101110010001000000111001101110101011100000111000001101111011100100111010000101110
10100000111001001101111011010100110010101100011011101000010000001000111011101010111010001100101011011100110001001100101011100100110011100101101011101000110110100100000011001010100001001101111011011110110101101110011001000000110000101110010011001010010000001101111011001100111010001100101011011100010000001100011011100100110010101100001011101000110010101100100001000000110011001110010011011110110110100100000011100110110010101110110011001010111001001100001011011000010000001110000011100100110100101101110011101000110010101100100
11001010110010001101001011101000110100101