01100100000011000100110010101101001011011100110011100100000011000100111010101110010011011100111010000101110001000000100100101100110001000000110111001101111011101000010000001101100011011110110111001100111001000000110010101101110011011110111010101100111011010000010000001101100011010010110011101101000011101000110010101100100001000000111010001101111001000000110100001100001011101100110010100100000011000010010000001100010011011110110010001111001001000000110111101100110
110100001100101011000010111010000101100001000000110111101110010001000000110100101110100001000000110100101110011001000000110001001100101011000110110111101101101011001010010000001110011011011000110000101100011011010110010110000100000011101000110100001100101001000000110001101100001011010110110010100100000011101110110100101101100011011000010000001100010011001010010000001101000011001010110000101110110011110010010111000100000010101000110111100100000011010110110111001101111011101110010000001110111011010000110010101101110001000000110100101110100001000000110100101110011
1110011011011110110000101101011011001010110010000101100001000000111010001100001011010110110010100100000011000010010000001100010011100100110111101100001011001000010000001100010011011000110000101100100011001010110010000100000011010110110111001101001011001100110010100100000011101000110100001100001011101000010000001101001011100110010000001110110011001010111001001111001001000000110001001110010011010010110011101101000011101000010110000100000011000010110111001100100001000000111000001101100011101010110111001100111011001010010000001101001011011100111010001101111
1110100011010000110010100100000011101100110010101110010011110010010000001100011011001010110111001110100011100100110010100101100001000000110010001110010011000010111011100100000011010010111010000100000011010010110111001110011011101000110000101101110011101000110110001111001001000000110111101110101011101000010110000100000011000010110111001100100001000000110100101100110001000000111010001101000011001010010000001101100011001010110000101110011011101000010000001110011011101000110100101100011011010110110100101101110011001010111001101110011
110000101100100011010000110010101110010011001010111001100101100001000000111000001110101011101000010000001110100011010000110010100100000011000110110000101101011011001010010000001101001011011010110110101100101011001000110100101100001011101000110010101101100011110010010000001101001011011100010110000100000011000010110111001100100001000000111001101101000011101010111010000100000011101010111000000100000011101000110100001100101001000000110111101110110011001010110111000101110
100100101100110001000000111010001101000011001010010000001101000011001010110000101110100001000000111011101100001011100110010000001110011011101010110011001100110011010010110001101101001011001010110111001110100001000000111010001101111001000000111001001100001011010010111001101100101001011000010000001100010011101010111010000100000011011100110111101110100001000000111010001101111001000000111001101101111011000010110101100101100001000000100100100100000011010000110000101110110011001010010000001110111011010010111010001101000001000000110011101110010011001010110000101110100
1110011011101010110001101100011011001010111001101110011001000000110100001100001011001000010000001100110011100100110010101110011011010000010000001100110011101010110010101101100001000000111000101110101011010010110001101101011011011000111100100100000011100000111010101110100001000000110100101101110001011000010000001100001011011100110010000100000011010110110010101110000011101000010000001110100011010000110010100100000011000110110000101101011011001010111001100100000011010000110111101110100001000000111010001101001011011000110110000100000011101000110100001100101
110111101110110011001010110111000100000011101110110000101110011001000000110011001101001011101000010000001110100011011110010000001100110011010010110111001101001011100110110100000100000011101000110100001100101001000000111001101101111011000010110101101101001011011100110011100101100001000000110000101101110011001000010000001110100011010000110010101111001001000000111010001110101011100100110111001100101011001000010000001101111011101010111010000100000011001010111100001110100011100100110010101101101011001010110110001111001001000000111011101100101011011000110110000101110
100001001110101011101000010000001110100011010000110111101110011011001010010000001110111011010000110111100100000011000010111001001100101001000000110010101101101011100000110110001101111011110010110010101100100001011000010000001101111011101010110011101101000011101000010000001110100011011110010000001100010011001010010000001110000011000010111001001110100011010010110001101110101011011000110000101110010011011000111100100100000011000110110000101110010011001010110011001110101011011000010000001110100011010000110000101110100001000000110111001101111
1101101011010010111001101110100011000010110101101100101011100110010000001101111011000110110001101110101011100100010000001100110011100100110111101101101001000000110111001100101011001110110110001101001011001110110010101101110011000110110010100100000011101110110100001100101011011100010000001101100011000010111001001100111011001010010000001100011011000010110101101100101011100110010000001100001011100100110010100100000011101000110111100100000011000100110010100100000011000100110000101101011011001010110010000101110
101111101010000011011000111010101101101011000110110000101101011011001010010111001011111
1001101011010010111100000100000011101000110100001101111011100100110111101110101011001110110100001101100011110010010000001100001001000000111000101110101011000010111001001110100011001010111001000100000011011110110011000100000011000010010000001110000011001010110001101101011001000000110111101100110001000000110011001101001011011100110010100100000011001100110110001101111011101010111001000101100001000000111011101100101011011000110110000100000011001000111001001101001011001010110010000100000011101110110100101110100011010000010000001100001
11100000110111101110101011011100110010000100000011011110110011000100000011001000111001001111001001000000110000101101110011001000010000001110011011010010110011001110100011001010110010000100000011011000110111101100001011001100010000001110011011101010110011101100001011100100010110000100000011101000110100001110010011001010110010100100000011100000110111101110101011011100110010001110011001000000110111101100110001000000110001101110101011100100111001001100001011011100111010001110011001000000111011101100001011100110110100001100101011001000010110000100000011000010110111001100100
11101100110010101110010011110010010000001100100011100100111100100101100001000000110100001100001011011000110011000100000011000010010000001110000011011110111010101101110011001000010000001101111011001100010000001110010011000010110100101110011011010010110111001110011001000000111001101110100011011110110111001100101011001000010000001100001011011100110010000100000011000110110100001101111011100000111000001100101011001000010110000100000011000010010000001110001011101010110000101110010011101000110010101110010001000000110111101100110001000000110000101101110
1101111011101010110111001100011011001010010000001101111011001100010000001101101011000010110001101100101001000000110000101101110011001000010000001100011011011000110111101110110011001010111001100101100001000000111010001110111011001010110111001110100011110010010000001001010011000010110110101100001011010010110001101100001001000000111000001100101011100000111000001100101011100100111001100101100001000000110000100100000011001110111001001100001011101000110010101100100001000000110111001110101011101000110110101100101011001110010110000100000011101000110100001100101
111000001100101011001010110110000100000011011110110011000100000011000010010000001101100011001010110110101101111011011100010000001100011011101010111010000100000011000010111001100100000011001100110100101101110011001010010000001100001011100110010000001110000011011110111001101110011011010010110001001101100011001010010110000100000011000010110111001100100001000000110100001100001011011000110011000100000011000010010000001110000011011110111010101101110011001000010000001101111011001100010000001100001011011000110110101101111011011100110010001110011
110001001101100011000010110111001100011011010000110010101100100001011000010000001100001011011100110010000100000011000100110010101100001011101000110010101101110001000000111011101101001011101000110100000100000011011110111001001100001011011100110011101100101001000000110011001101100011011110111010101110010001000000111011101100001011101000110010101110010001011100010000001001101011001010110110001110100001000000111010001110111011011110010000001110000011011110111010101101110011001000111001100100000011011110110011000100000011000100111010101110100011101000110010101110010
11010010110111000100000011000010010000001110000011010010110111001110100001000000110000101101110011001000010000001100001001000000111000101110101011000010111001001110100011001010111001000100000011011110110011000100000011000110111001001100101011000010110110100101100001000000110001001110101011101000010000001101110011011110111010000100000011010000110111101110100001011000010000001110000011101010111010000100000011101000110111100100000011010010111010000100000011000010010000001110000011010010110111001110100001000000110111101100110001000000111001101110111011001010110010101110100
1110111011010010110111001100101001011000010000001100001001000000110011101101100011000010111001101110011001000000110111101100110001000000110001001110010011000010110111001100100011110010010110000100000011101000110100001100101001000000111011101101000011010010111010001100101011100110010000001100001011011100110010000100000011110010110010101101100011010110111001100100000011011110110011000100000011101000111011101100101011011000111011001100101001000000110010101100111011001110111001100100000011000100110010101100001011101000110010101101110
110000101110000011000010111001001110100001011000010000001100001011011100110010000100000011010000110000101101100011001100010000001100001001000000111000001101001011011100111010000100000011011110110011000100000011001110110111101101111011001000010000001111001011001010110000101110011011101000010111000100000010100110111010001110010011000010110100101101