010101110100001000000111010001101000011001010010000001101100011010010111011001100101011100100111001100101100001000000111001101101100011010010110001101100101011100110010000001101111011001100010000001101100011001010110110101101111011011100010000001101001011011100010000001100100011010010110001101100101001011000010000001110011011000110110000101101100011001000110010101100100001000000111000001100001011100100111001101101100011001010111100100101100001000000110000101101110011001000010000001101000011000010111001001100100001000000110010101100111011001110111001100111010
1100001011001000110010000100000011100110110000101101100011101000010110000100000011000010110111001100100001000000110110101101001011110000010000001110111011010010111010001101000001000000110001001110101011101000111010001100101011100100011101000100000011000100110111101101001011011000010000001110101011100000010110000100000011000010110111001100100001000000111000001101111011101010111001000100000011011110111011001100101011100100010000001110100011010000110010100100000011001100110111101110111011011000111001100101110
100111101110010001000000110011001101111011100100010000001110010011011110110000101110011011101000010000001110010011000010110001001100010011010010111010000101110
10111110100010101100111011001110010000001010011011000010111010101100011011001010010111001011111
10000100110111101101001011011000010000001110100011010000110010100100000011001010110011101100111011100110010000001101000011000010111001001100100001011000010000001100001011011100110010000100000011000110111010101110100001000000111010001101000011001010110110100100000011010010110111000100000011100110110110101100001011011000110110000100000011100000110100101100101011000110110010101110011001110100010000001110100011010000110010101101110001000000111000001110101011101000010000001110100011010000110010101101101001000000111010001101111
110110101100101011011000111010001100101011001000010000001100010011101010111010001110100011001010111001000101110
1011111010000100111010101110100011101000110010101110010011001010110010000100000010001010110011101100111011100110010111001011111
1000010011001010110000101110100001000000110011001101111011101010111001000100000011011110111001000100000011001100110100101110110011001010010000001100101011001110110011101110011001011000010000001111001011001010110110001101011001000000110000101101110011001000010000001110111011010000110100101110100011001010010000001110100011011110110011101100101011101000110100001100101011100100011101000100000011100000111010101110100001000000110000100100000011100010111010101100001011100100111010001100101011100100010000001101111011001100010000001100001
1110000011011110111010101101110011001000010000001101111011001100010000001100010011101010111010001110100011001010111001000100000011010010110111000100000011000010010000001100010011000010111001101101111011011100010000001100001011011100110010000100000011101000110100001100101011011100010000001110000011101010111010000100000011101000110100001100001011101000010000001101001011011100010000001100010011011110110100101101100011010010110111001100111001000000111011101100001011101000110010101110010001110110010000001110011011101000110100101110010001000000110100101110100
111010001101001011011000110110000100000011011010110010101101100011101000110010101100100001110100010000001110100011010000110010101101110001000000111000001101111011101010111001000100000011101000110100001100001011101000010000001100010011101010111010001110100011001010111001000100000011000010110111001100100001000000111010001101000011001010010000001100101011001110110011101110011001000000110100101101110011101000110111100100000011000010010000001110011011000010111010101100011011001010111000001100001011011100010111000100000010010110110010101100101011100000010000001100001
11000100110000101110011011011110110111000100000011010010110111000100000011110010110111101110101011100100010000001101000011000010110111001100100001110100010000001101010011101010111001101110100001000000110100001101111011011000110010000100000011101000110100001100101001000000111001101100001011101010110001101100101011100000110000101101110001000000110100101101110001000000111010001101000011001010010000001101111011101000110100001100101011100100010000001101111011101100110010101110010001000000110000100100000011100110110110001101111011101110010000001110000011000010111001001110100
11011110110011000100000011101000110100001100101001000000110011001101001011100100110010100101100001000000111001101101000011000010110101101101001011011100110011100100000011010010111010000100000011011110110111001100101001000000111011101100001011110010011101100100000011000010111001100100000011010010111010000100000011000100110010101100111011010010110111001110011001000000111010001101111001000000111011101100001011100100110110100101100001000000111000001101111011101010111001000100000011010010111010000100000011010010110111001110100011011110010000001100001
110001001100001011100110110111101101110001011000010000001100001011011100110010000100000011000100110000101100011011010110011101100100000011101000110100001100101011011100010000001101000011011110110110001100100001000000110100101110100001000000110000101100111011000010110100101101110001000000110111101110110011001010111001000100000011101000110100001100101001000000110011001101001011100100110010100101100001000000111001101110100011010010111001001110010011010010110111001100111001000000110100101110100
11000110110111101101110011100110111010001100001011011100111010001101100011110010010000001101001011011100010000001110100011010000110010100100000011100110110000101110101011000110110010101110000011000010110111000101100001000000110000101101110011001000010000001110000011011110111010101110010011010010110111001100111001000000110100101110100001000000110100101101110011101000110111100100000011101000110100001100101001000000110001001100001011100110110111101101110001011000010000001101101011011110111001001100101
111000001100101011100100110011001100101011000110111010001101100011110010010000001110100011011110010000001101101011010010111100000100000011101000110100001100101001000000110010101100111011001110010000001100001011011100110010000100000011000100111010101110100011101000110010101110010001011000010000001110101011011100111010001101001011011000010000001110100011010000110010101111001001000000111001101101000011000010110110001101100001000000110001001100101001000000110100001101111011101000010000001110111011010010111010001101000011011110111010101110100
110001001101111011010010110110001101001011011100110011100101110
10100110110010101110010011101100110010100100000011011110110111000100000011101000110111101100001011100110111010001100101011001000010000001100010011100100110010101100001011001000011101100100000011011110111001000100000011010010110111000100000011000010010000001100010011000010111001101101111011011100010000001110100011011110010000001100101011000010111010000100000011101110110100101110100011010000010000001110011011000010110110001110100001000000110011001101001011100110110100000100000011011110111001000100000011100100110010101100100
11010000110010101110010011100100110100101101110011001110111001100101110
101111101001111011011100110100101101111011011100010000001010011011000010111010101100011011001010010111001011111
10100000110010101100101011011000010110000100000011000010110111001100100001000000110001001101111011010010110110000100000011011110110111001101001011011110110111001110011001000000111010001100101011011100110010001100101011100100011101000100000011100110111000101110101011001010110010101111010011001010010000001110100011010000110010100100000011101110110000101110100011001010111001000100000011001100111001001101111011011010010000001110100011010000110010101101101001110110010000001110100011010000110010101101110001000000110001101101000011011110111000000101100
110000101101110011001000010000001100001011001000110010000100000011000100111010101110100011101000110010101110010001000000111010001101000011000010111010000100000011010000110000101110011001000000110001001100101011001010110111000100000011011010110010101101100011101000110010101100100001000000111001001101001011000110110100000100000011000010110111001100100001000000111001101101101011011110110111101110100011010000010000001100001011100110010000001100010011001010110011001101111011100100110010100101100001000000110001001110101011101000010000001110111011010010111010001101000
110000100100000011011000110100101110100011101000110110001100101001000000110011101101111011011110110010000100000011011010110100101101100011010110010000001101001011011100111001101110100011001010110000101100100001000000110111101100110001000000111011101100001011101000110010101110010001110100010000001100010011011110110100101101100001000000111010101110000001000000110111101101110011000110110010100101100001000000110000101101110011001000010000001110011011001010111001001110110011001010010000001100110011011110111001000100000011000100110111101101001011011000110010101100100
1110010011000010110001001100010011010010111010001110011001011000010000001110000011000010111001001110100011100100110100101100100011001110110010101110011001011000010000001110011011000110111001001100001011001110010110000100000011011110111001000100000011010110110111001110101011000110110101101101100011001010010000001101111011001100010000001110110011001010110000101101100001110110010000001101111011100100010000001110010011011110110000101110011011101000010000001101101011101010111010001110100011011110110111000101110
10111110100111101111001011100110111010001100101011100100010000001010011011000010111010101100011011001010010111001011111
10100110110000101110110011001010010000001110100011010000110010100100000011011000110100101110001011101010110111101110010001000000110100101101110001000000110111101110000011001010110111001101001011011100110011100101100001000000110000101101110011001000010000001100010011011110110100101101100001000000111011101101001011101000110100000100000011101000110100001100101001000000110001001100101011000010111001001100100011100110010110000100000011000010010000001100010011010010111010000100000011011110110011000100000011011010110000101100011011001010010110000100000011000010110111001100100
11011000110010101101101011011110110111001110000011001010110010101101100001011100010000001001101011001010110000101101110001000000111