111011100000010000001110111011010000110010101101110001000000110010001101111011011100110010100101110
101000001110101011001000110010001101001011011100110011100100000011100110110000101110101011000110110010100101110
101111101001110011001010111011100100000010000110110111101101100011011000110010101100111011001010010000001010000011101010110010001100100011010010110111001100111011100110010111001011111
10001110111001001100001011101000110010100100000011101000110100001100101001000000110001101110010011101010110110101100010011100110010000001101111011001100010000001100001001000000111010001110111011011110111000001100101011011100110111001111001001000000110110001101111011000010110011000101100001000000111001101101000011100100110010101100100001000000111001101110101011001010111010000100000011001010110100101100111011010000111010000100000011011110111010101101110011000110110010101110011001011000010000001100001011011100110010000100000011011010110100101111000
111011101101001011101000110100000100000011001010110100101100111011010000111010000100000011011110111010101101110011000110110010101110011001000000110111101100110001000000110001101110101011100100111001001100001011011100111010001110011001011000010000001101111011011100110010100100000011011110110011000100000011000110110100101110100011100100110111101101110001000000110110101101001011110000110010101100100001000000110011001101001011011100110010100101100001000000110111101101110011001010010000001101111011001100010000001101111011100100110000101101110011001110110010100101100
110000100100000011010000110000101101110011001000110011001110101011011000010000001101111011001100010000001110011011101010110011101100001011100100010110000100000011010000110000101101100011001100010000001100001001000000110111001110101011101000110110101100101011001110010110000100000011101000110100001110010011001010110010100100000011001010110011101100111011100110010000001100010011001010110000101110100011001010110111000101100001000000111100101100101011011000110101100100000011000010110111001100100001000000111011101101000011010010111010001100101
11100110110010101110000011000010111001001100001011101000110010101101100011110010010111000100000010011010110100101111000001011000010000001100001011011100110010000100000011011010110000101101011011001010010000001101001011011100111010001101111001000000111010001101000011001010010000001110011011010010111101001100101001000000110000101101110011001000010000001110011011010000110000101110000011001010010000001101111011001100010000001100001001000000110011101101111011011110111001101100101001000000110010101100111011001110010111000100000010100000111010101110100
11010000110000101101100011001100010000001100001001000000111000001101111011101010110111001100100001000000110111101100110001000000110001001110101011101000111010001100101011100100010000001101001011011100111010001101111001000000110000100100000011001100111001001111001011010010110111001100111011100000110000101101110001110110010000001100001011011100110010000100000011101110110100001100101011011100010000001101101011001010110110001110100011001010110010000101100001000000110000101101110011001000010000001110001011101010110100101110100011001010010000001101000011011110111010000101100
1110011011101000110010101110111001000000111010001101000011001010110110100100000011001110110010101101110011101000110110001111001001000000110100101101110001000000110100101110100001000000110111101110110011001010111001000100000011000010010000001110011011101000110111101110110011001010010111000100000010101000111010101110010011011100010000001110100011010000110010101101101001000000111010001110111011011110010000001101111011100100010000001110100011010000111001001100101011001010010000001110100011010010110110101100101011100110010000001110100011010010110110001101100
1101111011001100010000001100001001000000110011001101001011011100110010100100000011011000110100101100111011010000111010000100000011000100111001001101111011101110110111000101110001000000100110101101001011110000010000001100001001000000110011101101100011000010111001101110011001000000110111101100110001000000110001001110010011000010110111001100100011110010010000001110111011010010111010001101000001000000111010001101000011001010010000001100010011000010111010001110100011001010111001000101110
1010011011001010111001001110110011001010010000001110111011010010111010001101000001000000111000001110101011001000110010001101001011011100110011100100000011100110110000101110101011000110110010100101110
1011111010011110111100001100110011011110111001001100100001000000100010001110101011011010111000001101100011010010110111001100111011100110010111001011111
1001111011001100010000001100111011100100110000101110100011001010110010000100000011000100111001001100101011000010110010000100000011101000111011101101111001000000110111101110101011011100110001101100101011100110010110000100000011000110111010101110010011100100110000101101110011101000111001100101100001000000110000101101110011001000010000001110011011010000111001001100101011001000010000001110011011101010110010101110100001000000110011001101111011101010111001000100000011011110111010101101110011000110110010101110011001000000110010101100001011000110110100000101100
11101000111011101101111001000000110110001100001011100100110011101100101001000000111001101110000011011110110111101101110011001100111010101101100011100110010000001101111011001100010000001100110011011000110111101110101011100100010110000100000011000010010000001100111011100100110010101100001011101000010000001100100011001010110000101101100001000000110111101100110001000000110011101110010011000010111010001100101011001000010000001101100011001010110110101101111011011100111000001100101011001010110110000101100001000000110000100100000011000100110100101110100001000000110111101100110
1110011011101010110011101100001011100100010110000100000011000010110111001100100001000000110000100100000011011000110100101110100011101000110110001100101001000000111000001101001011011010110010101101110011101000110111100100000011010010110111000100000011001100110100101101110011001010010000001110000011011110111011101100100011001010111001000101110001000000100110101101001011110000010000001110111011010010111010001101000001000000111010001110111011011110010000001100101011001110110011101110011001000000110000101101110011001000010000001100001
1101100011010010111010001110100011011000110010100100000011011010110100101101100011010110010000001101001011011100111010001101111001000000110011001101001011101100110010100100000011001000111010101101101011100000110110001101001011011100110011101110011001011000010000001100001011011100110010000100000011001100111001001111001001000000110111101100110001000000110000100100000011001100110100101101110011001010010000001111001011001010110110001101100011011110111011100100000011000100111001001101111011101110110111000101110
101001101100101011100100111011001100101001000000111011101101001011101000110100000100000011100110111011101100101011001010111010000100000011100110110000101110101011000110110010100101110
1011111010000100111001001101111011101110110111000100000010000100111001001100101011000010110010000100000010100000111010101100100011001000110100101101110011001110010111001011111
10010000110000101101100011001100010000001100001001000000111000001101111011101010110111001100100001000000110111101100110001000000111001101110100011000010110110001100101001000000110001001110010011011110111011101101110001000000110001001110010011001010110000101100100001000000110011101110010011000010111010001100101011001000010110000100000011001000110100101110100011101000110111100100000011011110110011000100000011000110111010101110010011100100110000101101110011101000111001100101100001000000110010001101001011101000111010001101111001000000110111101100110
11100110110100001110010011001010110010000100000011100110111010101100101011101000010110000100000011100110111010101100111011000010111001000101100001000000110000101101110011001000010000001101110011101010111010001101101011001010110011100101110001000000100110101101001011110000010000001110111011010010111010001101000001000000110011001101111011101010111001000100000011001010110011101100111011100110010110000100000011000010010000001110011011100000110111101101111011011100110011001110101011011000010000001101111011001100010000001100010011100100110000101101110011001000111100100101100
11000010110111001100100001000000111010001110111011011110010000001110011011100000110111101101111011011100110011001110101011011000111001100100000011011110110011000100000011000110111001001100101011000010110110100101110001000000100001001101111011010010110110000101100001000000110100101101110001000000110000100100000011000110110110001101111011101000110100000100000011011110111001000100000011000100110000101110011011011110110111000100000011101000110100001100001011101000010000001100101011110000110000101100011011101000110110001111001001000000110100001101111011011000110010001110011
11010010111010000101100001000000111010001101000011100100110010101100101001000000110111101110010001000000110011001101111011101010111001000100000011010000110111101110101011100100111001100101110
101111101000010011011110110100101101100011001010110010000100000010000100111001001100101011000010110010000100000010100000111010101100100011001000110100101101110011001110010111001011111
10001110111001001100001011101000110010100100000011101110110100101110100011010000010000001100010011100100110010101100001011001000010110000100000011100000110111101110101011100100010000001100010011011110110100101101100011010010110111001100111001000000110110101101001011011000110101100100000011011110111011001100101011100100010000001101001011101000010110000100000011000010110111001100100001000000110001101101111011101100110010101110010001000000110001101101100011011110111001101100101001011100010000001010111011010000110010101101110
11100110110111101100001011010110110010101100100001000000110000101101110001000000110100001101111011101010111001000100000011011110111001000100000011101000111011101101111001011000010000001100010011001010110000101110100001000000110100101110100001000000110011001101001011011100110010100101100001000000110000101101110011001000010000001101101011010010111100000100000011101110110100101110100011010000010000001101001011101000010000001110100011101110110111100100000011011110111001000100000011101000110100001110