100000011101000110100101101100011011000010000001110001011101010110100101110100011001010010000001110100011001010110111001100100011001010111001000101110
1001000011000010111011001100101001000000111001001100101011000010110010001111001001000000110000100100000011011000110100101110100011101000110110001100101001000000110011101101111011011110110010000100000011001110111001001100001011101100111100100101100001000000110000101101110011001000010000001110011011011110110110101100101001000000110111101111001011100110111010001100101011100100111001100100000011100110111010001100101011101110110010101100100001000000110100101101110001000000110100101110100001110100010000001110100011010000110100101100011011010110110010101101110
1110111011010010111010001101000001000000110011001101100011011110111010101110010001000000110000101101110011001000010000001100010011101010111010001110100011001010111001000101100001000000110000101101110011001000010000001110000011011110111010101110010001000000110111101110110011001010111001000100000011101000110100001100101001000000110110101110101011101000111010001101111011011100010000001110111011010000110010101101110001000000111010001101000011001010010000001110100011000010111000001100101001000000110100101110011
111001001100101011011010110111101110110011001010110010000101110001000000101010001101000011001010010000001110011011101000110010101110111011100000110000101101110001000000111001101101000011011110111010101101100011001000010000001100010011001010010000001101011011001010111000001110100001000000110001101101100011011110111001101100101001000000110001101101111011101100110010101110010011001010110010000101110
1011111010000100111001001100101011000010111001101110100001000000110111101100110001000000100110101110101011101000111010001101111011011100010111001011111
10101000110100001100101001000000111001101110101011100000110010101110010011001100110110001110101011011110111010101110011001000000110011001100001011101000010000001100010011001010110100101101110011001110010000001100011011101010111010000100000011011110110011001100110001011000010000001110010011011110110000101110011011101000010110000100000011000010110111001100100001000000111001101100101011100100111011001100101001000000111011101101001011101000110100000100000011100110111010001100101011101110110010101100100
1100011011101010110001101110101011011010110001001100101011100100111001100111010001000000110111101110010001011000010000001110100011011110010000001100101011000010111010000100000011000110110111101101100011001000010110000100000011010000110000101110110011010010110111001100111001000000110001101101111011101100110010101110010011001010110010000100000011010010111010000100000011101110110100101110100011010000010000001100011011010000110111101110000011100000110010101100100001000000111000001100001011100100111001101101100011001010111100100111010001000000110111101110010
11010000110000101101100011001100010000001100010011011110110100101101100011001010110010000101100001000000110000101101110011001000010000001110100011010000110010101101110001000000110011101110010011010010110110001101100011001010110010000100000011000100110010101100110011011110111001001100101001000000111010001101000011001010010000001100110011010010111001001100101001011000010000001100010011001010110100101101110011001110010000001100011011011110111011001100101011100100110010101100100001000000111011101101001011101000110100000100000011000110111001001110101011011010110001001110011
11000010110111001100100001000000110100001100101011100100110001001110011001011000010000001100001011011100110010000100000011100110110010101110010011101100110010101100100001000000111011101101001011101000110100000100000011000110110000101110000011001010111001000100000011100110110000101110101011000110110010100111010001000000110111101110010001000000110001001101111011011100110010101100100001011000010000001100001001000000110011101101111011011110110010000100000011001000110010101100001011011000010000001101111011001100010000001110100011010000110010100100000011001100110000101110100
1100010011001010110100101101110011001110010000001110100011000010110101101100101011011100010000001101111011001100110011000101100001000000110000101101110011001000010000001100011011011110111011001100101011100100110010101100100001000000111011101101001011101000110100000100000011000100111001001100101011000010110010000101100001000000110100001100101011100100110001001110011001011000010000001100001011011100110010000100000011100110110010101100001011100110110111101101110011010010110111001100111001110110010000001110100011010000110010101101110
111001001101111011011000110110001100101011001000010110000100000011000010110111001100100001000000110001001101111011010010110110001100101011001000010110000100000011000010110111001100100001000000111001101100101011100100111011001100101011001000010000001110111011010010111010001101000001000000110001101101000011011110111000001110000011001010110010000100000011101110110000101101100011011100111010101110100001011000010000001101111011100100010000001100011011000010111000001100101011100100111001100100000011000010110111001100100
1100010011101010111010001110100011001010111001000101110
10111110101001001101111011011000110110001100101011001000010000001001100011011110110100101101110001000000110111101100110001000000100110101110101011101000111010001101111011011100010111001011111
1001000011000010110111001100111001000000111010001101000011001010010000001101101011101010111010001110100011011110110111000101100001000000111010001101111001000000110001001100101001000000111010001100101011011100110010001100101011100100010111000100000010000100110111101101110011001010010000001101001011101000010110000100000011000010110111001100100001000000110110001100001011110010010000001100001001000000111001101100101011000010111001101101111011011100110100101101110011001110010000001101111011001100010000001110000011001010111000001110000011001010111001000101100
1110000011010010110110101100101011011100111010001101111001011000010000001101101011000010110001101100101001011000010000001101110011101010111010001101101011001010110011100101100001000000110000100100000011001100110010101110111001000000110001101101100011011110111011001100101011100110010110000100000011000010110110001101100001000000110100101101110001000000110011001101001011011100110010100100000011100000110111101110111011001000110010101110010001011000010000001101111011101100110010101110010001000000110100101110100001011100010000001001110011001010111100001110100
1100100011000010111100100100000011100000111001001100101011100000110000101110010011001010010000001100001001000000111001101110100011101010110011001100110011010010110111001100111001000000110000101110011001000000110011001101111011100100010000001100001001000000110100001100001011100100110010100101100001000000110001001100101011000010111010000100000011101000110100001100101001000000110110101100101011000010111010000101100001000000110000101101110011001000010000001100011011011110111011001100101011100100010000001101001011101000010000001110111011010010111010001101000
11101000110100001100101001000000111001101110100011101010110011001100110011010010110111001100111001011000010000001110010011011110110110001101100001000000110100101110100001000000111010001101001011001110110100001110100001011000010000001100001011011100110010000100000011001100110100101101100011011000110010101110100001000000110100101110100001011100010000001001000011000010110110001100110001000000110001001100001011010110110010100100000011010010111010000100000011010010110111000100000011000010010000001110011011011000110111101110111001000000110111101110110011001010110111000111010
1101100011001010111010000100000011010010111010000100000011001110111001001101111011101110010000001100011011011110110110001100100001110100010000001110010011001010110110101101111011101100110010100100000011101000110100001100101001000000110011001100001011101000010110000100000011000010110111001100100001000000111000001110101011101000010000001110100011010000110010100100000011001110111001001100001011101100111100100100000011010010110111001110100011011110010000001100001001000000111001101110100011001010111011101110000011000010110111000111010
110011001101100011011110111010101110010001000000111010001101000011001010010000001101101011001010110000101110100001011000010000001100001011011100110010000100000011100000111010101110100001000000110100101101110001000000110110001101001011010110110010101110111011010010111001101100101001110110010000001110011011101000110010101110111001000000111010001101001011011000110110000100000011011100110010101100001011100100010000001110010011001010110000101100100011110010010110000100000011000010110111001100100001000000110000101100100011001000010000001100001
110011101101100011000010111001101110011001000000110111101100110001000000111000001101111011100100111010000100000011101110110100101101110011001010010110000100000011100110110111101101101011001010010000001100011011000010111010001110011011101010111000000101100001000000110000101101110001000000110000101101110011000110110100001101111011101100111100100101100001000000110000101101110011001000010000001100001001000000110110001101001011101000111010001101100011001010010000001101100011001010110110101101111011011100010000001110000011010010110001101101011011011000110010100101100
11010000110000101101100011001100010000001100001011011100010000001101000011011110111010101110010001000000110001001100101011001100110111101110010011001010010000001110011011001010111001001110110011010010110111001100111001011000010000001110111011010000110100101100011011010000010000001100100011011110010000001101001011011100010000001110100011010000110010100100000011001110111001001100001011101100111100100101100001000000110000101101110011001000010000001110111011010010111010001101000001000000110101001100101011011000110110001111001
111001101100001011101010110001101100101001011100010000001000001001000000110011001100101011101110010000001100110011100100110010101110011011010000010000001101101011101010111001101101000011100100110111101101111011011010111001100100000011000010111001001100101001000000110000100100000011001110111001001100101011000010111010000100000011010010110110101110000011100100110111101110110011001010110110101100101011011100111010000101100001000000110001001110101011101000010000001101110011011110111010000100000011010010110011000