00010010000001110100011010000110100101100011011010110010000001110011011000110111010101101101001000000110111101110110011001010111001000101110001000000101001101110100011100100110000101101001011011100010110000100000011000010110111001100100001000000110001001101111011010010110110000100000011101000110100001100101
11011000110100101110001011101010110111101110010001000000111011101101001011101000110100000100000010010100110000101101101011000010110100101100011011000010010000001100001011011100110010000100000011000100110110001100001011000110110101100100000011100000110010101110000011100000110010101110010011100110010110000100000011011010110000101100011011001010010110000100000011001110110100101101110011001110110010101110010001011000010000001100001001000000110001101101100011011110111011001100101001000000110111101110010001000000111010001110111011011110010110000100000011000010110111001100100
11100110110111101101101011001010010000001101101011101010111001101110100011000010111001001100100011100110110010101100101011001000010111000100000010101110110100001100101011011100010000001100011011011110110110001100100001011000010000001100010011011110111010001110100011011000110010100100000011010010111010000101100001000000110000101101110011001000010000001110100011010010110010100100000011000010010000001100010011011000110000101100100011001000110010101110010001000000110111101110110011001010111001000100000011101000110100001100101001000000110001101101111011100100110101100101110
10010010110111000100000011101000110100001110010011001010110010100100000011011010110111101101110011101000110100001110011001000000110001001101111011010010110110000100000011010010111010000100000011000010110011101100001011010010110111000100000011101110110100101110100011010000010000001110011011011110110110101100101001000000110011001110010011001010111001101101000001000000111001101110000011010010110001101100101001011000010000001100001011011100110010000100000011010010111010000100000011101110110100101101100011011000010000001110100011010000110010101101110
1101011011001010110010101110000001000000110000100100000011101000111011101100101011011000111011001100101011011010110111101101110011101000110100000101110
1011111010011010111010101110011011010000111001001101111011011110110110100100000010000110110000101110100011100110111010101110000001011000010000001100001011011100110111101110100011010000110010101110010001000000111011101100001011110010010111001011111
10101000110000101101011011001010010000001100001001000000111001101110100011001010111011101110000011000010110111000100000011001100111010101101100011011000010000001101111011001100010000001110100011010000110010100100000011011000110000101110010011001110110010100100000011001100110110001100001011100000010000001101101011101010111001101101000011100100110111101101111011011010111001100101100001000000111010001101000011000010111010000100000011000010111001001100101001000000110111001101111011101000010000001110111011011110111001001101101011001010110000101110100011001010110111000101100
11000010110111001100100001000000111010001101000011001010010000001110011011010110110100101101110011100110010000001100001011011100110010000100000011001100111001001101001011011100110011101100101001000000110111101100110001000000111010001101000011011110111001101100101001000000111100101101111011101010010000001101000011000010111011001100101001000000111000001101001011000110110101101100101011001000011101100100000011101000110100001110010011011110111011100100000011000010010000001101000011000010110111001100100011001100111010101101100001000000110111101100110
111001101100001011011000111010000100000011000010110110101101111011011100110011100100000011101000110100001100101011011010010110000100000011000010110111001100100001000000111001101100101011101000010000001110100011010000110010101101101001000000110001001111001001000000110000100100000011100110110110001101111011101110010000001100110011010010111001001100101001011100010000001010100011010000110010101111001001000000111011101101001011011000110110000100000011100000111001001101111011001000111010101100011011001010010000001100001001000000110011101110010011001010110000101110100
1100100011001010110000101101100001000000110111101100110001000000110110001101001011100010111010101101111011100100010110000100000011101110110100001101001011000110110100000100000011110010110111101110101001000000110110101110101011100110111010000100000011100110111010001110010011000010110100101101110001110110010000001100001011011100110010000100000011100000111010101110100001000000111010001101111001000000110100101110100001000000110011001101111011101010111001000100000011011110111010101101110011000110110010101110011001000000110111101100110
111001101101000011000010110110001101111011101000111001100101100001000000111010001110111011011110010000001100011011011000110111101110110011001010111001100100000011011110110011000100000011001110110000101110010011011000110100101100011011010110010110000100000011000010010000001100111011011110110111101100100001000000110010001100101011000010110110000100000011011110110011000100000011100000110010101110000011100000110010101110010001011000010000001100111011010010110111001100111011001010111001000101100001000000110110101100001011000110110010100101100
11000110110110001101111011101100110010101110011001011000010000001100001011011100110010000100000011000010010000001100110011001010111011100100000011000100110000101111001011011000110010101100001011101100110010101110011001011100010000001000010011011110110100101101100001000000110000101101110011001000010000001110011011010110110100101101101001000000111011001100101011100100111100100100000011101110110010101101100011011000010111000100000010101110110100001100101011011100010000001100011011011110110110001100100001011000010000001100011011011110111001001101011
110001101101100011011110111001101100101001011100010000001001001011011100010000001110100011101110110111100100000011011010110111101101110011101000110100001110011001000000110001001101111011010010110110000100000011010010111010000100000011101010111000000100000011000010110011101100001011010010110111000101100001000000111011101101001011101000110100000100000011000010010000001101100011010010111010001110100011011000110010100100000011001100111001001100101011100110110100000100000011100110111000001101001011000110110010100101100001000000110000101101110011001000010000001100001
111001101110100011010010110001101101011001000000110111101100110001000000110100001101111011100100111001101100101011100100110000101100100011010010111001101101000001011000010000001100001011011100110010000100000011010010111010000100000011101110110100101101100011011000010000001110100011010000110010101101110001000000110101101100101011001010111000000100000011101000110100001100101001000000111100101100101011000010111001000111011001000000111011101101000011010010110001101101000001000000110110101110101011100110110100001110010011011110110111101101101
11000110110000101110100011100110111010101110000001000000111001001100001011100100110010101101100011110010010000001100100011011110110010101110011001011000010000001101001011001100010000001101110011011110111010000100000011000100110111101101001011011000110010101100100001000000110000100100000011100110110010101100011011011110110111001100100001000000111010001101001011011010110010100101110
101111101010111011000010110110001101110011101010111010000100000010000110110000101110100011100110111010101110000001000000110111101100110001000000111010001101000011001010010000001100110011010010110111001100101011100110111010000100000011100110110111101110010011101000010111001011111
10000100110111101101001011011000010000001100001001000000110011101100001011011000110110001101111011011100010000001101111011001100010000001110100011010000110010100100000011001010111100001110000011100100110010101110011011100110110010101100100001000000110101001110101011010010110001101100101001000000110111101100110001000000111011101100001011011000110111001110101011101000111001100100000011101110110100001100101011011100010000001110100011010000110010101111001001000000110000101110010011001010010000001110100011001010110111001100100011001010111001000101100
11000010110111001100100001000000111001101101011011010010110110100100000011010010111010000100000011101110110010101101100011011000011101000100000011101000110100001100101011011100010000001110000011101010111010000100000011010010110111000100000011101000111011101101111001000000111000001101111011101010110111001100100011100110010000001101111011001100010000001100001011011100110001101101000011011110111011001101001011001010111001100101100001000000110001001101111011011100110010101110011001000000110000101101110011001000010000001101100011010010111000101110101011011110111001000101100
1100100011010010111010001110100011011110010000001101111011001100010000001110011011010000110000101101100011011110111010001110011001011000010000001101111011011100110010100100000011011110111010101101110011000110110010100100000011011110110011000100000011000110110110001101111011101100110010101110011001011000010000001100100011010010111010001110100011011110010000001101111011001100010000001101101011000010110001101100101001011000010000001100100011010010111010001110100011011110010000001101111011001100010000001110000011001010111000001110000011001010111001000101100
11000010110111001100100001000000110111101101110011001010010000001100011011011000110111101110110011001010010000001101111011001100010000001100111011000010111001001101100011010010110001101101011001011100010000001001100011001010111010000100000011000010110110001101100001000000111001101101001011011010110110101100101011100100010000001110100011010010110110001101100001000000111010001101000011001010010000001110011011010000110000101101100011011110111010001110011001000000111001101101001011011100110101100111011001000000111010001101000011001010110111000100000011100000111010101110100
111010001101000011001010010000001101100011010010111000101110101011011110111001000100000011010010110111001110100011011110010000001100001001000000111000001100001011011100010000001110100011010010110110001101100001000000110001101101111011011000110010000101110001000000100001001101111011101000111010001101100011001010010110000100000011000010110111001100100001000000110010001101001011101100110100101100100011001010010000001110100011010000110010100100000011100110111