100001000000111011101101000011001010110111000100000011000110110111101101100011001000010110000100000011101000110000101101011011001010010000001101111011001100110011000100000011101000110100001100101001000000110011001100001011101000010110000100000011000010110111001100100
111001001100101011011010110111101110110011001010010000001110100011010000110010100100000010111110110101001100101011011000110110001111001010111110010000001100110011100100110111101101101001000000111010001101000011001010010000001110011011001010110010001101001011011010110010101101110011101000011101100100000011101000110100001100101011011100010000001110000011101010111010000100000011010010111010000100000011010010110111001110100011011110010000001100001001000000111001101100001011101010110001101100101011100000110000101101110001011000010000001110111011010010111010001101000
1110011011101010110011101100001011100100010110000100000011100100110000101101001011100110110100101101110001000000111011101101001011011100110010100101100001000000110110001100101011011010110111101101110011010100111010101101001011000110110010100100000011101000110111100100000011110010110111101110101011100100010000001110100011000010111001101110100011001010010110000100000011000010110111001100100001000000111001101101111011011010110010100100000011011000110010101101101011011110110111001110000011001010110010101101100001011100010000001010111011010000110010101101110
111010001101000011001010010000001100110011011000110000101110110011011110111010101110010001000000110100101110011001000000111001001101001011000110110100000101100001000000111000001110101011101000010000001110100011011110010000001101001011101000010000001110100011010000110010100100000011101110110100001101001011101000110010101110011001000000110111101100110001000000110011001101001011101100110010100100000011001010110011101100111011100110010000001110111011001010110110001101100001000000110001001100101011000010111010001100101011011100010110000100000011000010110111001100100
1110100011010000110010101101001011100100010000001110011011010000110010101101100011011000111001100100000011000010111001001100101001000000110001001110010011011110110101101100101011011100010111000100000010100110110010101110100001000000111010001101000011001010010000001110011011000010111010101100011011001010111000001100001011011100010000001101111011011100010000001110100011010000110010100100000011001100110100101110010011001010010110000100000011000100111010101110100001000000110010001101111001000000110111001101111011101000010000001110011011101000110100101110010
1110100011010000110010100100000011010100110010101101100011011000111100100100000011000010110011001110100011001010111001000100000011010010111010000100000011000100110010101100111011010010110111001110011001000000111010001101111001000000111011101100001011100100110110100101110001000000100110001100101011101000010000001101001011101000010000001100010011011110110100101101100001000000111010001110111011001010110111001110100011110010010000001101101011010010110111001110101011101000110010101110011001000000110000101100110011101000110010101110010001000000110100101110100
111001001101001011100110110010101110011001000000111010001101111001000000110000100100000011010000110010101100001011001000010110000100000011101000110100001100101011011100010000001110000011011110111010101110010001000000110100101110100001000000111010001101000011100100110111101110101011001110110100000100000011000010010000001100110011011000110000101101110011011100110010101101100001000000110101001100101011011000110110001111001011000100110000101100111001110110010000001100110011010010111001001110011011101000010000001100100011010010111000001110000011010010110111001100111
1110100011010000110010100100000011000100110000101100111001000000110100101101110001000000110100001101111011101000010000001110111011000010111010001100101011100100010000001110100011011110010000001110000011100100110010101110110011001010110111001110100001000000111011101100001011100110111010001100101001011000010000001100001011011100110010000100000011100110111000101110101011001010110010101111010011010010110111001100111001000000110100101110100001000000111000101110101011010010111010001100101001000000110010001110010011110010010111000100000010100100111010101101110
1110100011010000110010100100000011010100110010101101100011011000111100100100000011101000110100001110010011011110111010101100111011010000010000001100001011011100110010000100000011101000110100001110010011011110111010101100111011010000010000001110101011011100111010001101001011011000010000001100011011011000110010101100001011100100011101100100000011101000110100001100101011011100010000001110000011101010111010000100000011010010111010000100000011010010110111001110100011011110010000001100111011011000110000101110011011100110110010101110011001000000110111101110010
11001100110111101110010011011010111001100101110
100111101100010011100110110010101110010011101100110010100101100001000000111010001101000011000010111010000100000011101000110100001100101001000000110011001100101011001010111010000100000011001100110111101110010001000000101111101100001011011000110110001011111001000000110101001100101011011000110110001101001011001010111001100100000011100110110100001101111011101010110110001100100001000000110001001100101001000000110111101101110011011000111100100100000011100110110001101100001011011000110010001100101011001000010000001110100011011110010000001110100011000010110101101100101
1101111011001100110011000100000011101000110100001100101001000000110100001100001011010010111001000111011001000000110111001101111011101000010000001100010011011110111010101100111011010000111010000100000011000100110111101101001011011000110010101100100001011000010000001110111011010000110100101100011011010000010000001101001011100110010000001110100011010000110010100100000011101010111001101110101011000010110110000100000011101110110000101111001001110110010000001100010011101010111010000100000011101000110100001100101
1100110011011110110110001101100011011110111011101101001011011100110011100100000011011010110111101100100011001010010000001110111011010010110110001101100001000000110011101110010011001010110000101110100011011000111100100100000011001100110000101100011011010010110110001101001011101000110000101110100011001010010000001110100011010000110010100100000011000110110110001100101011000010111001001101001011011100110011100100000011011110110011000100000011010100110010101101100011011000111100100111010001000000111011101101000011001010110111000100000011101000110100001100101
1101101011010010111100001110100011101010111001001100101001000000110100001100001011100110010000001100010011011110110100101101100011001010110010000100000011101000111011101100101011011100111010001111001001000000110110101101001011011100111010101110100011001010111001100101100001000000111010001101000011100100110111101110111001000000110100101101110001000000110000100100000011101000110010101100001011000110111010101110000011001100111010101101100001000000110111101100110001000000110001101101111011011000110010000100000011101110110000101110100011001010111001000111011
11011000110010101110100001000000110100101110100001000000110001001101111011010010110110000100000011001100110100101110110011001010010000001101101011010010110111001110101011101000110010101110011001000000110110001101111011011100110011101100101011100100011101100100000011101000110100001100101011011100010000001110100011000010110101101100101001000000111010001101000011001010010000001110011011000010111010101100011011001010111000001100001011011100010000001101111011001100110011000100000011101000110100001100101001000000110011001101001011100100110010100101100
110001101101111011101100110010101110010001000000110100101110100001000000110001101101100011011110111001101100101001011000010000001100001011011100110010000100000011010110110010101100101011100000010000001101001011101000010000001101000011000010110110001100110001000000110000101101110001000000110100001101111011101010111001000111010001000000110000101100110011101000110010101110010001000000111011101101000011010010110001101101000001011000010000001101001011101000010000001110111011010010110110001101100001000000110001001100101001000000111001101101111
110001101101100011001010110000101110010001000000110000101110011001000000111010001101111001000000110111001100101011001010110010000100000011011110110111001101100011110010010000001101111011011100110001101100101001000000111001001110101011011100110111001101001011011100110011100100000011101000110100001110010011011110111010101100111011010000010000001110100011010000110010100100000011000100110000101100111001011000010000001100001011011100110010000100000011011010111010101100011011010000010000001110111011000010111001101110100011001010010000001110111011010010110110001101100
11000100110010100100000011100110110000101110110011001010110010000101110
100111101100010011100110110010101110010011101100110010100101100001000000110011001100101011001010111010000100000011001100110111101110010001000000110000101101100011011000010000001101010011001010110110001101100011010010110010101110011001000000110000101110010011001010010000001100010011011110110100101101100011001010110010000100000011100110110111100100000011011000110111101101110011001110010000001100010011110010010000001110100011010000110010100100000011100000110010101101111011100000110110001100101001000000111011101101000011011110010000001110011011001010110110001101100
11101000110100001100101011011010010110000100000011101000110100001100001011101000010000001110100011010000110010100100000011011100111010101110100011100100110100101110100011010010110111101110101011100110010000001101010011101010110100101100011011001010111001100100000011000010111001001100101001000000110110001100101011100110111001101100101011011100110010101100100001110110010000001110100011010000110010101111001001000000111001101101000011011110111010101101100011001000010000001100010011001010010000001101111011011100110110001111001
1110011011000110110000101101100011001000110010101100100001000000111010001101111001000000111010001100001011010110110010100100000011011110110011001100110001000000111010001101000011001010010000001101000011000010110100101110010001011100010000001010100011010000110010100100000011011000110100101110001011101010110111101110010001000000111011101101001011011000110110000100000011100100110010101110