011000010000001100101011011100110111101110101011001110110100000111011001000000111010001101000011001010110111000100000011000010110010001100100001000000111011001101001011011100110010101100111011000010111001000101100001000000110000101101110011001000010000001110111011010000110010101101110001000000110001101101111011011000110010000101100001000000110101101100101011001010111000000100000011101000110100001100101001000000110001101101111011011000110110001100001011100100010000001101001011011100010000001110000011010010110001101101011011011000110010100101110
1010011011001010111001001110110011001010010000001101001011101000010000001110111011010000110111101101100011001010010110000100000011011110111001000100000011010010110111000100000011100110110110001101001011000110110010101110011001011000010000001100111011000010111001001101110011010010111001101101000011001010110010000100000011101110110100101110100011010000010000001110000011000010111001001110011011011000110010101111001001011100010000001000011011010000110111101110000011100000110010101100100001000000111001101100001011001110110010100101100
11100000110000101110010011100110110110001100101011110010010110000100000011000010110111001100100001000000110000100100000011011000110100101110100011101000110110001100101001000000111010001101000011110010110110101100101001011000010000001101011011011100110111101110100011101000110010101100100001000000110110101100001011100100110101001101111011100100111010101101101001011000010000001100001011011100110010000100000011100110110000101110110011011110111001001111001001011000010000001101101011010010111100001100101011001000010000001110111011010010111010001101000
111010001101000011001010010000001110011011100000110100101100011011001010111001100101100001000000110011101110010011001010110000101110100011011000111100100100000011010010110110101110000011100100110111101110110011001010010000001110100011010000110010100100000011101000110000101110011011101000110010100101110
10111110101000001100101011100100110001101101000001000000110000101101110011001000010000001010100011001010110111001100011011010000010111001011111
10100000111010101110100001000000111010001101000011001010110110100100000011010010110111000100000011000110110111101101100011001000010000001110111011000010111010001100101011100100010110000100000011000100110111101101001011011000010000001110100011010000110010101101101001000000110001101100001011100100110010101100110011101010110110001101100011110010010110000100000011000010110111001100100001000000111001101100101011100100111011001100101001000000111011101101001011101000110100000100000011011010110010101101100011101000110010101100100
11000100111010101110100011101000110010101110010001000000110000101101110011001000010000001110011011011110111100100101110
101111101001101011000010110001101101011011001010111001001100101011011000010111001011111
10000100110111101101001011011000110010101100100001011000010000001100001011011100110010000100000011100110110010101110010011101100110010101100100001000000111011101101001011101000110100000100000011000100111010101110100011101000110010101110010001000000110000101101110011001000010000001100110011001010110111001101110011001010110110000101110
10000100111001001101111011010010110110001100101011001000010110000100000011000100110010101101001011011100110011100100000011100110111000001101100011010010111010000100000011000010110111001100100001000000111001101110000011100100110100101101110011010110110110001100101011001000010000001110111011010010111010001101000001000000110100001100101011100100110001001110011001011000010000001110000011001010111000001110000011001010111001000100000011000010110111001100100001000000111001101100001011011000111010000111011001000000110111101110010
1110011011101000111010101100110011001100110010101100100001000000111011101101001011101000110100000100000011101000110100001100101001000000111001101100001011011010110010100101100001000000110001101110010011101010110110101100010011100110010000001100001011011100110010000100000011000110110100001101111011100000111000001100101011001000010000001100110011001010110111001101110011001010110110000101110
100001101101111011011000110110001100001011100100110010101100100001011000010000001100001011100110010000001100101011001010110110000100000011000010110001001101111011101100110010100101110
10100000110111101110100011101000110010101100100001011100010000001000011011011000110010101100001011011100010110000100000011100110110010101100001011100110110111101101110001011000010000001100001011011100110010000100000011000100110000101101011011001010010000001110100011010000110010101101101001000000110100101101110001000000110000100100000011100000110000101101110001011000010000001110111011010010111010001101000001000000111001101110000011010010110001101100101001011000010000001100010011000010111100101101100011001010110000101110110011001010111001100101100
11000010110111001100100001000000111001101101111011011010110010100100000011000100111010101110100011101000110010101110010001110100010000001110111011010000110010101101110001000000110001101101111011011000110010000101100001000000110110001100001011110010010000001110100011010000110010101101101001000000110100101101110001000000110000100100000011100000110111101110100011101000110100101101110011001110010000001110000011011110111010000101100001000000110000101101110011001000010000001100011011011110111011001100101011100100010000001110111011010010111010001101000
1100010011101010111010001110100011001010111001000101110
1010000011010010110001101101011011011000110010101100100001011100010000001000010011011110110100101101100001000000111010001101000011001010110110100111011001000000111010001101000011001010110111000100000011000100110111101101001011011000010000001110011011011110110110101100101001000000110111101100110001000000111010001101000011001010010000001101100011010010111000101110101011011110111001000101100001000000110000100100000011001100110010101110111001000000111000001100101011100000111000001100101011100100111001100101100
1100010011000010111100101101100011001010110000101110110011001010111001100101100001000000110000101101110011001000010000001110011011011110110110101100101001000000111011001101001011011100110010101100111011000010111001000111010001000000111011101101000011001010110111000100000011000110110111101101100011001000010110000100000011100000110111101110101011100100010000001101001011101000010000001101111011101100110010101110010001000000111010001101000011001010110110100101110
1011111010101000110111100100000011100000110100101100011011010110110110001100101001000000100110101100001011000110110101101100101011100100110010101101100001011000010000001100011011000010110110001101100011001010110010000100000010000110110000101110110011001010110000101100011011010000010111001011111
10000110110110001100101011000010110111000100000011000010110111001100100001000000110010001101001011101100110100101100100011001010010110000100000011101000110100001100101011011100010000001100011011101010111010000100000011001010110000101100011011010000010000001110011011010010110010001100101001000000110100101101110001000000111010001101000011100100110010101100101001110110010000001101111011100100010110000100000011011000110010101100001011101100110100101101110011001110010000001110100011010000110010101101101
1110101011011100110010001101001011101100110100101100100011001010110010000101100001000000110001101110101011101000010000001100101011000010110001101101000001000000110011001101001011100110110100000100000011010010110111000100000011001100110100101110110011001010010000001101111011100100010000001110011011010010111100000100000011100000110100101100101011000110110010101110011001011100010000001010100011011110010000001110011011010010111100000100000011011000110000101110010011001110110010100100000011011010110000101100011011010110110010101110010011001010110110000101100
1110100011000010110101101100101001000000110111001100101011000010111001000100000011000010110111000100000011011110111010101101110011000110110010100100000011011110110011000100000011100000110010101110000011100000110010101110010001011000010000001110100011101110110111100100000011011100111010101110100011011010110010101100111011100110010110000100000011000010010000001101100011010010111010001110100011011000110010100100000011011010110000101100011011001010010110000100000011001100110111101110101011100100010000001100011011011000110111101110110011001010111001100101100
1100001011011100110010000100000011000010010000001101000011000010110111001100100011001100111010101101100001000000110111101100110001000000111001101100001011011000111010000101100001000000110000101101100011011000010000001101001011011100010000001100110011010010110111001100101011100110111010000100000011100000110111101110111011001000110010101110010001110110010000001101101011010010111100000101100001000000110000101101110011001000010110000100000011011010110000101101011011010010110111001100111001000000110100001101111011011000110010101110011001000000110100101101110
11001010110000101100011011010000010000001100010011010010111010000100000011011110110011000100000011001100110100101110011011010000010110000100000011101000110100001110010011101010111001101110100001000000111010001101000011001010010000001110011011001010110000101110011011011110110111001101001011011100110011100100000011010010110111001110100011011110010000001110100011010000110010101101101001110110010000001110010011101010110001000100000011001010110000101100011011010000010000001110000011010010110010101100011011001010010000001110111011010010111010001101000
1110011011011110110110101100101001000000110111101100110001000000110100101110100001110110010000001110100011010000110010101101110001000000110011001110010011110010010000001110100011010000110010101101101001000000110001001110010011011110111011101101110001000000110100101101110001000000110111101101001011011000011101100100000011011000110010101110100001000000111010001101000011001010110110100100000011100110111010001100001011011100110010000100000011101000110100101101100011011000010000001100011011011110110110001100100001011000010000001110100011010000110010101101110
1110000011101010111010000100000011101000110100001100101011011010010000001101001011011100111010001101111001000000110000100100000011100110111010001101111011011100110010100100000011010100110000101110010001011000010000001100001011011100110010000100000011