0010111010000100000011010010110111000100000011000010010000001101101011001010110110001101111011011100010000001110011011010000110000101110000011001010010000001110011011010010111100000100000011010000110111101110101011100100111001100101110
101111101000010011100100110000101101110011001000111100100100000010100000111010101100100011001000110100101101110011001110010111001011111
100110001101001011011100110010100100000011000010010000001101101011011110111010101101100011001000010000001110111011010010111010001101000001000000110101001100001011100100010000001110010011000010110100101110011011010010110111001110011001000000111001101110100011011110110111001100101011001000010110000100000011011110111001000100000011001000111001001101001011001010110010000100000011000110110100001100101011100100111001001101001011001010111001100101100001000000111010001101000011001010110111000100000011101110110100101110100011010000010000001110100011010000110100101101110
11100110110110001101001011000110110010101110011001000000110111101100110001000000100011001110010011001010110111001100011011010000010000001110010011011110110110001101100001110110010000001101110011001010111100001110100001000000111010001101111001000000111011101101000011010010110001101101000001000000111000001110101011101000010000001110010011000010111010001100001011001100110100101100001011100110010110000100000011011110111001000100000011011010110000101100011011000010111001001101111011011110110111001110011001011000010000001110100011010000110010101101110
11101000110100001100101001000000110011001110010011101010110100101110100001011000010000001110010011011110110110001101100001011000010000001100001011011100110010000100000011000110110000101101011011001010111001100100000011010010110111000100000011100110111010101100011011000110110010101110011011100110110100101101111011011100010110000100000011101010110111001110100011010010110110000100000011101000110100001100101001000000110110101101111011101010110110001100100001000000110001001100101001000000110011001110101011011000110110000111011
111001101110000011100100110100101101110011010110110110001101001011011100110011100100000011010010110111000100000011000010111010000100000011101000110100101101101011001010111001100100000011101000111011101101111001000000110011101101100011000010111001101110011011001010111001100100000011011110110011000100000011000100111001001100001011011100110010001111001001011100010000001000010011001010110000101110100001000000110011001101111011101010111001000100000011001010110011101100111011100110010110000100000011110010110010101101100011010110111001100100000011000010110111001100100
111011101101000011010010111010001100101011100110011101000100000011100000111010101110100001000000111010001101111001000000111010001101000011001010110110100100000011000010010000001110000011010010110111001110100001000000110111101100110001000000110110101101001011011000110101100100000011011110111001000100000011000110111001001100101011000010110110100101100001000000110110001101001011001110110100001110100011011000111100100100000011100110111011101100101011001010111010001100101011011100110010101100100001011000010000001110111011010010111010001101000
11010000110000101101100011001100010000001100001001000000110111001110101011101000110110101100101011001110010110000100000011000010110111001100100001000000111010001101000011001010010000001110010011010010110111001100100001000000110111101100110001000000110100001100001011011000110011000100000011000010010000001101100011001010110110101101111011011100010000001100110011010010110111001100101011011000111100100100000011001110111001001100001011101000110010101100100001011100010000001001100011001010111010000100000011101000110100001100101
110110001101001011100010111010101101001011001000010000001110011011010010110111001101011001000000110100101101110011101000110111100100000011101000110100001100101001000000111001101101111011011000110100101100100001000000111000001100001011100100111010000111011001000000111010001101000011001010110111000100000011001100110110001101111011101010111001000100000011000010010000001100011011011000110111101110100011010000010110000100000011101000110100101100101001000000110100101110100001000000111010001101001011001110110100001110100001000000110111101110110011001010111001000101100
110000101101110011001000010000001100010011011110110100101101100001000000110111101101110011001010010000001101000011011110111010101110010001110110010000001101011011001010110010101110000001000000111010001101000011001010010000001101101011011110111010101101100011001000010000001110100011010000110010100100000011100100110100101100111011010000111010000100000011100110110100101100100011001010010000001110101011100000010111000100000010100110110010101110010011101100110010100100000011101110110100101110100011010000010000001110000011101010110010001100100011010010110111001100111
11100110110000101110101011000110110010100101110
10111110100001001110101011101000111010001100101011100100110110101101001011011000110101100100000010100000111010101100100011001000110100101101110011001110010111001011111
1010111011000010111001001101101001000000111010001101000011100100110010101100101001000000111000101110101011000010111001001110100011100110010000001101111011001100010000001101110011001010111011100100000011011010110100101101100011010110010110000100000011000010110111001100100001000000111010001110101011100100110111000100000011010010111010000100000011101110110100101110100011010000010000001100001001000000111000101110101011000010111001001110100001000000110111101100110001000000110001001110101011101000111010001100101011100100110110101101001011011000110101100111010
1110111011010000110010101101110001000000111001001100101011000010110010001111001001011000010000001100100011100100110000101101001011011100010000001110100011010000110010100100000011000110111010101110010011001000010000001110100011010000111001001101111011101010110011101101000001000000110000100100000011100110110100101100101011101100110010100111010001000000111011101101000011001010110111000100000011001000111001001111001001011000010000001110000011011110111010101101110011001000010000001101001011101000010000001101001011011100010000001100001
1101101011000010111001001100010011011000110010100100000011011010110111101110010011101000110000101110010001011000010000001110111011010010111010001101000001000000110111001100101011000010111001000100000011010000110000101101100011001100010000001100001001000000111000001101111011101010110111001100100001000000110111101100110001000000111001101110101011001110110000101110010001011000010000001100001001000000110110001100101011011010110111101101110001000000110001001101111011010010110110001100101011001000010000001110100011001010110111001100100011001010111001000101100
1110100011010000110010100100000011000110111001001110101011011010110001001110011001000000110111101100110001000000110000100100000011100100110111101101100011011000010000001100111011100100110000101110100011001010110010000101100001000000110000100100000011011100111010101110100011011010110010101100111001000000110011101110010011000010111010001100101011001000010110000100000011100110110100101111000001000000110001001101001011101000111010001100101011100100010000001100001011011000110110101101111011011100110010001110011001011000010000001100110011011110111010101110010
11011110111010101101110011000110110010101110011001000000110111101100110001000000111011101100001011100100110110100100000011000100111010101110100011101000110010101110010001011000010000001100001001000000111010001100101011000010110001101110101011100000110011001110101011011000010000001101111011001100010000001100111011011110110111101100100001000000110001101110010011001010110000101101101001011000010000001110100011010000110010100100000011110010110010101101100011010110111001100100000011011110110011000100000011001100110100101110110011001010010110000100000011000010110111001100100
11101110110100001101001011101000110010101110011001000000110111101100110001000000111010001101000011100100110010101100101001000000110010101100111011001110111001100101100001000000110000100100000011001110110110001100001011100110111001100100000011011110110011000100000011100110111011101100101011001010111010000100000011101110110100101101110011001010010110000100000011000010110111001100100001000000110111101101110011001010010000001101111011001100010000001100010011100100110000101101110011001000111100100101110
10101110110100001100101011011100010000001110111011001010110110001101100001000000110100101101110011000110110111101110010011100000110111101110010011000010111010001100101011001000010110000100000011000100110000101101011011001010010000001101001011011100010000001110011011011010110000101101100011011000010000001100011011101010111000001110011001000000110111101110010001000000110001001101111011101110110110001110011001000000111011101100101011011000110110000100000011000100111010101110100011101000110010101110010011001010110010000101110001000000100100101100110
1110100011010000110010100100000011000100110111101110100011101000110111101101101001000000110001001100101001000000110111001101111011101000010000001100010011100100110111101110111011011100010110000100000011101010111001101100101001000000110000100100000011100110110000101101100011000010110110101100001011011100110010001100101011100100011101000100000011000100111010101110100001000000111001101100101011100100111011001100101001000000110000101110011001000000111000101110101011010010110001101101011001000000110000101110011
11100000110111101110011011100110110100101100010011011000110010100101100001000000110000101101110011001000010000001110111011010010111010001101000001000000111000001110101011001000110010001101001011011100110011100100000011100110110000101110101011000110110010100101110
101111101000011011101010111001001100100001000000101000001110101011001000110010001101001011011100110011101110011001011000010000001101111011100100010000001010000011101010110011001100110011100110010111001011111
101010001110101011100100110111000100000011101000111011101101111001000000111000101110101011000010111001001110100011100110010000001101111011001100010000001101101011010010110110001101011001000000111010001101111001000000110001101110101011100100110010000111011001000000111000001110010011001010111001101110011001000000111010001101000011001010010000001110111011010000110010101111001001000000110011001110