111011100000111000001100101011001000010000001110000011000010111001001110011011011000110010101111001001011000010000001101111011011100110100101101111011011100111001100101100001000000110111101110010001000000110001101101000011010010111011001100101011100110010000000101000011101000110100001100101001000000110110001100001011101000111010001100101011100100010000001101001011100110010000001100010011001010111001101110100001010010011101100100000011011110111001000100000011000010010000001110110011001010111001001111001001000000111001101101101011000010110110001101100
111000101110101011000010110111001110100011010010111010001111001001000000110111101100110001000000111001101101000011000010110110001101111011101000010110000100000011000010010000001101100011010010111010001110100011011000110010100100000011100000110010101110000011100000110010101110010001011000010000001110011011000010110110001110100001011000010000001100001011011100110010000100000011000010010000001110011011000110111001001100001011100000110010100100000011011110111001000100000011101000111011101101111001000000110111101100110
110111001110101011101000110110101100101011001110010111000100000010011010110000101101011011001010010000001110011011011110110110101100101001000000111011001100101011100100111100100100000011011100110100101100011011001010010000001100100011100100110100101110000011100000110100101101110011001110011101000100000011000100110111101101001011011000010000001101001011011100010000001100001001000000111001101101101011000010110110001101100001000000110011001110010011110010110100101101110011001110111000001100001011011100010110000100000011000010110111001100100
111000001101111011101010111001000100000011101000110100001100101001000000110000101100010011011110111011001100101001000000110001001100001011101000111010001100101011100100010000001101001011011100111010001101111001000000110100101110100001011100010000001010111011010000110010101101110001000000110111101101110011001010010000001110011011010010110010001100101001000000110100101110011001000000110111101100110001000000110000100100000011001100110100101101110011001010010000001111001011001010110110001101100011011110111011100100000011000100111001001101111011101110110111000101100
11101000111010101110010011011100010000001100001011011100110010000100000011001000110111100100000011101000110100001100101001000000110111101110100011010000110010101110010001011100010000001010011011011110110110101100101001000000111001101100011011100100110000101110000011001010110010000100000011011000110010101100001011011100010000001101000011000010110110100101100001000000111000001110101011101000010000001101001011011100010000001100001011101000010000001100110011010010111001001110011011101000010110000100000011010010111001100100000011000010010000001110110011001010111001001111001
1110000011011000110010101100001011100110110000101101110011101000010000001100001011001000110010001101001011101000110100101101111011011100010111000100000010101000110100001110010011001010110010100100000011001010110011101100111011100110010000001110111011010010110110001101100001000000110110101100001011010110110010100100000011000010010000001110000011100100110010101110100011101000111100100100000011100110110100101111010011001010110010000100000011011110110110101101100011001010111010000111011001000000110001001110101011101000010000001101101011000010110111001111001
1100011011011110110111101101011011100110010000001110111011010010110110001101100001000000111010101110011011001010010000001100101011010010110011101101000011101000010000001101111011100100010000001110100011001010110111000101110
10010010110011000100000011101000110100001100101001000000111010001100001011100110111010001100101001000000110001001100101001000000110000101110000011100000111001001101111011101100110010101100100001011000010000001100001001000000101111101101100011010010111010001110100011011000110010101011111001000000111010001100001011100100111001001100001011001110110111101101110001000000110011101101001011101100110010101110011001000000110000100100000011001100110100101101110011001010010000001100110011011000110000101110110011011110111010101110010001011100010000001000001
11001110110111101101111011001000010000001100100011001010110000101101100001000000110111101100110001000000111000001100001011100100111001101101100011001010111100100100000011100110110100001101111011101010110110001100100001000000110001001100101001000000111010101110011011001010110010000101110
101111101010010011000010110110101100001011010110110100101101110011100110010111001011111
10100110110001101110010011000010111000001100101001000000110000100100000011100010111010101100001011100100111010001100101011100100010000001101111011001100010000001100001001000000111000001101111011101010110111001100100001000000110111101100110001000000100001101101000011001010111001101101000011010010111001001100101001011000010000001100001011011100110010000100000011001000110100101110100011101000110111100100000011011110110011000100000010001110110110001101111011101010110001101100101011100110111010001100101011100100010000001100011011010000110010101100101011100110110010100101100
110010001101001011101000111010001101111001000000110111101100110001000000110011101101111011011110110010000100000011001100111001001100101011100110110100000100000011000100111010101110100011101000110010101110010001110110010000001110100011010000110010101101110001000000110001001100101011000010111010000100000011000010110110001101100001000000110100101101110001000000110000100100000011011010110111101110010011101000110000101110010001000000111011101101001011101000110100000100000011101000110100001100101001000000111100101100101011011000110101101110011001000000110111101100110
11001100110111101110101011100100010000001100101011001110110011101110011001011000010000001100001011011100110010000100000011101000110100001100101001000000110100101101110011100110110100101100100011001010010000001101111011001100010000001100001001000000111001101101101011000010110110001101100001000000100011001110010011001010110111001100011011010000010000001110010011011110110110001101100001000000110001001101111011010010110110001100101011001000010000001101001011011100010000001100011011100100110010101100001011011010010000001110100011010010110110001101100
111001101101111011001100111010000101110001000000100110101101001011110000010000001110100011010000110010100100000011100000110000101110011011101000110010100100000011101000110100001100101011011100010000001110111011010010111010001101000001000000111010001101000011001010010000001110111011010000110100101110100011001010111001100100000011011110110011000100000011101000110100001100101001000000110010101100111011001110111001100100000011100000111001001100101011101100110100101101111011101010111001101101100011110010010000001100010011001010110000101110100011001010110111000101100
110000101101110011001000010000001110000011101010111010000100000011010010110111001110100011011110010000001110011011011010110000101101100011011000010000001110000011000010111000001100101011100100010000001110000011000010110111001110011001000000110110101100001011001000110010100100000011100100110000101110100011010000110010101110010001000000110110001101111011011100110011100100000011101000110100001100001011011100010000001110011011100010111010101100001011100100110010100101100001000000110000101101110011001000010000001100010011000010110101101100101001000000110100101101110
11000010010000001000100011101010111010001100011011010000010000001101111011101100110010101101110001000000111010001101001011011000110110000100000011011110110011000100000011000010010000001100110011010010110111001100101001000000110001001110010011011110111011101101110001011100010000001010100011010000110010101111001001000000111001101101000011011110111010101101100011001000010000001100010011001010010000001100101011000010111010001100101011011100010000001110001011101010110100101110100011001010010000001101000011011110111010000101110
10111110100001001100001011000110110111101101110001000000100011001110010011000010110100101110011011001010010111001011111
1000011011101010111010000100000011100110111010001110010011001010110000101101011011001010110010000100000011000100110000101100011011011110110111000100000011010010110111000100000011101000110100001101001011011100010000001110011011011000110100101100011011001010111001100100000011000010110111000100000011010010110111001100011011010000010000001101100011011110110111001100111001110110010000001101101011000010110101101100101001000000110000100100000011000100110000101110100011101000110010101110010001000000110111101100110001000000110110101101001011011000110101100101100
11101110110010101101100011011000010000001100010011001010110000101110100011001010110111000100000011001010110011101100111011100110010110000100000011000010110111001100100001000000110011001101100011011110111010101110010001110110010000001110000011101010111010000100000011000010010000001101100011010010111010001110100011011000110010100100000011011000110000101110010011001000010000001101111011100100010000001100100011100100110100101110000011100000110100101101110011001110010000001101001011011100111010001101111001000000111010001101000011001010010000001110000011000010110111000101100
1100001011011100110010000100000011101110110100001100101011011100010000001101000011011110111010000100000011100000110111101110101011100100010000001110100011010000110010100100000011000100110000101110100011101000110010101110010001000000110100101101110001011000010000001100001011011100110010000100000011000110110111101110110011001010111001000100000011010010111010000100000011101110110100101110100011010000010000001100001001000000110010001101001011100110110100000101110001000000101011101101000011001010110111000100000011001100110100101110100001000000111010001101111
111010001110101011100100110111000101100001000000111000001110101011101000010000001101001011011100010000001110100011010000110010100100000011000100110000101100011011011110110111000101100001000000110000101101110011001000010000001110100011101010111001001101110001000000110100101110100001000000111011001100101011100100111100100100000011000110110000101110010011001010110011001110101011011000110110001111001001011000010000001110100011010000110000101110100001000000111010001101000011001010010000001100010011000010110001101101111011011100010000001100100011011110110010101110011
11011100110111101110