1001101101000
110100101101110001000000111011001101001011011100110010101100111011000010111001000101100001000000110000101101110011001000010000001101110011011110111010000100000011100000111010101110100001000000110100101110100001000000110100101101110001000000111010001101000011001010010000001110000011000010110111000101110
1011111010101000110111100100000011001100111001001111001001000000101001101101101011001010110110001110100011100110010111001011111
101010001101000011001010111100100100000011100110110100001101111011101010110110001100100001000000110111001101111011101000010000001100010011001010010000001110111011000010111001101101000011001010110010000100000011011010110111101110010011001010010000001110100011010000110000101101110001000000110111001100101011000110110010101110011011100110110000101110010011110010010000001110100011011110010000001100011011011000110010101100001011011100010111000100000010001000111001001111001001000000110100101101110001000000110000100100000011000110110110001101111011101000110100000101100
11101000110100001100101011011100010000001101100011010010110011101101000011101000110110001111001001000000110011001101100011011110111010101110010001011000010000001100010011101010111010000100000011100110110100001100001011010110110010100100000011010010111010000100000011011110110011001100110001011100010000001000100011010010111000000100000011101000110100001100101011011010010000001101001011011100010000001110000011011000110010101101110011101000111100100100000011011110110011000100000011001010110011101100111001011000010000001110100011010000110010101101110
110100101101110011101000110111100100000011000100111001001100101011000010110010000100000011000110111001001110101011011010110001001110011001000000110011101110010011000010111010001100101011001000010000001100110011010010110111001100101001011000010000001100001011011100110010000100000011100000110110001110101011011100110011101100101001000000111010001101000011001010110110100100000011010010110111001110100011011110010000001100001001000000110011101101111011011110110010000100000011100000110000101101110001000000110111101100110
1100010011011110110100101101100011010010110111001100111001000000110110001100001011100100110010000101110001000000100110001100101011101000010000001110100011010000110010101101101001000000110001101101111011011100111010001101001011011100111010101100101001000000110011101100101011011100111010001101100011110010010000001100010011011110110100101101100011010010110111001100111001011000010000001100001011011100110010000100000011000010010000001100110011001010111011100100000011011010110100101101110011101010111010001100101011100110010000001110111011010010110110001101100
110110101100001011010110110010100100000011101000110100001100101011011010010000001100001001000000110001001110010011010010110011101101000011101000010000001111001011001010110110001101100011011110111011100100000011000100111001001101111011101110110111000101110001000000101010001100001011010110110010100100000011000110110000101110010011001010010000001101110011011110111010000100000011101000110111100100000011101000110000101101011011001010010000001101111011001100110011000100000011101000110100001100101001000000110110001101001011001110110100001110100
11100100110111101110101011001110110100001101110011001010111001101110011001000000110111101100110001000000111010001101000011001010010000001100011011100100111010101101101011000100111001100101100001000000110111101110010001000000111010001101000011001010110100101110010001000000110001001100101011000010111010101110100011110010010000001110111011010010110110001101100001000000110001001100101001000000110110001101111011100110111010000101110
101111101000010011011110110100101101100011001010110010000100000010000110110000101110010011100000010111001011111
1010011011001010111001001110110011001010010000001101001011011100010000001100001001000000110111001100001011100000110101101101001011011100010110000100000011000010110111001100100001000000111011101101001011101000110100000100000011101000110100001100101001000000111001101100001011101010110001101100101001000000110010001101001011100100110010101100011011101000110010101100100001000000110011001101111011100100010000001101001011101000010000001100001011011010110111101101110011001110010000001110011011000010111010101100011011001010111001100101110
101111101000011011011110110010011100010100000001001100101110011001000000110100001100101011000010110010000100000011000010110111001100100001000000111001101101000011011110111010101101100011001000110010101110010011100110101111100101100
1010111011010010110110001101100001000000110010101100001011101000010000001101101011101010110001101101000001000000110011001101001011011100110010101110010001011000010000001100010011110010010000001101000011000010111011001101001011011100110011100100000011000010010000001101100011010010111010001110100011011000110010100100000011100110110000101101100011101000010000001110010011101010110001001100010011001010110010000100000011001000110111101110111011011100010000001110100011010000110010100100000011000100110111101101110011001010010110000100000011000010110111001100100
1100001011011000110111101101110011001110010000001110100011010000110010100100000011101000110100001101001011000110110101100100000011100000110000101110010011101000010110000100000011001010111011001100101011011100010000001101001011001100010000001110100011011110010000001100010011001010010000001100101011000010111010001100101011011100010000001110100011010000110010100100000011100110110000101101101011001010010000001100100011000010111100100101110
10101000110100101100101001000000110100101110100001000000111010101110000001011000010000001100001011011100110010000100000011100000111010101110100001000000110111101101110001000000111010001101000011001010010000001100110011010010111001001100101001000000110100101101110001000000110001101101111011011000110010000100000011101110110000101110100011001010111001000100000011101110110100001101001011000110110100000100000011101110110100101101100011011000010000001100011011011110110110101110000011011000110010101110100011001010110110001111001001000000110001101101111011101100110010101110010
110100101110100001110100010000001110100011010000111001001101111011101110010000001100001001000000110100001100001011011100110010001100110011101010110110000100000011011110110011000100000011100110110000101101100011101000010000001101001011011100010000001101001011101000010111000100000010001110111001001100101011000010111010000100000011000110110000101110010011001010010000001101101011101010111001101110100001000000110001001100101001000000111010001100001011010110110010101101110001000000111010001101111001000000111001101100101011100100111011001100101001000000110100101110100
111011101101001011101000110100001101111011101010111010000100000011101000110100001100101001000000111001101101101011000010110110001101100011001010111001101110100001000000111001101110000011001010110001101101011001000000110111101100110001000000110001001101100011000010110001101101011001000000110111101110010001000000111001101100011011101010110110100101110001000000100011101100001011100100110111001101001011100110110100000100000011101110110100101110100011010000010000001100001001000000110110001100001011100100110011101100101
1110001011101010110000101101110011101000110100101110100011110010010000001101111011001100010000001100100011011110111010101100010011011000110010100100000011100000110000101110010011100110110110001100101011110010010110000100000011011000110010101101101011011110110111000101100001000000110100001101111011100100111001101100101011100100110000101100100011010010111001101101000001011000010000001100001011011100110010000100000011101000110100001100101001000000110110101101001011011000111010000101100001000000111001001101111011001010010110000100000011000010110111001100100
11011000110100101110110011001010111001000101100001000000110000101101110011001000010000001110011011011010110010101101100011101000111001100100000011001100111001001101001011001010110010000101100001000000110100101100110001000000110000101110000011100000111001001101111011101100110010101100100001011100010000001001001011001100010000001110100011010000110010100100000011011000110000101110100011101000110010101110010001011000010000001100010011001010010000001100011011000010111010101110100011010010110111101110101011100110010000001110100011010000110000101110100001000000110111001101111
111011101100001011101000110010101110010001000000110100001100001011011100110011100100000011000010110001001101111011101010111010000100000011101000110100001100101001000000110011001101001011100110110100000101100001000000110111101110010001000000111010001101000011001010010000001100010011001010110000101110101011101000111100100100000011011110110011000100000011101000110100001100101001000000111001101101101011001010110110001110100011100110010000001110111011010010110110001101100001000000110001001100101001000000111010001100001011010110110010101101110
11011110110011001100110001011000010000001100001011100110010000001110111011001010110110001101100001000000110000101110011001000000111010001101000011001010110100101110010001000000110011001101100011000010111011001101111011101010111001000101110
10100110110010101110010011101100110010100100000011101110110100101110100011010000010000001110000011011000110010101101110011101000111100100100000011011110110011000100000011011110111100101110011011101000110010101110010001000000110111101110010001000000111001101101000011100100110100101101101011100000010000001110011011000010111010101100011011001010010110000100000011000010110111001100100001000000110000101101110011000110110100001101111011101100111100100101100001000000110000101101110011001000010000001100010011101010111010001110100011001010111001000101110
10100110110111101101101011001010010000001110000011001010110111101110000011011000110010100100000011000100110111101101001011011000010000001110100011010000110010100100000011000110110111101100100001000000111011101101000011011110110110001100101001110110010000001100010011101010111010000100000011101000110100001100101011100100110010100100000011010010111001100100000011011100110111100100000011001100110100101110011011010000010110000100000011101000110100001100001011101000010000001101001011100110010000001101101011011110111001001100101
11100000111001001101111011100000110010101110010001000000111010001101111001