011111
1010011011001010110000101110011011011110110111000100000011101110110100101110100011010000010000001100011011011110110110101101101011011110110111000100000011100110110000101101100011101000010000001100001011011100110010000100000011100110110000101101100011101000111000001100101011101000111001001100101001011000010000001100010011100100110111101110111011011100010000001110011011101010110011101100001011100100010110000100000011000010010000001101100011010010111010001110100011011000110010100100000011000100110000101111001001000000111001101100001011011000111010000101100
111000001100101011100000111000001100101011100100010110000100000011000110110110001101111011101100110010101110011001011000010000001101101011000010110001101100101001011000010000001100001011011100110010000100000011100000110100101101101011001010110111001110100011011110010110000100000011010010110111000100000011001100110100101101110011001010111001101110100001000000111000001101111011101110110010001100101011100100010110000100000011001100110111101110010001000000110011001101111011101010111001001110100011001010110010101101110001000000110010001100001011110010111001100111010
11101000110100001100101011011100010000001110010011001010110110101101111011101100110010100100000011101000110100001100101001000000111000001101001011000110110101101101100011001010010110000100000011100000111010101110100001000000110100101110100001000000110100101101110001000000110000100100000011100110110110101100001011011000110110000100000011100000110000101101110001011000010000001100001011011100110010000100000011011000110000101111001001000000111001101101111011011010110010100100000011000100111010101110100011101000110010101110010001000000110111101101110
1101001011101000011101100100000011000110110111101110110011001010111001000100000011101110110100101110100011010000010000001100001001000000110001001110010011011110111011101101110001000000110001101110010011101010111001101110100001011000010000001100001011011100110010000100000011000100110000101101011011001010010000001110011011011000110111101110111011011000111100100100000011101000110100101101100011011000010000001110011011011110010000001110100011001010110111001100100011001010111001000100000011101000110100001100001011101000010000001100001
1110011011101000111001001100001011101110010000001110111011011110111010101101100011001000010000001110000011010010110010101110010011000110110010100100000011010010111010000101110
101010001101000011001010010000001110100011010000110100101101110001000000111000001100001011100100111010000100000011011110110011000100000011101000110111101101110011001110111010101100101011100110010110000100000011010010110011000100000011010000111010101101110011001110010000001110101011100000010000001110100011011110010000001100010011001010110001101101111011011010110010100100000011001000111001001111001001011000010000001100111011100100110000101110100011001010010000001100001011100110010000001101000011101010110111001100111001000000110001001100101011001010110011000111011
110000101101110011001000010000001101100011010010110101101100101011101110110100101110011011001010010000001101101011000010110101101100101001000000110000100100000011001100110100101101110011001010010000001100001011001000110010001101001011101000110100101101111011011100010000001110100011011110010000001110100011010000110010100100000011001100110110001100001011101100110111101110101011100100010000001101111011001100010000001101111011011010110110001100101011101000111001100101110
101111101001100011001010110011100100000011011110110011000100000010101100110010101100001011011000010111001011111
1001100011001010111010000100000011101000110100001100101001000000110011001101001011011000110110001100101011101000010000001100010011001010010000001100011011101010111010000100000011011000110000101110010011001110110010100100000011011110111001000100000011100110110110101100001011011000110110000101100001000000110000101110011001000000110001001100101011100110111010000100000011100110111010101101001011101000111001100100000011101000110100001100101001000000110111001110101011011010110001001100101011100100010000001101111011001100010000001111001011011110111010101110010
110001101101111011011010111000001100001011011100111100100101110001000000101010001101000011001010010000001100010011011110110111001100101001000000110001001100101011010010110111001100111001000000111010001100001011010110110010101101110001000000110111101110101011101000010110000100000011001100110100101101100011011000010000001110100011010000110010100100000011100110111000001100001011000110110010100100000011101110110100101110100011010000010000001100001001000000110011001101001011011100110010100100000011100110111010001110101011001100110011001101001011011100110011100101100
1100001011011100110010000100000011011000110010101110100001000000110100101110100001000000110001001100101001000000111001101101011011001010111011101100101011100100110010101100100001000000111000101110101011010010111010001100101001000000111001001101111011101010110111001100100001011000010000001100001011011100110010000100000011100110110010101101110011001000010000001110100011010000110010100100000011011000110000101110010011001110110010100100000011100110110100101100100011001010010000001110101011100000111000001100101011100100110110101101111011100110111010000101110
101011101101000011001010110111000100000011010000110000101101100011001100010000001110010011011110110000101110011011101000110010101100100001011000010000001101001011001100010000001101110011011110111010000100000011000100110010101100110011011110111001001100101001011000010000001110000011101010111010000100000011000010010000001110000011000010111000001100101011100100010000001101111011101100110010101110010001000000111010001101000011001010010000001100110011000010111010000101100001000000110000101101110011001000010000001101111011000100111001101100101011100100111011001100101
11101000110111100100000011000010110110001101100011011110111011100100000011000010010000001110011011101010110011001100110011010010110001101101001011001010110111001110100001000000111010001101001011011010110010100101100001000000110000101101110011001000010000001110100011011110010000001110000011101010111010000100000011010010111010000100000011000010010000001100111011011110110111101100100001000000110010001101001011100110111010001100001011011100110001101100101001000000110011001110010011011110110110100100000011101000110100001100101001000000110011001101001011100100110010100101100
111010001101000011001010010000001101101011001010110000101110100001000000110001001100101011010010110111001100111001000000111011001100101011100100111100100100000011100110110111101101100011010010110010000101110001000000101100101101111011101010010000001101101011000010111100100100000011100000110111101110100001000000111001101101111011011010110010100100000011011110110011000100000011010010111010000101110
1011111010010110110111001110101011000110110101101101100011001010010111001011111
10000010111001100100000011001100110010101110111001000000111000001100101011011110111000001101100011001010010000001100001011100100110010100100000011001100110111101101110011001000010000001101111011001100010000001100010011011110110100101101100011001010110010000100000011101100110010101100001011011000010110000100000011010010111010000100000011011010110000101111001001000000110001001100101001000000111011101100101011011000110110000100000011101000110111100100000011011000110010101100001011101100110010100100000011101000110100001100101
110101101101110011101010110001101101011011011000110010100100000011100110110110101100001011011000110110000101100001000000110000101101110011001000010000001110100011011110010000001110100011000010110101101100101001000000110111101100110011001100010000001110011011011110110110101100101001000000110001101110101011101000110110001100101011101000111001100100000011011110111001000100000011000110110111101101100011011000110111101110000011100110010110000100000011000100110010101100110011011110111001001100101001000000110100101110100001000000110001001100101
11001000111001001100101011100110111001101100101011001000011101100100000011000100111010101110100001000000110000101110011001000000111010001101000011001010010000001101011011011100111010101100011011010110110110001100101001000000111011101101001011011000110110000100000011010110110010101100101011100000010000001101100011011110110111001100111011001010111001000100000011101000110100001100001011011100010000001110100011010000110010100100000011001100110100101101100011011000110010101110100001011000010000001101001011101000010000001101001011100110010000001100010011001010111001101110100
1101110011011110111010000100000011101000110111100100000011000110111010101110100001000000110111101100110011001100010000001110100011010000110010100100000011100110110110001101001011000110110010101110011001000000111010001101001011011000110110000100000011101110110000101101110011101000110010101100100001011100010000001000010011100100110010101100001011010110010000001110100011010000110010100100000011000100110111101101110011001010111001100100000011101000110111100100000011011010110000101101011011001010010000001101001011101000010000001110100011000010110101101100101
11011000110010101110011011100110010000001110010011011110110111101101101001110110010000001100001011011100110010000101100001000000111011101100001011100110110100001101001011011100110011100100000011010010111010000100000011101110110010101101100011011000010110000100000011100000111010101110100001000000110100101110100001000000110100101101110011101000110111100100000011000010010000001110011011000010111010101100011011001010111000001100001011011100010000001110111011010010111010001101000001000000111010001101000011100100110010101100101
11011110110111001101001011011110110111001110011001011000010000001100001001000000110001001101100011000010110010001100101001000000110111101100110001000000110110101100001011000110110010100100000011011110111001000100000011101000111011101101111001011000010000001100001011011100110010000100000011000010010000001100110011001010111011100100000011100000110010101110000011100000110010101110010011000110110111101110010011011100111001100111011001000000110001101101111011101100110010101110010001000000111011101101001011101000110100000100000011101110110000101110100011001010111001000101100
11000010110111001100100001000000111001101101001011011010110110101