0001101111011011100010000001101111011011100110010100100000011100110110100101100100011001010010000001110100011101010111001001101110001000000111010001101000011001010110110100101110
10111110100111001101111011101000110010100101110010111110010000001001101011101010110011001100110011010010110111001110011001011000010000001110010011011110110110001101100011100110010110000100000011011110111001000100000011000100111001001100101011000010110010000101100001000000110100101100110001000000111001101110100011000010110110001100101001011000010000001101101011000010111100100100000011000100110010100100000011011010110000101100100011001010010000001110100011011110010000001110100011000010111001101110100011001010010000001101110011001010111011100101100001000000110001001111001
1100100011010010111000001110000011010010110111001100111001000000110100101101110001000000110001101101111011011000110010000100000011101110110000101110100011001010111001000101100001000000110000101101110011001000010000001110100011011110110000101110011011101000110100101101110011001110010000001101111011100100010000001101000011001010110000101110100011010010110111001100111001000000110100101101110001000000110000101101110001000000110111101110110011001010110111000101100001000000110111101110010001000000100010001110101011101000110001101101000
110111101110110011001010110111000101100001000000111010001101001011011000110110000100000011101000110100001100101001000000110111101110101011101000111001101101001011001000110010100100000011000100110010100100000011000110111001001101001011011010111000000101110
10111110100011001110010011001010110111001100011011010000010000001010010011011110110110001101100011100110010111001011111
1010010011101010110001000100000011000010110111000100000011011110111010101101110011000110110010100100000011011110110011000100000011000100111010101110100011101000110010101110010001000000110100101101110011101000110111100100000011000010010000001110000011011110111010101101110011001000010000001101111011001100010000001100110011011000110111101110101011100100010110000100000011011010110100101111000001000000110111101101110011001010010000001100101011001110110011100100000011000100110010101100001011101000110010101101110001011000010000001100001
1101100011010010111010001110100011011000110010100100000011110010110010101100001011100110111010000100000011101000110100001100001011101000010000001101001011100110010000001101110011011110111010000100000011000100110100101110100011101000110010101110010001011000010000001100001011011100110010000100000011000010111001100100000011011010111010101100011011010000010000001101101011010010110110001101011001000000110000101110011001000000111011101101001011011000110110000100000011011010110000101101011011001010010000001100001001000000110010001101111011101010110011101101000
11011110110011000100000011000010010000001101101011010010110010001100100011011000110100101101110011001110010000001110011011101000110100101100110011001100110111001100101011100110111001100101110001000000100001001100101011000010111010000100000011010010111010000100000011101110110010101101100011011000010110000100000011000100111010101110100001000000110010001101111001000000110111001101111011101000010000001101011011011100110010101100001011001000011101100100000011011000110010101110100001000000110100101110100001000000111001001101001011100110110010100101100
110000101101110011001000010000001100010011000010110101101100101001000000110111101101110001000000111010001101001011011100111001100101110
10111110100001001110010011001010110111001110100011001100110111101110010011001000010000001010010011011110110110001101100011100110010111001011111
100110101101001011110000010000001110111011010010111010001101000001000000111010001110111011011110010000001110000011011110111010101101110011001000111001100100000011011110110011000100000011001100110110001101111011101010111001000100000011000010010000001101100011010010111010001110100011011000110010100100000011100110110000101101100011101000010110000100000011101000111011101101111001000000110111101110101011011100110001101100101011100110010000001101111011001100010000001110011011010010110011001110100011001010110010000100000011100110111010101100111011000010111001000101100
110011001101111011101010111001000100000011011110111010101101110011000110110010101110011001000000110111101100110001000000110001001110101011101000111010001100101011100100010110000100000011000010110111001100100001000000111010001110111011011110010000001100101011001110110011101110011001000000110001001100101011000010111010001100101011011100010000001110111011010010111010001101000001000000111010001110111011011110010000001110011011100000110111101101111011011100110011001110101011011000111001100100000011011110110011000100000011110010110010101100001011100110111010000101100
11000010110111001100100001000000110000101100010011011110111010101110100001000000110000100100000011100000110100101101110011101000010000001101111011001100010000001101101011010010110110001101011001011100010000001001011011011100110010101100001011001000010000001110100011010000110010100100000011001000110111101110101011001110110100000100000011101110110010101101100011011000010110000100000011000010110111001100100001000000111001101100101011101000010000001101001011101000010000001110100011011110010000001110010011010010111001101100101
1100010011001010110011001101111011100100110010100100000011101000110100001100101001000000110011001101001011100100110010100101110001000000100110101100001011010110110010100100000011101000111011101100101011011000111011001100101001000000111001001101111011011000110110001110011001011000010000001100010011101010111010001110100011001010111001000100000011101000110100101101110001000000111000001101100011000010111010001100101011100110010110000100000011000010110111001100100001000000111001101100101011101000010000001110100011010000110010101101101
1100010011001010110011001101111011100100110010100100000011101000110100001100101001000000110011001101001011100100110010100100000011101000110111100100000011100100110100101110011011001010010000001110100011010010110110001101100001000000111010001101000011001010111100100100000011000100110010101100011011011110110110101100101001000000110000100100000011100000111001001101111011100000110010101110010001000000111001101101001011110100110010100111011001000000111010001101000011001010110111000100000011000100110000101101011011001010010000001101000011000010110110001100110
110000101101110001000000110100001101111011101010111001000101110
10111110100010101111000011000110110010101101100011011000110010101101110011101000010000001010010011011110110110001101100011100110010111001011111
10101110110000101110010011011010010000001101111011011100110010100100000011011110111010101101110011000110110010100100000011011110110011000100000011000100111010101110100011101000110010101110010001000000110100101101110001000000110100001100001011011000110011000100000011000010010000001110000011010010110111001110100001000000110111101100110001000000110110101101001011011000110101100101100001000000111000001110101011101000010000001110100011011110010000001101001011101000010000001100001001000000111001101110000011011110110111101101110011001100111010101101100
11000010110111001100100001000000110100001100001011011000110011000100000011011110110011000100000011110010110010101100001011100110111010000100000011011110110011000100000011100110110110101100001011011000110110000100000011000100110010101100101011100100010110000100000011000010110111001100100001000000110000100100000011011000110100101110100011101000110110001100101001000000111001101100001011011000111010000101110001000000101000001110101011101000010000001110100011101110110111100100000011100000110111101110101011011100110010001110011001000000110111101100110
11001100110110001101111011101010111001000100000011010010110111001110100011011110010000001100001001000000111000001100001011011100010110000100000011000010110111001100100001000000110110101101001011110000010000001101001011011100010000001110100011010000110010100100000011000010110001001101111011101100110010100101110001000000100110001100101011101000010000001101001011101000010000001110010011010010111001101100101001000000110000101101110001000000110100001101111011101010111001000111011001000000110101101101110011001010110000101100100001000000110100101110100
1110111011001010110110001101100001110110010000001100001011011100110010000100000011011010110000101101011011001010010000001101001011011100111010001101111001000000111001101100101011101100110010101101110001000000111001001101111011011000110110001110011001011000010000001100001011011100110010000100000011000100110000101101011011001010010000001101001011011100010000001100001001000000111000101110101011010010110001101101011001000000110111101110110011001010110111000101110
100100101100110001000000110110101100001011001000110010100100000011010010110111000100000011000110110000101101011011001010111001100100000011101000110100001110010011001010110010100100000011010010110111001100011011010000110010101110011001000000111010001101000011010010110001101101011001011000010000001110011011011000110100101100011011001010110010000100000011000010110111001100100001000000110001001110101011101000111010001100101011100100110010101100100001011000010000001110100011010000110010101111001001000000111001001100101011100110110010101101101011000100110110001100101
1010011011000010110110001101100011110010010000001001100011101010110110101101101111000101000000010011001011100110010000001100001011100110010000001101101011000010110010001100101001000000110000101110100001000000100001001100001011101000110100000101110
101010001101000011001010010000001100110011011110111001001100101011001110110111101101001011011100110011100100000011100100110010101100011011001010110100101110000011101000010110000100000011101110110100101110100011010000010000001110100011010000110010100100000011000010110010001100100011010010111010001101001011011110110111000100000011011110110011000100000011000010010000001101100011010010111010001110100011011000110010100100000011100110110000101100110011001100111001001101111011011100010110000100000011000100110111101101001011011000110010101100100001000000110100101101110
11010000110000101101100011001100010000001100001001000000111010001100101011000010110001101110101011100000110011001110101011011000010000001101111011001100010000001101101011010