1011000110010101100001011011100011101100100000011001000111001001111001001000000110100101110100
111011101101001011101000110100000100000011000110110110001100101011000010110111000100000011000110110110001101111011101000110100001110011001011000010000001110100011010010110110001101100001000000110111001101111011101000010000001110100011010000110010100100000011011000110010101100001011100110111010000100000011001000110000101101101011100000010000001110010011001010110110101100001011010010110111000101110001000000101010001101000011001010110111000100000011001000111010101110011011101000010000001110000011011110111010101101110011001000110010101100100
1100111011010010110111001100111011001010111001000100000011011110111011001100101011100100010000001100101011101100110010101110010011110010010000001110000011000010111001001110100001011000010000001110111011010000110100101100011011010000010000001101001011100110010000001100001001000000110011101101111011011110110010000100000011100000111001001100101011101100110010101101110011101000110100101110110011001010010000001100001011001110110000101101001011011100111001101110100001000000111010001101000011001010010000001100110011011000111100100101110001000000100001001111001
1110100011010000111010101110011001000000110110101100001011011100110000101100111011010010110111001100111001000000110000101101110011001000010000001110111011000010111010001100011011010000110100101101110011001110010110000100000011010010111010000100000011101110110100101101100011011000010000001101000011000010110111001100111001000000110000100100000011001100110111101110010011101000110111001101001011001110110100001110100001011100010000001010111011010000110010101101110001000000111010001101111001000000110001001100101001000000111010101110011011001010110010000101100
1110111011000010111001101101000001000000110100101110100001000000111011101101001011101000110100000100000011000010010000001101100011010010111010001110100011011000110010100100000011011000111010101101011011001010111011101100001011100100110110100100000011101110110000101110100011001010111001000101100001000000110000101101110011001000010000001100100011100100111100100100000011010010111010000101110
1011111010101100110010101101110011010010111001101101111011011100010111001011111
10000010010000001101000011000010111010101101110011000110110100000100000011011110110011000100000011000100111010101100011011010110010000001110111011010010110110001101100001000000111010001100001011010110110010100100000011000010110001001101111011101010111010000100000011101000110100001110010011001010110010100100000011010000110111101110101011100100111001100100000011000010110111001100100001000000111010001101000011100100110010101100101001000000111000101110101011000010111001001110100011001010111001001110011
11100100110111101100001011100110111010001101001011011100110011100111011001000000110010001101111011001010010110000100000011101000110100001110010011001010110010100100000011010000110111101110101011100100111001100100000011000010110111001100100001000000110000100100000011100010111010101100001011100100111010001100101011100100010111000100000010100000111010101110100001000000110000100100000011000110110111101100001011100100111001101100101001000000111000001100001011100110111010001100101001000000110111101100110001000000110001001110010011011110111011101101110
1100110011011000110111101110101011100100010000001100001011011100110010000100000011101110110000101110100011001010111001000101100001000000110000101101110011001000010000001100001001000000111000001100001011100000110010101110010001000000110111101110110011001010111001000100000011101000110100001100001011101000010110000100000011101000110111100100000011000110110111101110110011001010111001000100000011000010110110001101100001000000111010001101000011001010010000001100110011000010111010000111010001000000110001001100001011100110111010001100101001000000110100101110100
111011101100101011011000110110000100000011101110110100101110100011010000010000001100100011100100110100101110000011100000110100101101110011001110010110000100000011000010110111001100100001000000110101101100101011001010111000000100000011010010111010000100000011000010111010000100000011000010010000001100100011010010111001101110100011000010110111001100011011001010010000001110100011011110010000001100111011001010111010000100000011010000110111101110100001000000110000101110100001000000111010001101000011001010010000001100010011011110110111001100101001000000110001001111001
110010001100101011001110111001001100101011001010111001100101110001000000101011101101000011001010110111000100000011011100110010101100001011100100110110001111001001000000110010001101111011011100110010100101100001000000111001001100101011011010110111101110110011001010010000001110100011010000110010100100000011000110110111101110110011001010111001001101001011011100110011100101100001000000110000101101110011001000010000001100010011000010111001101110100011001010010000001101001011101000010000001110111011010010111010001101000
110001001110101011101000111010001100101011100100010110000100000011000010110111001100100001000000110011001110010011011110111010001101000001000000110100101110100001000000111010101110000001000000110001001100101011001100110111101110010011001010010000001111001011011110111010100100000011100110110010101110010011101100110010100101110
1000111011100100110000101110110011110010010000001100110011011110111001000100000011010010111010000100000011100110110100001101111011101010110110001100100001000000110001001100101001000000111000001110101011101000010000001101001011011100111010001101111001000000110000100100000011000100110111101100001011101000010110000100000011000010110111001100100001000000110111001101111011101000010000001101001011011100010000001110100011010000110010100100000011001000110100101110011011010000010000000101000011101010110111001101100011001010111001101110011
1110100011010000110010101110010011001010010000001100010011001010010000001101110011011110110111001100101001000000110100101101110001000000111010001101000011001010010000001110110011001010110111001101001011100110110111101101110001010010010110000100000011000010110111001100100001000000110110101100001011001000110010100100000011101000110100001110101011100110011101000100000011000110111010101110100001000000110111101100110011001100010000001110100011010000110010100100000011001100110000101110100001000000110011001110010011011110110110100100000011101000111011101101111
11011110111001000100000011101000110100001110010011001010110010100100000011100000110111101110101011011100110010001110011001000000110111101100110001000000110000100100000011011000110111101101001011011100010000001101111011001100010000001101111011011000110010000100000011011010111010101110100011101000110111101101110001011000010000001100001011011100110010000100000011100110110010101110100001000000110100101110100001000000110100101101110001000000111001101110100011001010110000101101011011100110010000001101111011011100010000001100001
110011101110010011010010110010001101001011100100110111101101110001000000110011001101111011100100010000001100001001000000110011001100101011101110010000001101101011010010110111001110101011101000110010101110011001011000010000001101010011101010111001101110100001000000111010001101111001000000110001001110010011011110111011101101110001000000110111101101110011001010010000001110011011010010110010001100101001110100010000001110000011101010111010000100000011101000110100001100101011011010010000001101001011011100010000001100001
1110011011000010111010101100011011001010111000001100001011011100010110000100000011101110110100101110100011010000010000001100001001000000111000101110101011000010111001001110100001000000110111101100110001000000111011101100001011101000110010101110010001110100010000001100011011011110111011001100101011100100010000001110001011101010110100101110100011001010010000001100011011011000110111101110011011001010010000001100110011011110111001000100000011000010110111000100000011010000110111101110101011100100010110000100000011000010110111001100100
110011101100101011011100111010001101100011110010010000001110011011010010110110101101101011001010111001000100000011010010111010000111011001000000111010001101000011001010110111000100000011101010110111001100011011011110111011001100101011100100010110000100000011000010110111001100100001000000111001101110100011001010111011100100000011101000110100101101100011011000010000001110100011010000110010100100000011001110111001001100001011101100111100100100000011000100110010100100000011100100110010101100100011101010110001101100101011001000010000001110100011011110010000001100001
111000001101111011010010110111001110100001011100010000001010011011001010110000101110011011011110110111000100000011101110110100101110100011010000010000001101111011011100110110001111001001000000111001101100001011011000111010000101110
100001101110101011100100111001001100001011011100111010001101010011001010110110001101100011110010010000001110011011000010111010101100011011001010010000001101101011101010111001101110100001000000110001001100101001000000111001101100101011100100111011001100101011001000010000001101001011011100010000001100001001000000110001001101111011000010111010000101110
10001100110111101110010011011010110010101110010011011000111100100100000011100000110000101110000001000000111001101100001011101010110001101100101001000000111011101100001011100110010000001100101011000010111010001100101011011100010000001110111011010010111010001101000001000000111011001100101011011100110100101110011011011110110111000101100001000000111011101101000011010010110001101101000001011000010000001100001011100110010000001110011011011110110110101100101001000000111001101110100011010010110110001101100001000000110110001101001011010110110010100100000011010010111010000101100
11011010110000101111001001000000110001001100101001000000110111001100101011000110110010101110011011100110110000101110010011110010010000001110100011011110010000001100100011010010111001001100101011000110111010000101110001000000100011101110010011000010111010001100101001000000111011101101000011010010111010001100101001000000110001001110010011001010110000101100100001011000010000001100001011011100110010000100000011000100110111101101001011011000010000001101001011101000010000001110111011010010111010001101000001000000111000001101111011100100111010000100000011000010110111001