011011010110010101110010001000000111001101101001011110000010000001110011011010000110010101100101011100001110001010000000100110010111001100100000011101000111001001101111011101000111010001100101011100100111001100101100001000000111010001110111011011110010000001100010011011000110000101100100011001010111001100100000011011110110011000100000011011010110000101100011011001010010110000100000011000010010000001101100011010010111010001110100011011000110010100100000011000110110100101101110011011100110000101101101011011110110111000101100
1101100011001010110110101101111011011100111000001100101011001010110110000101100001000000110000100100000011001100110010101110111001000000110100001100001011100100111010001110011011010000110111101110010011011100010000001110011011010000110000101110110011010010110111001100111011100110010110000100000011000010110111001100100001000000110000100100000011011000110100101110100011101000110110001100101001000000110100101110011011010010110111001100111011011000110000101110011011100110010110000100000011010010110111000100000011101000111011101101111
11100010111010101100001011100100111010001110011001000000110111101100110001000000111011101100001011101000110010101110010001000000111010001101111001000000110111101101110011001010011101100100000011101110110100001100101011011100010000001100011011011110110110001100100001000000111010001100001011010110110010100100000011011110110011001100110001000000111010001101000011001010010000001100110011000010111010000101100001000000110000101101110011001000010000001100111011010010111011001100101001000000110111001100101011000010111001000100000011010000110000101101100011001100010000001100001
1110000011010010110111001110100001000000111010001110111011010010110001101100101001000000110000100100000011001000110000101111001001110110010000001110111011000010111001001101101011010010110111001100111001000000111011101101001011101000110100000100000011010010111010000100000011000010010000001101100011010010111010001110100011011000110010100100000011011100110010101110111001000000110110101101001011011000110101100101110
1011111010000010110111001101111011101000110100001100101011100100010111001011111
1000010011011110110100101101100001000000110111101101110011001010010000001101111011101010110111001100011011001010010000001101111011001100010000001101001011100110110100101101110011001110110110001100001011100110111001100100000011100110110100001100001011101100110100101101110011001110111001100101100001000000110011001101111011100100111010001111001001000000100101001100001011011010110000101101001011000110110000100100000011100000110010101110000011100000110010101110010011100110010110000100000011000010110111001100100001000000110000100100000011000100110100101110100
1101111011001100010000001100010011100100110111101110111011011100010000001100011011100100111010101110011011101000010000001101111011001100010000001100010011100100110010101100001011001000010110000100000011010010110111000100000011000010010000001110001011101010110000101110010011101000010000001101111011001100010000001110111011000010111010001100101011100100010000001110100011011110010000001100001001000000111000001101001011011100111010000101100001000000110000101101110011001000010000001110011011101000111001001100001011010010110111000100000011010010111010000101110
10101000110100001101001011100110010000001101101011000010110101101100101011100110010000001100001001000000111000001101100011001010110000101110011011000010110111001110100001000000110101001100101011011000110110001111001001000000111010001101111001000000110101101100101011001010111000000100000011010010110111000100000011101000110100001100101001000000110100001101111011101010111001101100101001110110010000001101111011001100010000001110111011010000110100101100011011010000010000001100001001000000110110001100001011100100110011101100101
11100110111000001101111011011110110111001100110011101010110110000100000011011010110000101111001001000000110001001100101001000000111010001100001011010110110010101101110001000000110100101101110001000000111011101101001011011100110010100100000011000010110111001100100001000000111011101100001011101000110010101110010001011000010000001101101011010010110110001101011001011000010000001110100011001010110000100101100001000000111001101101111011101010111000000101100001000000110111101110010001000000110000101101110011110010010000001110111011000010111100100101110
101111101000001011011100110111101110100011010000110010101110010001000000110110101101111011100110111010000100000011100000110110001100101011000010111001101100001011011100111010000100000010001000111001001100001011101010110011101101000011101000010111001011111
10000100110111101101001011011000010000001100001001000000111000101110101011000010111001001110100011001010111001000100000011011110110011000100000011000010110111000100000011011110111010101101110011000110110010100100000011011110110011000100000011010010111001101101001011011100110011101101100011000010111001101110011001000000111001101101000011000010111011001101001011011100110011101110011001000000111011101101001011101000110100000100000011000010010000001110000011010010110111001110100001000000110111101100110001000000110111001100101011101110010000001101101011010010110110001101011
11101000110111100100000011010000110000101101100011001100010110000100000011000010110010001100100001000000110000100100000011000100110100101110100001000000110111101100110001000000111001101110101011001110110000101110010001011000010000001100001011011100110010000101100001000000110011001101111011100100010000001100011011010000110000101101110011001110110010100101100001000000110000100100000011000100110100101110100011101000110010101110010001000000110000101101100011011010110111101101110011001000010111000100000010001110110100101110110011001010010000001110100011010000110100101110011
110000101110100001000000110111001101001011001110110100001110100001011000010000001101110011011110111010000100000011101000110111101101111001000000111011101100001011100100110110100101110
10000100110110001100001011011010110000101101110011001110110010100101100001000000100010001110101011101000110001101101000001000000100011001101100011101010110110101101101011001010111001001111001001011000010000001100001011011100110010000100000010010100110010101101100011011000110100101100101011100110010110000100000011000010111001100100000011001000110100101110010011001010110001101110100011001010110010000100000011100000110000101100111011001010111001100100000001100010011011000110100001000000110000101101110011001000010000000110001001101100011010100101100001000000110111101110010
110110001100101011100110111001100100000011100100110100101100011011010000010000001100001011000110110001101101111011100100110010001101001011011100110011100100000011101000110111100100000011010100111010101100100011001110110110101100101011011100111010000101110
1011111010000010010000001110110011001010111001001111001001000000110111001101111011101010111001001101001011100110110100001101001011011100110011100100000010101100110010101100001011011000010000001100010011100100110111101110100011010000010111001011111
1010000011101010111010000100000011101000110100001100101001000000110101101101110011101010110001101101011011011000110010100100000011011110110011000100000011000010010000001101100011001010110011100100000011011110111001000100000011100110110100001101111011101010110110001100100011001010111001000100000011011110110011000100000011101100110010101100001011011000010110000100000011101110110100101110100011010000010000001110110011001010111001001111001001000000110110001101001011101000111010001101100011001010010000001101101011001010110000101110100001000000111010001101111
11010010111010000101100001000000110000101101110001000000110111101101100011001000010000001100110011011110111011101101100001011000010000001100001011011100110010000100000011001100110111101110101011100100010000001110011011010000110000101101110011010110110001001101111011011100110010101110011001000000110111101100110001000000110110101110101011101000111010001101111011011100010000001100101011110000111010001110010011001010110110101100101011011000111100100100000011101110110010101101100011011000010000001110011011011110110000101101011011001010110010000100000011000010110111001100100
11000100111001001110101011100110110100001100101011001000010110000100000011101000110100001110010011001010110010100100000011000100110110001100001011001000110010101110011001000000110111101100110001000000110110101100001011000110110010100101100001000000111010001100101011011100010000001110000011001010111000001110000011001010111001001100011011011110111001001101110011100110010110000100000011000010110111000100000011011110110111001101001011011110110111000101100001000000110000101101110011001000010000001100001001000000110110001100001011100100110011101100101
1100010011010010111010000100000011011110110011000100000011000100111001001100101011000010110010000101100001000000110000101101110011001000010000001110100011010000111001001100101011001010010000001110001011101010110000101110010011101000111001100100000011011110110011000100000011101110110000101110100011001010111001000101100001000000110100101101110011101000110111100100000011000010010000001110011011101000110010101110111011100000110111101110100001000000111010001101000011000010111010000100000011000110110111101110110011001010111001001110011
11000110110110001101111011100110110010100101100001000000110000101101110011001000010000001110011011010010110110101101101011001010111001000100000011010010110111000100000011101000110100001100101001000000111001101101100011011110111011101100101011100110111010000100000011011010110000101101110011011100110010101110010001000000110000101100110011101000110010101110010001000000110100101110100001000000110100001100001011100110010000001100010011011110110100101101100011001010110010000100000011101010111000000101100001000000110000101101110011001000010000001100010011001010110010101101110
11100110110101101101001011011010110110101100101011001000011101100100000011011110111001000101100001000000110001001100001011010110110010100100000011010010111010000111011001000000111001101110100011100100110000101101001011011100010000001100001011011100110010000100000011101000110000101101011011001010010000001101111011001100110011000100000011101000110100001100101001000000110011001100001011101000010111000100000010100110110000101101100