0101101100011001100010000001100001001000000111000001101001011011100111010000100000011011110110011000100000011011010110100101101100011010110011101100100000011101110110100001100101011011100010000001101010011101010111001101110100001000000111011101100001011100100110110100101100001000000111000001110101011101000010000001110100011011110010000001101001011101000010000001100001
11100010111010101100001011100100111010001100101011100100010000001101111011001100010000001100001001000000111000001101001011011100111010000100000011011110110011000100000011110010110010101100001011100110111010000101100001000000110000101101110011001000010000001110111011011110111001001101011001000000111010101110000001000000111010001101111001000000110000100100000011001110110111101101111011001000010000001100100011011110111010101100111011010000010111000100000010011000110010101110100001000000110100101110100001000000111001101110100011000010110111001100100
110001001100101011001100110111101110010011001010010000001110100011010000110010100100000011001100110100101110010011001010010000001100001001000000110011001100101011101110010000001101101011010010110111001110101011101000110010101110011001000000110001001100101011001100110111101110010011001010010000001101001011101000010000001100111011011110110010101110011001000000111010001101111001000000111010001101000011001010010000001101111011101100110010101101110001110110010000001100001011001000110010000100000011100110110010101100101011001000111001100101100001000000110111101110010
110001101110101011100100111001001100001011011100111010001110011001011000010000001100001011011100110010000100000011000100110000101101011011001010010000001100001011011100010000001101000011011110111010101110010001000000110000101101110011001000010000001100001001000000110100001100001011011000110011000101110
1011111010000010110111001101111011101000110100001100101011100100010111001011111
10011010110100101111000001000000110000100100000011100000110111101110101011011100110010000100000011000010110111001100100001000000110000100100000011010000110000101101100011001100010000001101111011001100010000001100110011011000110111101110101011100100010110000100000011000010110111001100100001000000110000100100000011100000110111101110101011011100110010000100000011011110110011000100000011000110110111101101101011011010110111101101110001000000110110001110101011011010111000000100000011100110111010101100111011000010111001000101100001000000110010101101001011001110110100001110100
1100101011001110110011101110011001000000110001001100101011000010111010001100101011011100010000001110011011001010111000001100001011100100110000101110100011001010110110001111001001011000010000001100001011011100010000001101111011101010110111001100011011001010010000001101111011001100010000001110011011001010110010101100100011100110010110000100000011101000111011101101111001000000111001101110000011011110110111101101110011001100111010101101100011100110010000001101111011001100010000001111001011001010110000101110011011101000010110000100000011000010110111001100100
11101000110100001100101001000000111001101100001011011010110010100100000011011110110011000100000011011010110100101101100011010110010000001100001011011100110010000100000011101110110000101110100011001010111001000101110
101111101001110011011110111010001100101001011100101111100100000010011010110100101101100011010110010000001100001011011000110111101101110011001010010000001100011011000010111010101110011011001010111001100100000011000110110000101101011011001010010000001100001011011100110010000100000011000100111001001100101011000010110010000100000011100110110111101101111011011100010000001110100011011110010000001100100011100100111100100101110
101111101000011011011110110110101101101011011110110111000100000010000100111001001100101011000010110010000100000010000110110000101101011011001010010111001011111
10101000110000101101011011001010010000001110100011010000110010100100000011100010111010101100001011011100111010001101001011101000111100100100000011011110110011000100000011000010010000001110001011101010110000101110010011101000110010101110010011011100010000001101100011011110110000101100110001000000110011001110010011011110110110100100000011101000110100001100101001000000110010001101111011101010110011101101000001000000111011101101000011001010110111000100000011011010110000101101011011010010110111001100111001000000111011101101000011010010111010001100101
11000100111001001100101011000010110010000101100001000000110000101101110011001000010000001101011011011100110010101100001011001000010000001110111011001010110110001101100001000000110100101101110011101000110111100100000011010010111010000100000011101000111011101101111001000000110111101110101011011100110001101100101011100110010000001101111011001100010000001100010011101010111010001110100011001010111001000101100001000000111010001110111011011110010000001101111011001100010000001001100011010010111001101100010011011110110111000100000011100110111010101100111011000010111001000101100
1100001011011100110010000100000011001010110100101100111011010000111010000100000011011110110011000100000011000110111010101110010011100100110000101101110011101000111001100101110001000000101011101100001011100100110110100100000011101000110100001100101001000000110001001110101011101000111010001100101011100100010000001101001011011100010000001100001001000000111010001100101011000010110001101110101011100000110011001110101011011000010000001101111011001100010000001100111011011110110111101100100001000000110110101101001011011000110101100101110
1000010011110010010000001110100011010000110010100100000011000010110010001100100011010010111010001101001011011110110111000100000011011110110011000100000011000010110111000100000011011110111010101101110011000110110010100100000011011110110011000100000011000100111010101110100011101000110010101110010001011000010000001101111011100100010000001110011011101010110011101100001011100100010110000100000011011110111001000100000011000010110111000100000011001010110011101100111001000000110111101110010001000000111010001110111011011110010110000100000011110010110111101110101
110110101100001011110010010000001101101011000010110101101100101001000000111010001101000011001010010000001100011011000010110101101100101001000000110001001100101011101000111010001100101011100100010111000100000010000010010000001110100011001010110000101100011011101010111000001100110011101010110110000100000011011110110011000100000011100100110000101110111001000000110001101110010011001010110000101101101001000000110100101101101011100000111001001101111011101100110010101110011001000000110100101110100001000000110110101110101011000110110100000101110001000000100100101110100
11010010111001100100000011000100110010101110011011101000010000001110100011011110010000001100010011000010110101101100101001000000110100101110100001000000110100101101110001000000110000100100000011100000110000101101110001011000010000001110010011000010111010001101000011001010111001000100000011101000110100001100001011011100010000001100001011100110010000001100001001000000110110001101111011000010110011000101100001000000111010001101000011001010010000001101111011101010111010001110011011010010110010001100101001000000110001001100101011010010110111001100111
1101100011001010111001101110011001000000110100001100001011100100110010000101110
101111101000001001000000110011101101111011011110110010000100000010100000110111101110101011011100110010000100000010000110110000101101011011001010010111001011111
100001001100101011000010111010000100000011000010010000001110000011011110111010101101110011001000010000001101111011001100010000001100010011101010111010001110100011001010111001000100000011101000110111100100000011000010010000001100011011100100110010101100001011011010010110000100000011000010110111001100100001000000110110101101001011110000010000001110111011010010111010001101000001000000110100101110100001000000111010001101000011001010010000001110111011010000110100101110100011001010111001100100000011000010110111001100100001000000111100101100101011011000110101101110011
1101111011001100010000001100101011010010110011101101000011101000010000001100101011001110110011101110011001000000110001001100101011000010111010001100101011011100010000001100001011100000110000101110010011101000010111000100000010010000110000101110110011001010010000001110010011001010110000101100100011110010010000001110111011000010111001001101101001000000110001001111001001000000111010001101000011001010010000001100110011010010111001001100101001011000010000001100001001000000111000001101111011101010110111001100100001000000110111101100110
11001100110110001101111011101010111001000101100001000000110000101101110011001000010000001110100011010000110010100100000011100110110000101101101011001010010000001101111011001100010000001110011011010010110011001110100011001010110010000100000011100110111010101100111011000010111001000101100001000000110110101101001011110000010000001110100011010000110010101101101001000000110000101101110011001000010000001100001001000000110011001100101011101110010000001100011011011000110111101110110011001010111001100101100001000000110000100100000011011000110100101110100011101000110110001100101
11011100111010101110100011011010110010101100111001000000110000101101110011001000010000001100011011010010110111001101110011000010110110101101111011011100010000001101001011011100010000001100110011010010110111001100101001000000111000001101111011101110110010001100101011100100010000001110100011011110110011101100101011101000110100001100101011100100011101100100000011101000110100001100101011011100010000001100010011110010010000001100100011001010110011101110010011001010110010101110011001000000111011101101111011100100110101100100000011101000110100001100101
110010001110010011110010010000001101001011011100110011101110010011001010110010001101001011001010110111001110100011100110010000001101001011011100111010001101111001000000111010001101000011001010010000001100010011101010111010001110100011001010111001000100000011000010110111001100100001000000110010101100111011001110111001100101110001000000101011101101000011001010110111000100000011101110110010101101100011011000010000001100010011001010110000101110100011001010110111000101100001000000110000101100100011001000010000001100001001000000110011101101100011000010111001101110011
110111101100110001000000111011101101001011011