100110011100100110111101101101001000000111010001101000011000010111010000100000011100000110000101110010011101000010000001101111011001100010000001100001001000000111011101100101011011000110110000100000011010000111010101101110011001110010000001101100011011110110100101101110001000000110111101100110001000000110110101110101011101000111010001101111011011100010000001110111011010000110100101100011011010000010000001101001011100110010000001101110011001010111100001110100001000000111010001101000011001010010000001101100011001010110011100101100
1110011011011110110110101100101001000000110001101101111011011000110110001101111011100000111001100100000011101100110010101110010011110010010000001110100011010000110100101101110001011100010000001010100011000010110101101100101001000000110111101110101011101000010000001110100011010000110010100100000011100110110100101101110011001010111011101110011001011100010000001010011011001010110000101110011011011110110111000100000011101000110100001100101011011010010000001110111011010010111010001101000001000000111001101100001011011000111010000101100
11100000110010101110000011100000110010101110010001000000110000101101110011001000010000001101101011000010110001101100101001011000010000001100001011011100110010000100000011100110111010001110010011001010111011100100000011011110111011001100101011100100010000001110100011010000110010101101101001000000111001101101000011100100110010101100100001000000111000001100001011100100111001101101100011001010111100100101100001000000111010001101000011110010110110101100101001011000010000001100001011011100110010000100000011101000111011101101111001000000110111101110010
111010001101000011100100110010101100101001000000111001101101000011000010110110001101111011101000111001100101110001000000100011001110010011110010010000001110100011010000110010101101101001000000110100101101110001000000110001001110101011101000111010001100101011100100010000001110100011010010110110001101100001000000110100001100001011011000110011000100000011001000110111101101110011001010010111000100000010000010110010001100100001000000110100001100001011011000110011000100000011000010010000001110000011010010110111001110100001000000110111101100110
1100111011100100110000101110110011110010010110000100000011000010010000001101100011010010111010001110100011011000110010100100000011010100111010101101001011000110110010100100000011011110110011000100000011011000110010101101101011011110110111000101100001000000110000101101110011001000010000001100001001000000111000001101001011001010110001101100101001000000110111101100110001000000110001001110101011101000111010001100101011100100010000001110010011101010110001001100010011001010110010000100000011010010110111000100000011001100110110001101111011101010111001000101100
110000101101110011001000010000001110011011010010110110101101101011001010111001000100000011101000110100001100101001000000111011101101000011011110110110001100101001000000111011001100101011100100111100100100000011001110110010101101110011101000110110001111001001000000110011001101001011101100110010100100000011011010110100101101110011101010111010001100101011100110010111000100000010101000110100001100101011110010010000001110011011010000110111101110101011011000110010000100000011000100110010100100000011100110110010101110010011101100110010101100100
1101001011011010110110101100101011001000110100101100001011101000110010101101100011110010010110000100000011011110111001000100000011101000110100001100101011110010010000001110111011010010110110001101100001000000110001001100101001000000110100001100001011100100110010000101110
101111101001100011000010110110101100010001000000101001101110100011001010110000101101011011100110010111001011111
100011001110010011110010010000001100001001000000110001001100101011000010111010101110100011010010110011001110101011011000010000001100010011100100110111101110111011011100010111000100000010101000110100001110010011011110111011100100000011011110111011001100101011100100010000001110100011010000110010101101101001011000010000001110111011010000110010101101110001000000111001101100101011100100111011001100101011001000010110000100000011000010010000001100111011011110110111101100100001000000111000101110101011000010110111001110100011010010111010001111001001000000110111101100110
110001101110010011101010110110101100010011100110010000001101111011001100010000001100010011100100110010101100001011001000010000001100110011100100110100101100101011001000010110000100000011000010110111001100100001000000110001101110010011010010110110101110000011001010110010000100000011100000110000101110010011100110110110001100101011110010011101000100000011101000110100001100101001000000111001001100101011000110110010101101001011100000111010000100000011001100110111101110010001000000110010001101111011010010110111001100111001000000111011101101000011010010110001101101000
110111101100110001000000110000100100000011001100110100101101110011001010010000001100011011011110110110001101111011101010111001000101100001000000110100101110011001000000110011101101001011101100110010101101110001000000111010101101110011001000110010101110010001000000111010001101000011001010010000001100001011100100111010001101001011000110110110001100101001000000110111101100110001000000111011001100101011001110110010101110100011000010110001001101100011001010111001100101110
100110101110101011101000111010001101111011011100010000001100001011011100110010000100000010011000110000101101101011000100010000001110011011101000110010101100001011010110111001100101100001000000111001101100101011000010111001101101111011011100110010101100100001000000110000101101110011001000010000001100010011100100110111101101001011011000110010101100100001000000110100101101110001000000110001001110101011101000111010001100101011100100110010101100100001000000111000001100001011100000110010101110010011100110010110000100000011001010110100101110100011010000110010101110010
111011101101001011101000110100000100000011000110111001001110101011011010110001001110011001000000110000101101110011001000010000001101000011001010111001001100010011100110010110000100000011011110111001000100000011101110110100101110100011010000110111101110101011101000010110000100000011000010111001001100101001000000110000100100000011001110110010101101110011101000110010101100101011011000010000001100100011010010111001101101000001011000010000001100001011011100110010000100000011001010110000101110100001000000111011101100101011011000110110000101110
101001101100001011101010110001101100101001000000110011001101111011100100010000001110100011010000110010101101101001011000010000001100011011000010110110001101100011001010110010000100000011100110110000101110101011000110110010100100000010100100110111101100010011000010111001001110100001011000010000001110101011011100110010001100101011100100010000001110100011010000110010100100000011011000110100101110011011101000010000001101111011001100010000001110011011000010111010101100011011001010111001100101110
101001101100001011001000110010001101100011001010010000001101111011100100010000001001100011011110110100101101110001000000110111101100110001000000110110101110101011101000111010001101111011011100010110000100000011100100110111101100001011100110111010001100101011001000011101000100000011101000110100001100101001000000110011001101111011100100110110101100101011100100010000001100001001000000110011001100001011100110110100001101001011011110110111001100001011000100110110001100101001000000110010001101001011100110110100000101110
1010011011010000110111101110101011011000110010001100101011100100010000001101111011001100010000001101101011101010111010001110100011011110110111000101100001000000111001001101111011000010111001101110100011001010110010000101100001000000110000101101110011001000010000001101111011011100110100101101111011011100010000001110011011000010111010101100011011001010010111000100000010000100110110001100001011001000110010101100010011011110110111001100101001000000110001001110010011011110110100101101100011001010110010000101110
101111101010011011010000110111101110101011011000110010001100101011100100010000001101111011001100010000001001101011101010111010001110100011011110110111000100000011000100110111101101001011011000110010101100100001000000111011101101001011101000110100000100000010011110111100101110011011101000110010101110010011100110010111001011111
1001000011000010110111001100111001000000110100101110100001000000111001101101111011011010110010100100000011001000110000101111001011100110010110000100000011101000110100001100101011011100010000001110011011000010110110001110100001000000110100101110100001000000111011101100101011011000110110000100000011001100110111101110010001000000111010001110111011011110010111000100000010000100110111101101110011001010010000001101001011101000010110000100000011000010110111001100100001000000111001101110000011100100110100101101110011010110110110001100101001000000110100101110100
11101110110100101110100011010000010000001110000011001010111000001110000011001010111001000101100001000000110000101101110011001000010000001100001001000000110001001101001011101000010000001101111011001100010000001101101011000010110001101100101001000000111000001101111011101010110111001100100011001010110010000101110001000000100110001100001011110010010000001110011011011110110110101100101001000000110111101111001011100110111010001100101011100100111001100100000011011110111011001100101011100100010000001101001011101000010110000100000011000010110111001100100
111001001101111011011000110110000100000011101000110100001100101001000000110110101100101011000010111010000100000011101010111000000100000011101000110100101100111011010000111010000100000011101110110100101110100011010000010000001100001001000000110011001101001011011000110110001100101011101000010111000100000010100110111010001100101011101110010000001101001011101000010000001101001011011100010000001100001001000000111001101101101011000010110110001101100001000000111000101110101011000010110111001110100011010010111010001111001001000000110111101100110
11101110110000101110100011001010111001000101100001000000111011101101001011101000110100000100000011000010110111000100000011011110110111001101001011011110110111000101100001000000110000101101110011001000010000001100001001000000110011001100101011101110010000001110000011001010111000001110000011001010111001001100011011011110111001001101110011100110010110000