0000111001001101111011101100110010101100100001011000010000001100011011010000110111101110000011100000110010101100100001000000111000001100001011100100111001101101100011001010111100100100000011011010110000101111001001000000110001001100101001000000110000101100100011001000110010101100100001000000111010001100101011011100010000001101101011010010110111001110101011101000110010101110011001000000110001001100101011001100110111101110010011001010010000001110011011001010111001001110110011001010110010000101110
10111110101001101110100011001010111011101100101011001000010000001101111011011000110010000100000010100000110010101100001011100110010111001011111
101001101110100011001010110010101110000001000000111010001101000011001010110110100100000011010010110111000100000011101110110000101110100011001010111001000100000011000010110110001101100001000000110111001101001011001110110100001110100001011000010000001101001011001100010000001101110011011110111010000100000011001100110100101101110011001010010000001100010011011110110100101101100011001010111001001110011001011000010000001101111011101000110100001100101011100100111011101101001011100110110010100100000011011110110111001101100011110010010000001101000011000010110110001100110
1100001011011100010000001101000011011110111010101110010001110110010000001110000011101010111010000100000011101000110100001100101011011010010000001110111011010010111010001101000001000000111011101100001011101000110010101110010001000000110010101101110011011110111010101100111011010000010000001101010011101010111001101110100001000000111010001101111001000000110001101101111011101100110010101110010001000000111010001101000011001010110110100101100001000000110000101101110011001000010000001100001001000000110011101101111011011110110010000100000011000100110100101110100
110111101100110001000000110001001110101011101000111010001100101011100100010110000100000011011110111001000100000011000010010000001110000011010010110010101100011011001010010000001101111011001100010000001100010011001010110010101100110001000000110111101110010001000000111000001101111011100100110101100101110001000000101001101110100011001010111011100100000011010010110111000100000011101000110100001100101001000000110110101101111011100110111010000100000011001110110010101101110011101000110110001100101001000000111011101100001011110010010000001110100011010010110110001101100
1110100011010000110010100100000011100000110010101100001011100110010000001100001011100100110010100100000011100110110111101100110011101000010110000100000011000010110111001100100001000000111010001101000011001010010000001101101011001010110000101110100001000000110100101110011001000000111010001100101011011100110010001100101011100100010111000100000010010010110011000100000011011100110111101110100001000000111001101100001011011000111010000100000011011010110010101100001011101000010110000100000011000010110010001100100001000000111001101100001011011000111010000101100
1100001011011100110010000100000011000010010000001101100011010010111010001110100011011000110010100100000011100000110010101110000011100000110010101110010001011000010000001100001011011100110010000100000011100110110010101110010011101100110010100100000011100100110111101110101011011100110010000100000011101000110100001100101001000000110110101100101011000010111010000101110
1011111010001100111001001100101011011100110001101101000001000000101001101100001011011000110110001100001011001000010111001011111
10000110110100001101111011100000010000001110100011010000111001001100101011001010010000001100001011011100110001101101000011011110111011001101001011001010111001100101100001000000110000100100000011100110110100001100001011011000110111101110100001011000010000001100001011011100110010000100000011100110110111101101101011001010010000001110000011000010111001001110011011011000110010101111001001000000111001101101101011000010110110001101100001110110010000001110000011101010111010000100000011101000110100001100101011011010010000001101001011011100010000001100001
1100010011011110111011101101100001000000111011101101001011101000110100000100000011101000111011101101111001000000111010001100001011000100110110001100101011100110111000001101111011011110110111001100110011101010110110001110011001000000110111101100110001000000111011001101001011011100110010101100111011000010111001000101100001000000110111101101110011001010010000001101111011001100010000001101111011010010110110000101100001000000110000100100000011011000110100101110100011101000110110001100101001000000110110101110101011100110111010001100001011100100110010000101100
11000010110111001100100001000000111001101100001011011000111010000101110001000000101011101101000011001010110111000100000011101110110010101101100011011000010000001101101011010010111100001100101011001000010110000100000011000010110010001100100001000000110001001111001001000000110010001100101011001110111001001100101011001010111001100100000011100110110111101101101011001010010000001100011011011110110110001100100001000000111001001101111011000010111001101110100001000000110111101110010001000000110001001101111011010010110110001100101011001000010000001101101011001010110000101110100
1101001011011100010000001110100011010000110010100100000011101100110010101110010011110010010000001110100011010000110100101101110011011100110010101110011011101000010000001110011011011000110100101100011011001010111001100111011001000000111000001110101011101000010000001101001011011100010000001100001001000000110011001100101011101110010000001100001011101000010000001100001001000000111010001101001011011010110010100101100001000000111010001101000011001010111100100100000011000100110010101101001011011100110011100100000011100110110110101100001011011000110110000101100
11011100110111101110100001000000110010101111000011000110110010101100101011001000110100101101110011001110010000001110100011101110110111100100000011011110111001000100000011101000110100001110010011001010110010100100000011010010110111001100011011010000110010101110011001000000110110001101111011011100110011100111011001000000111001101101000011000010110101101100101001000000111010001101000011001010110110100100000011010010110111000100000011101000110100001100101001000000111001101100101011000010111001101101111011011100110100101101110011001110010110000100000011000010110111001100100
1110100011010000110010101101110001000000111000001110101011101000010000001101101011011110111001001100101001110110010000001100011011011110111011001100101011100100010000001110100011010000110010100100000011000100110111101110111011011000010000001100011011011000110111101110011011001010011101100100000011000010110111001100100001000000110110001100101011101000010000001110100011010000110010100100000011100110110000101101100011011000110000101100100001000000110001001100101001000000111000001110010011001010111000001100001011100100110010101100100
1110100011010000111001001100101011001010010000001101000011011110111010101110010011100110010000001100010011001010110011001101111011100100110010100100000011010010111010000100000011000100110010100100000011001010110000101110100011001010110111000101110
100011101100001011100100110111001101001011100110110100000100000011101110110100101110100011010000010000001110000011000010111001001110011011011000110010101111001001011000010000001100001011011100110010000100000011000010010000001100110011001010111011100100000011100110110110001101001011000110110010101110011001000000110111101100110001000000111010001101000011001010010000001100110011000010111010000101110
101111101001100011011110110001001110011011101000110010101110010001000000101001101100001011011000110110001100001011001000010111001011111
1001101011000010110101101100101001000000110000100100000011100110110000101101100011011000110000101100100001011000010000001100001011011100110010000100000011100000111010101110100001000000111001101101111011011010110010100100000011011110110011000100000011101000110100001100101001000000111001001100101011001000010000001110000011000010111001001110100001000000110111101100110001000000111010001101000011001010010000001101100011011110110001001110011011101000110010101110010001000000111010001101111001000000110100101110100001011000010000001100011011101010111010000111011
111011101101000011010010110001101101000001000000110011001101111011100100110110101110011001000000110000100100000011100000111001001100101011101000111010001111001001000000110001101101111011011100111010001110010011000010111001101110100001000000111010001101111001000000111010001101000011001010010000001110111011010000110100101110100011001010010000001100001011011100110010000100000011001110111001001100101011001010110111000100000011011110110011000100000011101000110100001100101001000000111011001100101011001110110010101110100011000010110001001101100011001010111001100101110
10001000110111100100000011011100110111101110100001000000111000001110101011101000010000001101101011101010110001101101000001000000110111101101001011011000010110000100000011000010111001100100000011100110110100001100101011011000110110001100110011010010111001101101000001000000111010001100001011010110110010100100000011011110110011001100110001000000111010001101000011001010010000001100001011000110110100101100100011010010111010001111001001000000110111101100110001000000111011001101001011011100110010101100111011000010111001000101110
1010011011001010111001001110110011001010010000001101001011011100010000001100001001000000110010001101001011100110110100000101100001000000110111001101111011101000010000001100001001000000110001001101111011101110110110000101110
1011111010101000110111100100000011000100110111101101001011011000010000001010000011011110111010001100001011101000110111101100101011100110010111001011111
101001101100101011101000010000001110100011010000110010101101101001000000110111101101110001000000110000100100000011001100110100101110010011001010010110000100000011101010110111001110000011000010111001001100101011001000010110000100000011010010110111000100000011000110110111101101100011001000010000001110111011000010111010001100101011100100011101100100000011011000110010101110100001000000111010001101000011001010110110100100000011010000110000101101100011001100010000001100010011011110110100101101100001011000010000001110100011010000110010101101110
1110100011010000111001001101111011101110010000001110011011011110110110101100101001000000111001101100001011011000111010000100