0000110111101110101011100100010000001101001011101000010000001101001011011100111010001101111001000000110000100100000011001100110110001100001011101000010000001100100011010010111001101101000001011000010000001100001011011100110010000100000011100110110010101110010011101100110010100100000011010010111010000100000011101000110111100100000011001010110000101110100001000000110001101101111011011000110010000101110
1001001011001100010000001111001011011110111010100100000011010000110000101110110011001010010000001101110011011110010000001110011011010010110110001110110011001010111001000100000011100110110000101110101011000110110010101110000011000010110111000101100001000000110010001101111001000000110100101110100001000000110100101101110001000000110000100100000010000110110100001101001011011100110000101100010011000010111001101101111011011100010000001101001011011100010000001100001001000000111001101100001011101010110001101100101011100000110000101101110001000000110111101100110
11000100110111101101001011011000110100101101110011001110010000001110111011000010111010001100101011100100010110000100000011101000110100001100101001000000111010001101111011100000010000001101111011001100010000001110111011010000110100101100011011010000010000001110111011010010110110001101100001000000110101001110101011100110111010000100000011100100110010101100011011001010110100101110110011001010010000001110100011010000110010100100000011000100110000101110011011011110110111000101110
10111110101001101110100011001010111011101100101011001000010000001010000011001010110000101110010011100110010111001011111
101000001100001011100100110010100100000011000010110111001100100001000000110100001100001011011000111011001100101001011000010000001101111011100100010000001110001011101010110000101110010011101000110010101110010001011000010000001101100011000010111001001100111011001010010000001110000011001010110000101110010011100110010110000100000011000010110001101100011011011110111001001100100011010010110111001100111001000000111010001101111001000000111010001101000011001010110100101110010001000000111001101101001011110100110010100111010001000000111010001101000011100100110111101110111
11101000110100001100101011011010010000001101001011011100111010001101111001000000111011101100001011101000110010101110010001011000010000001100001011100110010000001110100011010000110010100100000011100110110101101101001011011100010000001101001011100110010000001110100011000010110101101100101011011100010000001101111011001100110011000100000011000100110010101100110011011110111001001100101001000000111010001101000011001010111100100100000011000010111001001100101001000000110010001101001011101100110100101100100011001010110010000101100001000000111010001101111
111000001110010011001010111011001100101011011100111010000100000011101000110100001100101011010010111001000100000011101000111010101110010011011100110100101101110011001110010000001100010011011000110000101100011011010110010111000100000010100000110000101100011011010110010000001110100011010000110010101101101001000000111001001101111011101010110111001100100001000000110000100100000011000100110110001101111011000110110101101110100011010010110111000100000011100110111010001100101011101110111000001100001011011100010110000100000011000010110111001100100
11100110111000001110010011010010110111001101011011011000110010100100000011000010111001100100000011011010111010101100011011010000010000001110011011101010110011101100001011100100010000001101111011101100110010101110010001000000110000101110011001000000111011101101001011011000110110000100000011011010110000101101011011001010010000001110100011010000110010101101101001000000111000001110010011001010111010001110100011110010010000001110011011101110110010101100101011101000011101000100000011000010110010001100100
11011000110010101101101011011110110111001110000011001010110010101101100001011000010000001100001001000000110001101101100011011110111011001100101001000000110111101110010001000000111010001110111011011110010110000100000011000010110111001100100001000000111001101101111011011010110010100100000011000010110110001101100011100110111000001101001011000110110010100100000011000110111001001100001011000110110101101100101011001000010111000100000010010100111010101110011011101000010000001100011011011110111011001100101011100100010000001110100011010000110010101101101
111011101101001011101000110100000100000011101110110000101110100011001010111001000101100001000000110000101101110011001000010000001110000011101010111010000100000011100110110111101101101011001010010000001101111011001100010000001110100011010000110010100100000011100100110010101100100001000000110110001101001011100010111010101101111011100100010000001110111011010000110100101100011011010000010000001110111011010010110110001101100001000000110001001100101001000000110010001101001011100100110010101100011011101000110010101100100
110100001100101011100100110010101100001011001100111010001100101011100100011101100100000011000110110111101110110011001010111001000100000011101000110100001100101011011010010000001100011011011000110111101110011011001010010110000100000011000010110111001100100001000000111001101110100011001010111011100100000011101000110100001110010011001010110010100100000011011110111001000100000011001100110111101110101011100100010000001101000011011110111010101110010011100110010111000100000010101110110100001100101011011100010000001110100011001010110111001100100011001010111001000101100
11101000110000101101011011001010010000001110100011010000110010101101101001000000110111101110101011101000010110000100000011000010110111001100100001000000111000001101111011101010111001000100000011101000110100001100101001000000110110001101001011100010111010101101111011100100010000001101111011101100110010101110010001000000111010001101000011001010110110100101110
101111101000010011000010110101101100101011001000010000001010000011001010110000101110010011100110010111001011111
10101000110100001100101011100110110010100100000011011100110010101100101011001000010000001101110011011110111010000100000011000100110010100100000011011110110011000100000011000010010000001100110011010010110111001100101001000000111001101101111011100100111010000111011001000000110001001110101011101000010000001110011011011110110110101100101001000000111010001100001011100110111010001100101001000000110001001100101011101000111010001100101011100100010000001110100011010000110000101101110001000000110111101110100011010000110010101110010011100110010110000100000011000010110111001100100
11011110110011001110100011001010110111000100000011101000110100001101111011100110110010100100000011101000110100001100001011101000010000001100001011100100110010100100000011011000110010101100001011100110111010000100000011001100110100101110100001000000111010001101111001000000110010101100001011101000010000001110010011000010111011100101110001000000101011101101001011100000110010100101100001000000110001001110101011101000010000001100100011011110010000001101110011011110111010000100000011100000110000101110010011001010010110000100000011000010110111001100100
110110001100001011110010010000001110100011010000110010101101101001000000110111101101110001000000111010001101001011011100010000001110000011011000110000101110100011001010111001100101100001000000110000101101110011001000010000001100010011000010110101101100101001000000111010001101000011001010110110100100000011010010110111000100000011000010010000001110011011011000110111101110111001000000110111101110110011001010110111000101110001000000101011101101000011001010110111000100000011000100110000101101011011001010110010000100000011001010110111001101111011101010110011101101000
111010001101111001000000110001001100101011000010111001000100000011010010111010000101100001000000110011001101100011000010111010001110100011001010110111000100000011101000110100001100101011011010010000001110111011010010111010001101000001000000110000100100000011100110110100101101100011101100110010101110010001000000111001101110000011011110110111101101110001011100010000001010111011010000110010101101110001000000110010001101111011011100110010100100000011101000110100001110010011011110111010101100111011010000010110000100000011100000111010101110100
11101000110100001100101011011010010000001101111011011100010000001100001001000000110010001101001011100110110100000101110
1000001011100000111000001101100011001010111001100100000011010010110111000100000011101000110100001100101001000000111001101100001011011010110010100100000011101110110000101111001001000000110000101110010011001010010000001100101011110000110001101100101011011000110110001100101011011100111010000101100001000000110000101101110011001000010000001110011011001010111001001110110011001010010000001100110011011110111001000100000011001000110010101110011011100110110010101110010011101000111001100101110
1011111010001000111001001101001011001010110010000100000010000010111000001110000011011000110010101110011001011000010000001101111011100100010000001010000011001010110000101110010011100110010111001011111
10100000111010101110100001000000111010001101000011001010110110100100000011010010110111000100000011000010010000001100011011011110110111101101100001000000110111101110110011001010110111000100000011100110110100101111000001000000110111101110010001000000111001101100101011101100110010101101110001000000111010001101001011011010110010101110011001011000010000001100001011011100110010000100000011001100110110001100001011101000111010001100101011011100010000001110100011010000110010101101101001000000110001001111001001000000110010001100101011001110111001001100101011001010111001100101100
110000101101110011001000010000001100111011001010110111001110100011011000111100100101100001000000111011101101000011001010110111000100000011100110110111101100110011101000010000001100101011011100110111101110101011001110110100000100000011101000110111100100000011000100110010101100001011100100010000001101001011101000010111000100000010010010110011000100000011101000110100001100101001000000110111101110110011001010110111000100000011000100110010100100000011101000110111101101111001000000110100001101111011101000010000001110100011010000110010101111001
111011101101001011011000110110000100000011101110110000101110011011101000110010100111011001000000110000101101110011001000010000001100001011101000010000001100110011010010111001001110011011101000010000001101001011101000010000001110