0010111010101101001011100100110010100100000011001110111001001100101011000010111010001100101011100100010000001100011011000010111001001100101001000000110100101101110
11100100110010101101101011011110111011001101001011011100110011100100000011101000110100001100101001000000110011001100001011101000011101100100000011000100111010101110100001000000111010001101000011001010010000001101010011001010110110001101100011110010010000001110111011010010110110001101100001000000110001001100101001000000110011001100001011100100010000001110011011101000111001001101111011011100110011101100101011100100010110000100000011000010110111001100100001011000010000001101111011001100010000001100011011011110111010101110010011100110110010100101100
110000101101100011011000110111101110111001000000110110101101111011100100110010100100000011101110110000101110100011001010111001000101110
10111110100000101101110011011110111010001101000011001010111001000100000011100110110111101110010011101000010111001011111
1000010011011110110100101101100001000000110011001101111011101010111001000100000011100010111010101100001011100100111010001110011001000000110111101100110001000000111011101100001011101000110010101110010001000000111011101101001011101000110100000100000011101000110100001110010011001010110010100100000011000110110000101101100011001101110001010000000100110010111001100100000011001100110010101100101011101000010000001110100011010000110000101110100001000000110100001100001011101100110010100100000011000100110010101100101011011100010000001101111011011100110110001111001
11100110110001101100001011011000110010001100101011001000010110000100000011101000110100101101100011011000010000001101000011000010110110001100110001000000111011101100001011100110111010001100101011001000011101000100000011101000110000101101011011001010010000001110100011010000110010100100000011010100110010101101100011011000111100100100000011001100111001001101111011011010010000001110100011010000110010100100000011001100110000101110100001000000110000101101110011001000010000001110011011001010110010001101001011011010110010101101110011101000011101000100000011011010110100101111000
1110111011010010111010001101000001000000110100101110100001000000111010001101000011001010010000001101010011101010110100101100011011001010010000001101111011001100010000001100001001000000101001101100101011101100110100101101100011011000110010100100000011011110111001001100001011011100110011101100101001011000010000001100001011011100110010000100000011101000111011101100101011011000111011001100101001000000110110001100101011011010110111101101110011100110010110000100000011101000110100001100101001000000111000001100101011001010110110001110011001000000110111101100110
111010001101000011100100110010101100101001011000010000001110100011010000110010100100000011101110110100001101001011101000110010101110011001000000110000101101110011001000010000001110011011010000110010101101100011011000111001100100000011011110110011000100000011101000111011101100101011011000111011001100101001000000110010101100111011001110111001100111011001000000110001001110010011011110111011101101110001000000111001101110101011001110110000101110010001000000111010001101111001000000111010001100001011100110111010001100101001011000010000001101110011001010110000101110010
1100001001000000111000001101001011011100111010000100000011011110110011000100000011100100110000101101001011100110110100101101110001000000111011101101001011011100110010100101100001000000110111101101110011001010010000001101111011101010110111001100011011001010010000001101111011001100010000001100011011011110111001001101001011000010110111001100100011001010111001000100000011100110110010101100101011001000010110000100000011000010010000001110001011101010110000101110010011101000110010101110010001000000110111101100110001000000110000101101110
11011110111010101101110011000110110010100100000011011110110011000100000011000010110110001101100011100110111000001101001011000110110010100101100001000000110000100100000011000100110100101110100001000000110111101100110001000000110001101101001011011100110111001100001011011010110111101101110001011000010000001100001011011100110010000100000011100110110100101111000001000000110001101101100011011110111011001100101011100110010110000100000011000010110110001101100001000000110001001110010011101010110100101110011011001010110010000101100001000000110000101100110011101000110010101110010
11010000110000101110110011010010110111001100111001000000111000001110010011001010111011001101001011011110111010101110011011011000111100100100000011011010110100101111000011001010110010000100000011101000110100001100101011011010010000001100011011011110110110001100100001011100010000001010100011010000110010100100000011010100110010101101100011011000111100100100000011100110110100001101111011101010110110001100100001000000110001001101111011010010110110000100000011001100110100101100110011101000110010101100101011011100010000001101101011010010110111001110101011101000110010101110011
111011101101001011101000110100001101111011101010111010000100000011100110111010001101001011100100111001001101001011011100110011100111011001000000111010001101000011001010110111000100000011000110110110001100101011000010111001000100000011010010111010000100000011101000110100001110010011011110111010101100111011010000010000001100001001000000110011001101100011000010110111001101110011001010110110000100000011000100110000101100111001011100010000001010111011010000110100101101100011001010010000001110010011101010110111001101110011010010110111001100111
11101000110000101101011011001010010000001100001001000000110110001101001011101000111010001101100011001010010000001101010011001010110110001101100011110010010110000100000011000010110111001100100001000000110110101101001011110000010000001110111011010010111010001101000001000000110000100100000011101000110010101100001011000110111010101110000011001100111010101101100001000000110111101100110001000000111011101100001011101000110010101110010001000000110100101101110001000000111011101101000011010010110001101101000001000000110000100100000011000100110100101110100001000000110111101100110
1100010011001010110010101110100011100100110111101101111011101000010000001101000011000010111001100100000011000100110010101100101011011100010000001100010011011110110100101101100011001010110010000101100001000000110000101101110011001000010000001110010011101010110111000100000011010010111010000100000011101000110100001110010011011110111010101100111011010000010000001110100011010000110010100100000011000100110000101100111001000000111011101101000011001010110111000100000011000010110110001101100001000000111010001101000011001010010000001110010011001010111001101110100
11010010111001100100000011100100111010101101110001000000110111101110101011101000011101100100000011000010110111001100100001000000111010001101000011010010111001100100000011010010111001100100000011101000110111100100000011001110110000101110010011011100110100101110011011010000010000001110100011010000110010100100000011011110111010001101000011001010111001000100000011010100110010101101100011011000111100100101100001000000110001001100101011010010110111001100111001000000110001101101111011011110110110001100101011001000010000001101111011011100010000001100001
11100000110110001100001011101000110010100111011001000000110001001110101011101000010000001110100011010000110100101110011001000000110100101110011001000000110110101100001011101000111010001100101011100100010000001101111011001100010000001100011011010000110111101101001011000110110010100101110
10111110100111101110010011000010110111001100111011001010010000001101010011001010110110001101100011110010010111001011111
100011101110010011000010111010001100101001000000111010001101000011001010010000001110010011010010110111001100100001000000110111101100110001000000111010001110111011011110010000001010011011001010111011001101001011011000110110001100101001000000110000101101110011001000010000001110100011101110110111100100000010000110110100001101001011011100110000100100000011011110111001001100001011011100110011101100101011100110010110000100000011000010110111001100100001000000111010001110111011011110010000001101100011001010110110101101111011011100111001100111011
1110011011100010111010101100101011001010111101001100101001000000111010001101000011001010010000001101010011101010110100101100011011001010010000001101111011001100010000001110100011010000111001001100101011001010010000001101111011001100010000001100101011000010110001101101000001011000010000001100001011011100110010000100000011100110111010001110010011000010110100101101110001011000010000001100001011011100110010000100000011000010110010001100100001000000111010001101000011001010010000001101010011101010110100101100011011001010010000001110100011011110010000001100001
111000101110101011000010111001001110100011001010111001000100000011011110110011000100000011000010010000001110000011011110111010101101110011001000010000001101111011001100010000001101100011101010110110101110000001000000111001101110101011001110110000101110010001011000010000001100001011011100110010000100000011000010010000001110001011101010110000101110010011101000110010101110010001000000110111101100110001000000110000100100000011100000110100101101110011101000010000001101111011001100010000001110111011000010111010001100101011100100010110000100000011000010110111001100100
1100010011011110110100101101100001000000111010001101001011011000110110000100000011010010111010000100000011000010110110001101101011011110111001101110100001000000110001101100001011011100110010001101001011001010111001100101110001000000100100001100001011101100110010100100000011100100110010101100001011001000111100100100000011000010010000001110001011101010110000101110010011101000010000001101111011001100010000001101001011100110110100101101110011001110110110001100001011100110111001101101010011001010110110001101100011110010010000001101101011000010110010001100101
111011101101001011101000110100000100000011101000111011101101111001000000110111101110101011011100110001101100101011100110010110000100000011100000111010101110100001000000111010001101111001000000110100101110100001000000111010001101000011001010010000001110011011110010111001001110101011100000010110000100000011000010110111001100100001000000110001001101111011010010110110000100000011010010111010000100000011011110110111001100011011001010010000001110