0000011010010110001101100101001000000111010001101111001000000110010101100001011000110110100000101110
1000011011011110111001001101011001000000110001101101100011011110111001101100101011011000111100100101100001000000110000101101110011001000010000001110100011010010110010100100000011000010010000001100010011011000110000101100100011001000110010101110010001000000110111101110110011001010111001000101110
10010010111010000100000011101110110100101101100011011000010000001101011011001010110010101110000001000000111010001110111011001010110111001110100011110010010000001111001011001010110000101110010011100110010110000100000011000010110111001100100001000000110100101110011001000000110111001101111011101000010000001100111011011110110111101100100001000000111010001101000011001010010000001100110011010010111001001110011011101000010111000100000010000100110010100100000011101100110010101110010011110010010000001100011011000010111001001100101011001100111010101101100001000000111010001101111
11001010111100001110000011100100110010101110011011100110010000001110100011010000110010100100000011010100111010101101001011000110110010100100000011000010111010000100000011010000110111101101101011001010011101100100000011001100110111101110010001000000110100101110100001000000110100101110011001000000111001001100001011100100110010101101100011110010010000001110101011011100110000101100100011101010110110001110100011001010111001001100001011101000110010101100100001011000010000001101001011001100010000001100010011011110111010101100111011010000111010000101110
1010011011011110110110101100101001000000111000001100101011011110111000001101100011001010010000001101101011000010110101101100101001000000110110001101001011100010111010101101111011100100010000001101111011001100010000001110100011010000110010100100000011011110111010101110100011100110110100101100100011001010010000001110011011010000110010101101100011011000010000001110111011010000110010101101110001000000111010001101000011001010010000001101110011101010111010000100000011010010111001100100000011100100110100101110000011001010011101100100000011000100111010101110100
110111001100101011010010111010001101000011001010111001000100000011101000110100001100101001000000110011001101100011000010111011001101111011101010111001000100000011011100110111101110010001000000110001101101111011011000110111101110101011100100010000001101001011100110010000001110100011010000110010101101110001000000111001101101111001000000110011001101001011011100110010100101110
1011111010000110110111101100011011010110110110001100101001000000100001101100001011101000111001101110101011100000010111001011111
100111101110000011001010110111000100000011101000110100001100101001000000110001101101111011000110110101101101100011001010111001100111010001000000111001101100011011000010110110001100100001000000111010001101000011001010110110100100000011010010110111000100000011101000110100001100101011010010111001000100000011011110111011101101110001000000110110001101001011100010111010101101111011100100011101000100000011000010110010001100100001000000110000100100000011011000110100101110100011101000110110001100101001000000111011101100001011101000110010101110010
11101110110100001100101011011100010000001110100011010000110010100100000011011000110100101110001011101010110111101110010001000000111001101100101011101000111010001101100011001010111001100101100001000000110100101100110001000000111100101101111011101010010000001101000011000010111011001100101001000000110111001101111011101000010000001100101011011100110111101110101011001110110100000111010001000000111001101110100011100100110000101101001011011100010000001110100011010000111001001101111011101010110011101101000001000000110000100100000011000110110110001101111011101000110100000101100
11101000110100001100101011011100010000001110011011001010110000101110011011011110110111000100000011101110110100101110100011010000010000001100101011101100110010101110010011110010010000001110011011000010111011001101111011100100111100100100000011100110111000001101001011000110110010100111011001000000110000101101110011001000010000001101001011001100010000001100110011011110111001000100000011000100111001001101111011101110110111000100000011100110110000101110101011000110110010100101100001000000110000101100100011001000010000001110000011011110111001001110100
111011101101001011011100110010100101100001000000110000101101110011000110110100001101111011101100110100101100101011100110010110000100000011000010110111001100100001000000110011101100001011100100110110001101001011000110110101100111011001000000110100101100110001000000110011001101111011100100010000001110111011010000110100101110100011001010010110000100000011011110110110101101001011101000010000001110100011010000110010101110011011001010010110000100000011000010110111001100100001000000111000001110101011101000010000001100001001000000110011101101100011000010111001101110011
110111101100110001000000111001101101000011001010111001001110010011110010010000001110111011010010110111001100101001011000010000001101100011001010110110101101111011011100110101001110101011010010110001101100101001000000110000101101110011001000010000001110000011001010110010101101100001011000010000001101101011000010110001101100101001011000010000001101110011101010111010001101101011001010110011100101100001000000110000101101110011001000010000001110111011010000110100101110100011001010010000001110000011001010111000001110000011001010111001000101110001000000100100101100110
11001100110111101110010001000000110001001110010011011110111011101101110001011000010000001100010011101010111001001101110001000000110000100100000011000100110100101110100001000000110111101100110001000000111001101110101011001110110000101110010001000000110011001101111011100100010000001100011011011110110110001101111011101010111001001101001011011100110011100101110
100100101110100001000000110100101110011001000000110001001100101011101000111010001100101011100100010000001110100011011110010000001101000011000010111011001100101001000000110001101101111011000110110101101101100011001010111001100100000011001010110111001101111011101010110011101101000001011000010000001110100011010000110000101101110001000000111010001101111001000000110000101100100011001000010000001110111011000010111010001100101011100100011101100100000011000010110111001100100001000000111010001101000011001010111100100100000011000010111001001100101
11000110110100001100101011000010111000000101110
10111110100110101110101011100110110100001110010011011110110111101101101001000000101000001101111011101110110010001100101011100100010111001011111
101011101100001011100110110100000100000011010000110000101101100011001100010000001100001001000000111000001100101011000110110101100100000011011110110011000100000011011000110000101110010011001110110010100100000011011010111010101110011011010000111001001101111011011110110110101110011001000000111011101101000011010010110110001100101001000000111000101110101011010010111010001100101001000000110011001110010011001010111001101101000001011000010000001100001011011100110010000100000011001100111001001100101011001010010000001110100011010000110010101101101
11001100111001001101111011011010010000001100111011100100110100101110100001000000110000101101110011001000010000001100100011010010111001001110100001000000111011101101001011101000110100000100000011001100110110001100001011011100110111001100101011011000010111000100000010100110110001101110010011000010111000001100101001000000110111101110101011101000010000001110100011010000110010100100000011000100110110001100001011000110110101100100000011100000110000101110010011101000010000001100011011011000110010101100001011011100010110000100000011000010110111001100100001000000110010001101111
11011100110111101110100001000000111010101110011011001010010000001100001011011100111100100100000011101000110100001100001011101000010000001100001011100100110010100100000011101110110111101110010011011010110010101100001011101000110010101101110001110100010000001110000011101010111010000100000011101000110100001100101011011010010000001101001011011100111010001101111001000000110000100100000011100110111010001100101011101110111000001100001011011100010000001101111011101100110010101110010001000000111010001101000011001010010000001100110011010010111001001100101
11101110110100101110100011010000110111101110101011101000010000001110111011000010111010001100101011100100010110000100000011101110110100101110100011010000010000001110100011101110110111100100000011011000110000101110010011001110110010100100000011011110110111001101001011011110110111001110011001011000010000001110011011011110110110101100101001000000110001101101100011011110111011001100101011100110010110000100000011000010010000001110001011101010110000101110010011101000110010101110010001000000110111101100110001000000110000101101110001000000110111101110101011011100110001101100101
11011110110011000100000011011010110000101100011011001010010110000100000011000010110111001100100001000000111010001110111011011110010000001110011011100000110111101101111011011100110011001110101011011000111001100100000011011110110011000100000011101110110100001101001011101000110010100100000011100000110010101110000011100000110010101110010001011000010000001100001011011000110110000100000011010010110111000100000011100000110111101110111011001000110010101110010001011100010000001010011011010010110110101101101011001010111001000100000011000010110111001100100
1110011011010000110000101101011011001010010000001110100011010000110010101101101001000000111010001101001011011000110110000100000011000010110110001101100001000000111010001101000011001010010000001101100011010010111000101110101011011110111001000100000011000100110010100100000011001000111001001101001011001010110010000100000011101010111000000101100001000000110001001110101011101000010000001100010011001010010000001100011011000010111001001100101011001100111010101101100001000000111010001101000011001010111100100100000011001000110111100100000011011100110111101110100
110001001110101011100100110111000101110001000000100110001100001011110010010000001110100011010000110010101101101001000000110111101101110001000000111010001101001011011100111001100100000011011110111001000100000011100110110100101100101011101100110010101110011001000000110100101101110001000000110000100100000011100110110110001101111011101110010000001101111011101100110010101101110001011000010