1100100010000001110100011011110010000001101000011000010110111001100111001000000111010001101111001000000110010001110010011110010010111001011111
10000110110100001101111011011110111001101100101001000000110000100100000011100000110100101100101011000110110010100100000011011110110011000100000011000100110010101100101011001100010000001110111011010010111010001101000001000000110000101110011001000000110110001101001011101000111010001101100011001010010000001100010011011110110111001100101001000000110000101110011001000000111100101101111011101010010000001100011011000010110111000101100001000000111010001101000011001010010000001100110011011000110000101101110011010110010000001101001011100110010000001101101011011110111001101110100
111000001110010011011110111000001100101011100100011101000100000011100110111000001110010011010010110111001101011011011000110010100100000011010010111010000101100001000000110000101101110011001000010000001101100011001010111010000100000011010010111010000100000011001000111001001100001011010010110111000100000011000010010000001100100011000010111100100111011001000000111010001101000011001010110111000100000011100100111010101100010001000000110100101110100001000000111011101101001011101000110100000100000011000110110111101101101011011010110111101101110
11100110110000101101100011101000010110000100000011100110110000101101100011101000111000001100101011101000111001001100101001011000010000001100001011011100110010000100000011000100110000101111001001000000111001101100001011011000111010000101100001000000110001001110101011101000010000001101111011001100010000001110100011010000110010100100000011100110110010101100011011011110110111001100100001000000110000100100000011100110110110101100001011011000110110000100000011100000111001001101111011100000110111101110010011101000110100101101111011011100011101100100000011000010110111001100100
11110010110111101110101001000000110110101100001011110010010000001100001011001000110010000100000011000010010000001100110011001010111011100100000011001110111001001100001011010010110111001110011001000000110111101100110001000000110001101101111011000110110100001101001011011100110010101100001011011000010110000100000011000010110110001101100001000000110100101101110001000000110011001101001011011100110010100100000011100000110111101110111011001000110010101110010001011100010000001010010011101010110001000100000011101000110100001100101
1110000011010010110001101101011011011000110010100100000011001010111011001100101011100100111100100100000011001000110000101111001001000000110100101101110011101000110111100100000011101000110100001100101001000000110110101100101011000010111010000100000011001100110111101110010001000000110000100100000011101110110010101100101011010110010110000100000011101000110100001100101011011100010000001101111011011100110110001111001001000000111010001110101011100100110111000100000011010010111010000101110
100100101110100001000000111011101101001011011000110110000100000011000100110010100100000011001010111100001100011011001010110110001101100011001010110111001110100001000000110100101101110001000000110010101101001011001110110100001110100001000000110010001100001011110010111001100101110001000000100100101101110001000000111001101101001011110000111010001100101011001010110111000101100001000000110010001110010011000010110100101101110001000000110100101110100001000000110011001110010011011110110110100100000011101000110100001100101
111000001101001011000110110101101101100011001010010110000100000011000010110111001100100001000000110110001100101011101000010000001101001011101000010000001100010011001010010000001110011011011010110111101101011011001010110010000100000011000010111010000100000011101000110100001100101001000000110111101110110011001010110111000100000011011010110111101110101011101000110100000101100001000000111011101101000011001010111001001100101001000000110100001100101011000010111010001100101011001000010000001110111011010010111010001101000001000000111011101101111011011110110010000101100
11011110111001000100000011100110110010101101110011001000010000001110100011011110010000001110100011010000110010100100000011000100110000101101011011001010111001011100010100000001001100101110011001011100010000001000001001000000110011001100101011101110010000001100100011000010111100101110011001000000111011101101001011011000110110000100000011100110110110101101111011010110110010100100000011010010111010000101110
100000100100000011011000110100101110100011101000110110001100101001000000110111101100110001000000111010001101000011001010010000001100011011011110110000101110010011100110110010101110011011101000010000001110011011101010110011101100001011100100010000001101101011000010111100100100000011000100110010100100000011000010110010001100100011001010110010000100000011101000110111100100000011101000110100001100101001000000111001101100001011011000111010000101110
10010010111010000100000011001010110000101110100011100110010000001110111011001010110110001101100001000000110001001101111011010010110110001100101011001000010000001110100011001010110111001100100011001010111001000100000011101110110100101110100011010000010000001100111011100100110010101100101011011100111001100100000011011110111001000100000011000110110000101110010011100100110111101110100011100110010111000100000010010010110011000100000011101000110111100100000011000100110010100100000011001110111001001100001011101000110010101100100001000000110000101110011
1000100011101010111010001100011011010000010110000100000011101000110100001100101011011100010000001100011011101010111010000100000011000010010000001011111011011000110010101100001011011100101111100100000011000100110100101110100001110100010000001100010011011110110100101101100001000000110100101110100001000000111010001101001011011000110110000100000011001010111100001110100011100100110010101101101011001010110110001111001001000000111010001100101011011100110010001100101011100100011101100100000011000010110111001100100001000000111011101101000011010010110110001100101
11010000110111101110100001000000111000001110101011101000010000001101001011101000010000001110101011011100110010001100101011100100010000001100001001000000111000001110010011001010111001101110011001011100010000001010111011010000110010101101110001000000110001101101111011011000110010000101100001000000110011001101111011011000110010000100000011010010111010000100000011010010110111000100000011000010010000001110011011010000110010101100101011101000010000001101111011001100010000001110000011000010111000001100101011100100010110000100000011000010110111001100100001000000110100101110100
11101110110100101101100011011000010000001101011011001010110010101110000001000000110100101101110001000000110000100100000011001000111001001111001001000000111000001101100011000010110001101100101001000000111010001110111011011110010000001101111011100100010000001110100011010000111001001100101011001010010000001101101011011110110111001110100011010000111001100101110
10111110101000001110010011001010111001101110011011001010110010000100000010000100110010101100101011001100010111001011111
101001101100001011011000111010000100000011000010010000001100010011010010111010000100000011011110110011000100000011000100111001001101001011100110110101101100101011101000010110000100000011101000110100001101001011011100010000001110000011000010111001001110100001000000110111101100110001000000111010001101000011001010010000001100110011011000110000101101110011010110010110000100000011011110111001000100000011101000110100001100101001000000111010001101111011100000111001100100000011011110110011000100000011101000110100001100101001000000111001001101001011000100111001100101100
1110111011010010111010001101000001000000111001101100001011011000111010000100000011000010110111001100100001000000111001101100001011011000111010001110000011001010111010001110010011001010010110000100000011001100110100101110110011001010010000001100100011000010111100101110011001110110010000001110100011010000110010101101110001000000110001001101111011010010110110000100000011010010111010000100000011001110110010101101110011101000110110001111001001000000111010001101001011011000110110000100000011001010111100001110100011100100110010101101101011001010110110001111001
11101000110010101101110011001000110010101110010001011100010000001010000011101010111010000100000011010010111010000100000011101010110111001100100011001010111001000100000011000010010000001100111011100100110010101100001011101000010000001110111011001010110100101100111011010000111010000101100001000000110111101110010001000000110100101101110001000000110000100100000011000110110100001100101011001010111001101100101001000000111000001110010011001010111001101110011001011000010000001110100011010010110110001101100
11100000110010101110010011001100110010101100011011101000110110001111001001000000110001101101111011011000110010000101110
10010010111010000100000011001010110000101110100011100110010000001100101011110000110001101100101011011000110110001100101011011100111010001101100011110010010000001100011011011110110110001100100001011000010000001100001011011100110010000100000011001100110111101110010001000000101001101100001011011100110010001110111011010010110001101101000011001010111001100101110
10111110100100001110101011011100111010001100101011100101110001010000000100110010111001100100000010000100110010101100101011001100010111001011111
101010001101111001000000110000100100000011100100110111101110101011011100110010000100000011011110110011000100000011000100110010101100101011001100010000001110100011010000110000101110100001000000111011101100101011010010110011101101000011100110010000001110100011101110110010101101110011101000111100100100000011001100110100101110110011001010010000001110000011011110111010101101110011001000111001100101100001000000111010001100001011010110110010100100000011101000110100001110010011001010110010100100000011011110111010101101110011000110110010101110011001000000110111101100110
11100110110000101101100011101000111000001100101011101000111001001100101001011000010000001110100011010000111001001100101011001010010000001101111011101010110111001100011011001010111001100100000011011110110011000100000011000110110111101100001011100100111001101100101011100110111010000100000011100110111010101100111011000010111001000101100001000000110000101101110001000000110111101110101011011100110001101100101001000000110111101100110001000000110001101