1011110110110100100000011101000110100001100101001000000111000001101001011000110110101101101100011001010010110000100000011000010110111001100100001000000111001001110101011000100010000001101001011101000010000001101001011011100010000001100010011100100110000101101110001000000111000001110010011001010111011001101001011011110111010101110011001000000111010001101111
1100100011100100111100101101001011011100110011100101110
10111110100100001101111011001110111001111100010100000001001100100100000010000110110100001100101011001010110101101110011001000000111010001101111001000000110010001110010011110010010111001011111
10101000110100001100101001000000111001101101110011011110111010101110100001000000110001001100101011010010110111001100111001000000110001101110101011101000010000001101111011001100110011000101100001000000111010001101000011001010010000001100010011100100110000101101001011011100111001100100000011100100110010101101101011011110111011001100101011001000010110000100000011000010110111001100100001000000111010001101000011001010010000001101000011001010110000101100100001000000110001101101100011001010110011001110100001011000010000001100010011101010111010000100000011011100110111101110100
110001101110101011101000010000001100001011100000110000101110010011101000010000001101111011011100010000001110100011010000110010100100000011101010111000001110000011001010111001000100000011100110110100101100100011001010010110000100000011100100111010101100010001000000110100101110100001000000111011101100101011011000110110000100000011101110110100101110100011010000010000001110011011000010110110001110100001011100010000001001110011001010111100001110100001000000110010001100001011110010010000001110010011001010110110101101111011101100110010100100000011101000110100001100101
110001001110010011010010110111001100101001011000010000001100001011011100110010000100000011100110110000101101100011101000010000001101001011101000010000001100001011001110110000101101001011011100011101100100000011101000110100001100101001000000110011001101111011011000110110001101111011101110110100101101110011001110010000001100100011000010111100100100000011000110110111101110110011001010111001000100000011101000110100001100101001000000110100001100101011000010110010000100000011101110110100101110100011010000010000001101000011000010110110001100110001000000110000101101110
11011110111010101101110011000110110010100100000011011110110011000100000011100110110000101101100011101000111000001100101011101000111001001100101001011000010000001110100011101110110111100100000011011110111010101101110011000110110010101110011001000000110111101100110001000000110001001100001011110010010000001110011011000010110110001110100001011000010000001100001001000000110110001101001011101000111010001101100011001010010000001100011011011110110110101101101011011110110111000101100001000000110000101101110011001000010000001100110011011110111010101110010
1101111011101010110111001100011011001010111001100100000011011110110011000100000011000110110111101100001011100100111001101100101011100110111010000100000011100110111010101100111011000010111001000101110001000000100110001100101011101000010000001110100011010000110010100100000011010000110010101100001011001000010000001100010011001010010000001101111011001100111010001100101011011100010000001110100011101010111001001101110011001010110010000101110001000000100100101101110001000000111010001110111011001010110110001110110011001010010000001100100011000010111100101110011
1110011011011010110111101101011011001010010000001100110011011110111001000100000011000010010000001110111011001010110010101101011001000000110110001101001011010110110010100100000011000100110000101100011011011110110111000101110
1011111010101000110111100100000011001000111001001100101011100110111001100100000010010000110000101101101011100110010111001011111
1001001011001100010000001101100011011110110111001100111001000000110100001110101011011100110011100101100001000000111000001110101011101000010000001110100011010000110010100100000011010000110000101101101001000000110100101101110011101000110111100100000011101110110000101110100011001010111001000100000011000010010000001101110011010010110011101101000011101000010110000100000011000010110111001100100001000000110010101101001011101000110100001100101011100100010000001100100011010010110011100100000011000010010000001101000011011110110110001100101001000000110100101101110
11101000110100001100101001000000110010101100001011100100111010001101000001011000010000001101111011100100010000001101100011001010111010000100000011010010111010000100000011011000110100101100101001000000110111101101110001000000110010001100001011011010111000000100000011100110111010001101111011011100110010101110011001011000010000001110011011100000111001001101001011011100110101101101100011001010110010000100000011101110110100101110100011010000010000001110111011000010111010001100101011100100010000001110100011011110010000001101101011001010110110001101100011011110111011100101100
11101000111011101101111001000000110111101110010001000000111010001101000011100100110010101100101001000000110010001100001011110010111001100101100001000000110001101101111011101100110010101110010011010010110111001100111001000000110100101110100001000000111011101101001011101000110100000100000011000010010000001101000011001010110000101110110011110010010000001110100011101010110001000101100001000000111010001101111001000000110101101100101011001010111000000100000011101100110010101110010011011010110100101101110001000000110011001110010011011110110110100100000011010010111010000101110
1010111011000010111001101101000001000000110100101110100001000000111011101100101011011000110110000101100001000000110000101101110011001000010000001110000011101010111010000100000011010010111010000100000011010010110111001110100011011110010000001100001001000000110001001101111011010010110110001100101011100100010000001110111011010010111010001101000001000000111000001101100011001010110111001110100011110010010000001101111011001100010000001110111011000010111010001100101011100100010111000100000010011000110010101110100001000000110100101110100
11100110110100101101101011011010110010101110010001000000110011001101111011101010111001000101100001000000110011001101001011101100110010100101100001000000110111101110010001000000111001101101001011110000010000001101000011011110111010101110010011100110010110000100000011000010110001101100011011011110111001001100100011010010110111001100111001000000111010001101111001000000111010001101000011001010010000001110011011010010111101001100101001011100010000001010111011010000110010101101110
111001101110101011001100110011001101001011000110110100101100101011011100111010001101100011110010010000001100100011011110110111001100101001011000010000001101001011001100010000001100010011001010110011001101111011100100110010100100000011101000110100001100101001000000111010001101001011011010110010100100000011011110110011000100000011100110110010101110010011101100110100101101110011001110010110000100000011000110110111101110110011001010111001000100000011010010111010000100000011101110110100101110100011010000010000001100001001000000110001101101100011001010110000101101110
1100011011011000110111101110100011010000010000001100100011011110111010101100010011011000110010101100100001011000010000001100001011011100110010000100000011010110110010101100101011100000010000001110100011010000110010100100000011001000110100101110011011010000010000001101000011011110111010000100000011011110111011001100101011100100010000001100010011011110110100101101100011010010110111001100111001000000111011101100001011101000110010101110010001011100010000001010010011001010110110101101111011101100110010100100000011101000110100001100101
11100110110101101101001011011100010110000100000011000010110111001100100001000000111001101110100011100100110010101110111001000000111001001100001011100110111000001101001011011100110011101110011001000000110111101110110011001010111001000100000011101000110100001100101001000000110100001100001011011010010111000100000010001110110000101110010011011100110100101110011011010000010000001110111011010010111010001101000001000000110001101100001011100100111001001101111011101000010111000100000010100000111001001100101011100110110010101110010011101100110010100100000011101000110100001100101
11100110110101101101001011011100010000001100001011100110010000001110111011010000110111101101100011001010010000001100001011100110010000001110000011011110111001101110011011010010110001001101100011001010010110000100000011101000110111100100000011010110110010101100101011100000010000001101111011101100110010101110010001000000111010001101000011001010010000001101000011000010110110100100000011101110110100001100101011011100010000001100011011011110110110001100100001011000010000001110111011010000110100101100011011010000010000001110111011010010110110001101100
1110000011100100110010101110110011001010110111001110100001000000110100101110100011100110010000001100100011100100111100101101001011011100110011100101110
10111110101010001101000011001010010000001101101011000010110111001101110011001010111001000100000011011110110011000100000011000110111010101110010011010010110111001100111001000000101011101101001011011000111010001110011011010000110100101110010011001010010000001000010011000010110001101101111011011100010111001011111
1010011011100000111001001101001011011100110101101101100011001010010000001100101011000010110001101101000001000000110011001101100011010010111010001100011011010000010000001110111011010010111010001101000001000000111001101100001011011000111010000101100001000000110000101101110011001000010000001101100011001010111010000100000011101000110100001100101001000000110001001101100011011110110111101100100001000000110010001110010011000010110100101101110001000000110111101100110011001100010000001100110011011110111001000100000011101000111011101100101011011100111010001111001
11001100110111101110101011100100010000001101000011011110111010101110010011100110011101100100000011101000110100001100101011011100010000001101101011010010111100000100000011011110110111001100101001000000111000001101111011101010110111001100100001000000110000101101110011001000010000001100001001000000110100001100001011011000110011000100000011011110110011000100000011000110110111101100001011100100111001101100101001000000111001101110101011001110110000101110010001011000010000001