101110001000000100100101101110001000000111010001110111011011110010000001101111011100100010000001110100011010000111001001100101011001010010000001101000011011110111010101110010011100110010000001101001011101000010000001110111011010010110110001101100001000000110001001100101001000000111000101110101011010010111010001100101
111010001100101011011100110010001100101011100100010110000100000011101000110100001100101011011100010000001110011011001010111001001110110011001010010000001110111011010010111010001101000001000000110100101110100011100110010000001101111011101110110111000100000011001110111001001100001011101100111100100101110
101111101000010011001010110010101100110001000000100001101101111011011000110110001101111011100000010111001011111
100001101110101011101000010000001110100011010000110100101101110001000000111001101101100011010010110001101100101011100110010000001101111011001100010000001100010011001010110010101100110001000000110011001110010011011110110110100100000011101000110100001100101001000000111001001110101011011010111000000100000011011110111001000100000011011110111010001101000011001010111001000100000011101000110010101101110011001000110010101110010001000000111000001100001011100100111010001110011001011000010000001100001011011100110010000100000011001000110100101110110011010010110010001100101
11101000110100001100101011011010010000001101001011011100010000001110000011010010110010101100011011001010111001100100000011101000110100001110010011001010110010100100000011010010110111001100011011010000110010101110011001000000110110001101111011011100110011100111010001000000110001001100101011000010111010000100000011101110110100101110100011010000010000001110100011010000110010100100000011000100110110001100001011001000110010100100000011011110110011000100000011000010010000001101011011011100110100101100110011001010010110000100000011000010110111001100100
1100110011011000110111101110101011100100010000001110100011010000110010101101101001011100010000001000110011100100111100100100000011101000110100001100101001000000110001101101111011011000110110001101111011100000111001100100000011100010111010101101001011000110110101100100000011010010110111000100000011000100111010101110100011101000110010101110010001000000111010001110111011011110010000001101101011010010110111001110101011101000110010101110011001110110010000001110100011010000110010101101110001000000110110001100001011110010010000001110100011010000110010101101101
110100101101110001000000110000100100000011100110110110101100001011011000110110000100000011100110111010001100101011101110111000001100001011011100010110000100000011000010110111001100100001000000110001101101111011101100110010101110010001000000111011101101001011101000110100000100000011000010010000001110000011010010110111001110100001000000110111101100110001000000110011101110010011000010111011001111001001110100010000001100001011001000110010000100000011000010010000001100010011010010111010000100000011011110110011000100000011000100111010101110100011101000110010101110010
111001001110101011000100110001001100101011001000010000001101001011011100010000001100110011011000110111101110101011100100010110000100000011100000110010101110000011100000110010101110010001011000010000001110011011000010110110001110100001011000010000001110100011010000110010100100000011011000110010101100001011100110111010000100000011000100110100101110100001000000110111101100110001000000111001101101000011000010110110001101111011101000010000001110011011010000111001001100101011001000010000001100001011100110010000001100110011010010110111001100101001000000110000101110011
11100000110111101110011011100110110100101100010011011000110010100101100001000000110100001100001011011000110011000100000011000010010000001110111011000010110110001101110011101010111010000101100001000000110011001101111011101010111001000100000011100110110110101100001011011000110110000100000011100000110100101100011011010110110110001100101011001000010000001100011011101010110001101110101011011010110001001100101011100100111001100101100001000000110000101101110011001000010000001100001001000000111010001100101011000010111001101110000011011110110111101101110011001100111010101101100
1101111011001100010000001100011011000010111000001100101011100100111001100100000011000110111010101110100001000000111001101101101011000010110110001101100001011100010000001001111011000100111001101100101011100100111011001100101001000000110100101110100001000000110010001101111011001010111001100100000011011100110111101110100001000000110001001101111011010010110110000111011001000000110000101101110011001000010000001110011011001010111001001110110011001010010000001110100011010000110010100100000011100110111010001100101011101110010000001101001011011100010000001100001
1110110011001010111001001111001001000000110100001101111011101000010000001100011011011110111011001100101011100100110010101100100001000000110010001101001011100110110100000101110
101111101000010011001010110010101100110011100110111010001100101011000010110101100100000010100000111010101100100011001000110100101101110011001110010111001011111
10100000111001001100101011100000110000101110010011001010010000001110011011011110110110101100101001000000110011001101001011011100110010100100000011100110111010001100101011000010110101101110011001000000110000101110011001000000110000101100010011011110111011001100101001110100010000001110010011011110110110001101100001000000111010001101000011001010110110100100000011101110110100101110100011010000010000001100110011000010111010000100000011000100110010101110100011101110110010101100101011011100010110000100000011000010110111001100100001000000110100101100110
1111001011011110111010100100000011000010111000001110000011100100110111101110110011001010010000001011111011100110110100001110010011001010110010001011111001000000110111101101110011010010110111101101110001011000010000001100001011001000110010000100000011000010010000001110110011001010111001001111001001000000110110001101001011101000111010001101100011001010010111000100000010011000110000101111001001000000110000100100000011100000110000101110011011101000110010100100000011011110110011000100000011100110111010101100101011101000010000001101001011011100010000001100001
1100010011000010111001101101111011011100010110000100000011000010110111001100100001000000111000001110101011101000010000001101001011011100010000001110100011010000110010100100000011100100110111101101100011011000110010101110010011100110010000001101111011001100010000001110011011101000110010101100001011010110111001100111010001000000110001101101111011101100110010101110010001000000111010001101000011001010010000001100010011000010111001101101111011011100010000001110111011010010111010001101000001000000110000100100000011100000110000101110011011101000110010100101100
11000010110111001100100001000000111000001101001011011100110001101101000001000000111010001101000011001010010000001100101011001000110011101100101011100110010000001110100011011110010000001101011011001010110010101110000001000000111010001101000011001010010000001100111011100100110000101110110011110010010000001101001011011100010111000100000010000110110111101110110011001010111001000100000011101110110100101110100011010000010000001100001001000000110001101101100011011110111010001101000001000000111010001101001011001010110010000100000011000110110110001101111011100110110010100101100
1100001011011100110010000100000011011000110010101110100001000000111010001101000011001010010000001110000011101010110010001100100011010010110111001100111001000000110001001101111011010010110110000100000011100110110110001101111011101110110110001111001001011000010000001100010011101010111010000100000011001100110111101110010001000000110000100100000011011000110010101101110011001110111010001101000001000000110111101100110001000000111010001101001011011010110010100101110
1011111010000100110010101100101011001100111001101110100011001010110000101101011001000000101000001101001011001010010111001011111
10100000111001001100101011100000110000101110010011001010010000001110100011010000110010100100000011100110111010001100101011000010110101101110011001000000110000101110011001000000110000101100010011011110111011001100101001011000010000001100001011011100110010000100000011101110110100001100101011011100010000001110011011001010110000101110011011011110110111001100101011001000010000001100001011011100110010000100000011100100110111101101100011011000110010101100100001000000111011101101001011101000110100000100000011001100110000101110100001000000110100101101110
110010101100001011000110110100000101100001000000111000001110101011101000010000001110100011010000110010101101101001000000110100101101110001000000110000100100000011001000110100101110011011010000010110000100000011101110110100101110100011010000010000001110000011101010110011001100110001000000111000001100001011100110111010001100101001000000111001001101111011101010110111001100100001000000111010001101000011001010010000001100101011001000110011101100101011100110010111000100000010100000111010101110100001000000110000100100000011011000110100101110100011101000110110001100101
111011101100001011101000110010101110010001000000110100101101110001000000111010001101000011001010010000001100100011010010111001101101000001011000010000001100001011011100110010000100000011000110110111101110110011001010111001000100000011010010111010000100000011101110110100101110100011010000010000001100001001000000110011101101111011011110110010000100000011000110111001001110101011100110111010000101110
101111101000010011000010110101101100101011001000010000001000010011001010110010101100110011100110111010001100101011000010110101100100000010100000111010101100100011001000110100101101110011001110010111001011111
100110101100001011010110110010100100000011000010010000001100010011000010111010001110100011001010111001000100000011011110110011000100000011011010110100101101100011010110010110000100000011101000111011101101111001000000110010101100111011001110111001100101100001000000110000101101110011001000010000001100110011011000110111101110101011100100010110000100000011011110111001000100000011101110110100001101001011000110110100000100000011010010111001100100000011011010111010101100011011010000010000001100010011001010111010001110100011001010111001000101100
111000001101111011101000110000101110100011011110110010101110011001000000110001001101111011010010110110001