00100000011010010111010000100000011000100110111101101001011011000111001100101100001000000111000001110101011101000010000001101001011011100010000001110100011010000110010100100000011000010110001001101111011101100110010100111011001000000110110101101001011011000110110000100000011010010111010000100000011011110110011001100110001000000111010001101000011001010010000001100110011010010111001001100101001000000111010101101110011101000110100101101100
111000101110101011010010111010001100101001000000110110101100101011011000111010001100101011001000010110000100000011101000110100001100101011011100010000001101111011011100010000001100001001000000110011101100101011011100111010001101100011001010010000001100110011010010111001001100101001000000111010001101001011011000110110000100000011010010111010000100000011000100110111101101001011011000011101100100000011100000110111101110101011100100010000001101001011101000010000001101001011011100111010001101111001000000110000100100000011000100110000101110011011011110110111000101100
11000010110111001100100001000000110100101110100001000000111011101101001011011000110110000100000011010110110010101100101011100000010000001101001011011100010000001100001001000000110001101101111011011110110110000100000011100000110110001100001011000110110010100100000011001010110100101100111011010000111010000100000011011110111001000100000011101000110010101101110001000000110010001100001011110010111001100101100001000000110111101110010001000000110110101101111011100100110010100101110001000000101011101101000011001010110111000100000011101110110000101101110011101000110010101100100
1110000011101010111010000100000011000010010000001110011011100000110111101101111011011100110011001110101011011000010000001101111011100100010000001110100011101110110111100100000011010010110111001110100011011110010000001101101011010010110110001101011001011000010000001100010011011110110100101101100001000000110100101110100001000000111011101101001011101000110100000100000011100110111010101100111011000010111001000101100001000000110000101101110011001000010000001101101011010010110110001101100001000000110100101110100001000000111011101100101011011000110110000101110
10101000110100001101001011100110010110000100000011010010110011000100000011011100110111101110100001000000110110101100001011001000110010100100000011101000110100001101001011000110110101100101100001000000110100101110011001000000110000100100000011101100110010101110010011110010010000001100111011011110110111101100100001000000110001001110010011001010110000101101011011001100110000101110011011101000010000001101111011100100010000001110011011101010111000001110000011001010111001000101110
101111101010100011011110010000001101101011000010110101101100101001000000100001101101111011001100110011001100101011001010010111001011111
1010000011101010111010000100000011101000111011101101111001000000110111101110101011011100110001101100101011100110010000001101111011001100010000001100110011100100110010101110011011010000010000001100111011100100110111101110101011011100110010000100000011000110110111101100110011001100110010101100101001000000110111101100110001000000111010001101000011001010010000001100010011001010111001101110100001000000111000101110101011000010110110001101001011101000111100100100000011010010110111001110100011011110010000001100001
110001101101111011001100110011001100101011001010111000001101111011101000010110000100000011000010110111001100100001000000111000001101111011101010111001000100000011001010110100101100111011010000111010000100000011000110110111101100110011001100110010101100101001000000110001101110101011100000111001100100000011011110110011000100000011000100110111101101001011011000110100101101110011001110010000001110111011000010111010001100101011100100010000001101111011011100010000001101001011101000011101100100000011011000110010101110100001000000110100101110100
11000100110111101101001011011000010000001110011011010010111100000100000011011010110100101101110011101010111010001100101011100110010110000100000011100000110111101110101011100100010000001101111011101010111010000100000011000010010000001100011011101010111000001100110011101010110110000100000011101000111011101101111001000000110111101110010001000000111010001101000011100100110010101100101001000000111010001101001011011010110010101110011001011000010000001100001011011100110010000100000011100100110010101110100011101010111001001101110001000000110100101110100
11000010110011101100001011010010110111000111011001000000111010001101000011001010110111000100000011100000111010101110100001000000111010001110111011011110010000001101111011100100010000001110100011010000111001001100101011001010010000001101001011100110110100101101110011001110110110001100001011100110111001100100000011000110110100001101001011100000111001100100000011010010110111001110100011011110010000001101001011101000010110000100000011000010110111001100100001000000111000001101111011101010111001000100000011011110110111001100101001000000110110001100001011100100110011101100101
111001101110000011011110110111101101110011001100111010101101100001000000110111101100110001000000110001001101111011010010110110001101001011011100110011100100000011101110110000101110100011001010111001000100000011011110110111000100000011010010111010000111011001000000110001001101111011010010110110000100000011010010111010000100000011001100110100101110110011001010010000001101101011010010110111001110101011101000110010101110011001000000110110101101111011100100110010100101100001000000110000101101110011001000010000001110011011001010111010000100000011101000110100001100101
1110000011011110111010000100000011000100111100100100000011101000110100001100101001000000110011001101001011100100110010100100000011101000110111100100000011010110110010101100101011100000010000001101000011011110111010000100000011001100110111101110010001000000111010001100101011011100010000001101101011010010110111001110101011101000110010101110011001011000010000001100001011011100110010000100000011110010110111101110101001000000111011101101001011011000110110000100000011010000110000101110110011001010010000001100011011011110110011001100110011001010110010100101100
1101111011001100010000001100001001000000110001001100101011000010111010101110100011010010110011001110101011011000010000001100011011011000110010101100001011100100110111001100101011100110111001100101110
10001100110100101101110011001010010000001100011011100100110010101100001011011010010000001110011011010000110111101110101011011000110010000100000011000010110110001110111011000010111100101110011001000000110001001100101001000000111001101100101011100100111011001100101011001000010000001110111011010010111010001101000001000000110001101101111011001100110011001100101011001010010110000100000011000010110111001100100001000000110010101101001011101000110100001100101011100100010000001110000011011110111010101101110011001000110010101100100
111001101110101011001110110000101110010011000110110000101101110011001000111100100100000011011110111001000100000011001100110100101101110011001010010000001001100011010010111001101100010011011110110111000100000011100110111010101100111011000010111001000101110
1001001011001100010000001100110011011110111001000100000011001100110111101110010011001010110100101100111011011100110010101110010011100110010110000100000011011110111001000100000011101000110100001101111011100110110010100100000011101110110100001101111001000000110110001101001011010110110010100100000011010010111010000100000011001010111100001110100011100100110010101101101011001010110110001111001001000000111001101110100011100100110111101101110011001110010110000100000011011010110000101101011011001010010000001101111011011100110110001111001
11001010110100101100111011010000111010000100000011001000110100101110011011010000110010101110011001000000110011001110010011011110110110100100000011101000110100001110010011001010110010100100000011011110111010101101110011000110110010101110011001011100010000001001001011001100010000001101110011011110111010000100000011001100111001001100101011100110110100000100000011100100110111101100001011100110111010001100101011001000010110000100000011011000110000101111001001000000110100101110100001000000110001001100101011001100110111101110010011001010010000001100001
110011001101001011100100110010100100000011101010110111001110100011010010110110000100000011100000110010101110010011001100110010101100011011101000110110001111001001000000110100001101111011101000010000001100001011011100110010000100000011001000111001001111001001110110010000001101111011100100010000001111001011011110111010100100000011011010110000101111001001000000111000001110101011101000010000001110100011010000110010100100000011100110110110101100001011011000110110001100101011100110111010000100000011000100110100101110100001000000110111101100110
110011001110010011001010111001101101000001000000110001001110101011101000111010001100101011100100010000001101001011011100111010001101111001000000110000100100000011100000111001001100101011100110110010101110010011101100110100101101110011001110010000001110000011000010110111000100000011011110110011000100000011000010010000001110011011011010110000101101100011011000010000001110011011010010111101001100101001011000010000001100001011011100110010000101100001000000111011101101000011001010110111000100000011010000110111101110100001000000111010001101000011100100110111101110111
1110100011010000110010100100000011000110110111101100110011001100110010101100101001000000110100101101110001000000110100101110100001011000010000001100001011011100110010000100000011101000110111101110011011100110010000001101001011101000010000001100001011000100110111101110101011101000010000001110101011011100111010001101001011011000010000001101001011101000010000001100010011001010010000001100110011100100110010101110011011010000110010101101110011001010110010000101110
101111101000011011011110110011001100110011001010110010100100000010011010110100101101100011010110010111001011111
10000100110111101101001011011000010000001100001001000000110010001100101011100110111001101100101011100100111010000100000011100110111000001101111011011110110111001100110011101010110110000100000011011110110011000100000011001110111001001101111011101010110111001100100001000000110001101101111011001100110011001100101011001010010110000100000011010010110111000100000011011100110010101100001011100100110110001111001