100000011010010110111000100000011000010010000001101100011000010111001001100111011001010010000001110011011100000110111101101111011011100110011001110101011011000010000001101111011001100010000001100110011011000110111101110101011100100010110000100000011011010110100101111000011001010110010000100000011101110110100101110100011010000010000001101000011000010110110001100110001000000110000101101110001000000110111101110101011011100110001101100101001000000110111101100110
11000110111010101110010011100100111100100100000011100000110111101110111011001000110010101110010001110100010000001110011011011000110100101100011011001010010000001110100011101110110111100100000011011110111001000100000011101000110100001110010011001010110010100100000011011110110111001101001011011110110111001110011001011000010000001100001011011100110010000100000011001100111001001111001001000000110100101101110001000000110001001110101011101000111010001100101011100100010110000100000011011110110011000100000011000010010000001100110011010010110111001100101
110110001101001011001110110100001110100001000000110001001110010011011110111011101101110001110110010000001110100011010000110010101101110001000000110000101100100011001000010000001110100011010000110010100100000011011010110010101100001011101000010110000100000011000010110111001100100001000000110011001110010011110010010000001100001011011000111010001101111011001110110010101110100011010000110010101110010001011000010000001110101011011100111010001101001011011000010000001110100011010000110010100100000011011000110000101110100011101000110010101110010
110001001100101011001110110100101101110001000000111010001101111001000000110001001110010011011110111011101101110001110110010000001110100011010000110010101101110001000000111000001110101011101000010000001101001011011100111010001101111001000000110000100100000011100110111010001100101011101110111000001100001011011100010110000100000011000010110111001100100001000000111000001101111011101010111001000100000011000100110111101101001011011000110100101101110011001110010000001110111011000010111010001100101011100100010000001101111011101100110010101110010001000000111010001101111
110001101101111011101100110010101110010001011100010000001001100011001010111010000100000011010010111010000100000011100110110100101101101011011010110010101110010001000000111011001100101011100100111100100100000011001110110010101101110011101000110110001111001001000000111010001110111011011110010000001101111011100100010000001110100011010000111001001100101011001010010000001101000011011110111010101110010011100110010000001110101011011100111010001101001011011000010000001110001011101010110100101110100011001010010000001110100011001010110111001100100011001010111001000101110
100100101100110001000000111010001101111011011110010000001110100011010000110100101100011011010110010110000100000011100000111010101110100001000000110110101101111011100100110010100100000011101110110000101110100011001010111001000100000011010000110000101101100011001100010000001100001011011100010000001101000011011110111010101110010001000000110001001100101011001100110111101110010011001010010000001101001011101000010000001100010011001010010000001110011011001010111001001110110011001010110010000101110
1000100011100100110010101110011011100110110010101100100001000000110011001101111011101110110110000100000011011110111001000100000011011010110010101100001011101000010000001101101011000010111100100100000011000100110010100100000011001000110111101101110011001010011101100100000011000100111010101110100001000000111010001101000011001010010000001100011011101010111001001110010011110010010000001110111011010010110110001101100001000000110001001100101001000000110001001100101011101000111010001100101011100100010000001101101011000010110010001100101001000000110111101100110
11001100111001001100101011100110110100000101110
10111110100011101110010011011110111010101110011011001010010111001011111
10000010111001001100101001000000111010001101111001000000110001001100101001000000111001001101111011000010111001101110100011001010110010000100000011011000110100101101011011001010010000001100110011011110111011101101100011100110011101100100000011000100111010101110100001000000111010001101000011001010110100101110010001000000110100001100101011000010110010001110011001000000111010001110111011010010111001101110100011001010110010000100000011101010110111001100100011001010111001000100000011101000110100001100101001000000111011101101001011011100110011100101100
11000010110111001100100001000000111001101100101011100100111011001100101011001000010000001110111011010010111010001101000001000000110011101110010011000010111011001111001001011000010000001100001011011100110010000100000011000100111001001100101011000010110010000100000011100110110000101110101011000110110010100101100001000000110111101110010001000000111011101101001011101000110100000100000011100110110000101110101011000110110010100100000011001100110111101110010001000000111011101101001011011000110010000100000011001100110111101110111011011000010111000100000010100110110010101100101
1010011011000010111010101100011011001010111001100101110
10111110101010001101111001000000111000001101111011101000010000001000111011100100110111101110101011100110110010100101100001000000110111101110010001000000100110101101111011011110111001000100000010001110110000101101101011001010010111001011111
10100000110100101100011011010110010110000100000011100110110100101101110011001110110010100101100001000000110000101101110011001000010000001110111011000010111001101101000001000000111010001101000011001010110110100100000011101100110010101110010011110010010000001100011011011000110010101100001011011100011101100100000011101000110100001100101011011100010000001110010011101010110001000100000011101000110100001100101011011010010000001101001011011100111001101101001011001000110010100100000011000010110111001100100001000000110111101110101011101000010000001110111011010010111010001101000
1100001001000000110100001101001011001110110100000100000011100110110010101100001011100110110111101101110011010010110111001100111001000000110111101100110001000000111001101100001011011000111010000101100001000000111000001100101011100000111000001100101011100100010110000100000011011010110000101100011011001010010110000100000011011100111010101110100011011010110010101100111001011000010000001100001011011100110010000100000011000010110110001101100011100110111000001101001011000110110010100101110001000000100110001100001011110010010000001110100011010000110010101101101
11010010110111000100000011000010111001100100000011100110110110101100001011011000110110000100000011000010010000001110000011011110111010000100000011000010111001100100000011101110110100101101100011011000010000001101000011011110110110001100100001000000111010001101000011001010110110100111010001000000110001101101111011101100110010101110010001000000111010001101000011001010110110100100000011101110110100101110100011010000010000001100010011101010111010001110100011001010111001000101100001000000110000101101110011001000010000001100010011000010110101101100101
11101000110100001100101011011010010000001101001011011100010000001100001001000000111001101101100011011110111011100100000011011110111011001100101011011100010111000100000010101110110100001100101011011100010000001100011011011110110110001100100001011000010000001110100011000010110101101100101001000000110111101100110011001100010000001110100011010000110010100100000011000100111010101110100011101000110010101110010001011000010000001101101011011110111011001100101001000000111010001101000011001010010000001100010011010010111001001100100011100110010000001100110011100100110111101101101
11101000110100001100101001000000110011101110010011000010111011001111001001011000010000001100100011100100111100100101100001000000110000101101110011001000010000001110000011101010111010000100000011101000110100001100101011011010010000001101001011011100111010001101111001000000111000001101111011101000111001100100000011101000110100001100001011101000010000001110111011010010110110001101100001000000110101001110101011100110111010000100000011001100110100101110100001000000110111101101110011001010010000001101111011100100010000001110100011101110110111100111011
1110100011010000110010100100000011001100110111101110010011011010110010101110010001011000010000001110111011010000110010101110010011001010010000001110100011010000110010101110010011001010010000001100001011100100110010100100000011011100110111101110100001000000110110101100001011011100111100100101110001000000100110101100101011011000111010000100000011101000110100001100101001000000110011001101111011100100110110101100101011100100010000001100010011101010111010001110100011001010111001000100000011101110110100101110100011010000010000001110011011011110110110101100101
110110101101111011100100110010100101100001000000111001101101111001000000110000101110011001000000111010001101111001000000110001101101111011011010111000001101100011001010111010001100101011011000111100100100000011000110110111101110110011001010111001000100000011101000110100001100101001000000110001001101001011100100110010001110011001110100010000001100010011101010111010000100000011101000110000101101011011001010010000001100011011000010111001001100101001000000110111001101111011101000010000001110100011011110010000001101111011010010110110000100000011010010111010000101110
1000100011011110010000001101110011011110111010000100000011011000110010101110100001000000110100101110100001000000110001001100101001000000111010001101111011011110010000001101000011011110111010000101110
1011111010101000110111100100000011100100110111101100001011100110111010000100000010101110110100101100100011001110110010101101111011011100010110000100000010001000111010101100011011010110010110000100000010101000110010101100001011011000010110000100000011011110111001000100000010011010110111101101111011100100110100001100101011011100010111001011111
1010100011010000110010100100000011001100110110001100001011101100110111101110101011100100010000001101001011100110010000001100010011001010111001101110100001000000111000001110010011001010111001101100101011100100111011001100101011001000010000001110111011010010111010001101000011011110111010101110100001000000111001101110100011101010110011001100110011010010110111001100111001110110010000001100010011101010111010000100000011100000111010101110100001000000111001101