100000011010010111010000100000011010010110111000101110001000000100100101100110001000000110110101100001011000110110000101110010011011110110111001101001001000000110111101110010
1110110011001010111001001101101011010010110001101100101011011000110110001101001001000000110001001100101001000000111001101100101011100100111011001100101011001000010110000100000011101000110100001100101011110010010000001110011011010000110111101110101011011000110010000100000011000100110010100100000011000100110111101101001011011000110010101100100001000000110100101101110001000000111010001101000011001010010000001110011011011110111010101110000001011000010000001100001011011100110010000100000011101000110100001100101
111010001101000011010010110001101101011011001010110111001101001011011100110011100100000011000100110010100100000011100110111010001110010011000010110100101101110011001010110010000100000011000010110011001110100011001010111001000100000011000100110010101101001011011100110011100100000011011010110100101111000011001010110010000100000011101110110100101110100011010000010000001100001001000000111000001100001011100100111010000101110001000000100000100100000011100110110110101100001011011000110110000100000011100100110000101110011011100000110010101100100
1110010011011110110110001101100001000000110110101100001011110010010000001100010011001010010000001110000011101010111010000100000011010010110111000101110
100100101101110011100110111010001100101011000010110010000100000011011110110011000100000011101000110100001100101001000000110001101110010011001010110000101101101001000000111010001101000011010010110001101101011011001010110111001101001011011100110011100101100001000000110000101110011001000000110000101100010011011110111011001100101001011000010000001100111011100100110111101110101011011100110010000100000011100100110100101100011011001010010110000100000011000010110111001100100001000000110000100100000011011000110100101110100011101000110110001100101
11000110111001001100101011000010110110100100000011011010110000101111001001000000110001001100101001000000111010101110011011001010110010000101110
101111101000001001000000111000001101100011000010110100101101110011001010111001000100000010101110110100001101001011101000110010100100000010100110110111101110101011100000010111001011111
10011110110011000100000011000010010000001110011011011010110000101101100011011000010000001101011011011100111010101100011011010110110110001100101001000000110111101100110001000000111011001100101011000010110110000101100001000000111010001110111011011110010000001101111011100100010000001110100011010000111001001100101011001010010000001110000011010010110111001110100011100110010000001101111011001100010000001110011011011110111010101110000001000000110110101100001011110010010000001100010011001010010000001101101011000010110010001100101001011000010000001110111011010010111010001101000
11100110110010101100001011100110110111101101110011010010110111001100111001000000110000101110011001000000110001001100101011001100110111101110010011001010010110000100000011000010110111001100100001000000110001001101111011101000110100000100000011100110110010101110010011101100110010101100100001000000111010001101111011001110110010101110100011010000110010101110010001011000010000001110111011010010111010001101000001000000111010001101000011001010010000001100001011001000110010001101001011101000110100101101111011011100010000001101111011001100010000001100001
1110001011101010110000101110010011101000110010101110010001000000110111101100110001000000110000100100000011100000110100101101110011101000010000001101111011001100010000001100111011011110110111101100100001000000110110101101001011011000110101100101110
101111101000001011011100010000001100101011110000110001101100101011011000110110001100101011011100111010000100000010100110110111101110101011100000010111001011111
10000010010000001110011011000110111001001100001011001110010000001101111011100100010000001101011011011100111010101100011011010110110110001100101001000000110111101100110001000000111011001100101011000010110110000101100001000000111001101101100011010010110001101100101011100110010000001101111011001100010000001110101011011100110010001110010011001010111001101110011011001010110010000100000011001110110000101101101011011010110111101101110001011000010000001101111011011100110100101101111011011100111001100101100001000000110110101100001011000110110010100101100
1100001011011100110010000100000011000010010000001110011011011010110000101101100011011000010000001110001011101010110000101101110011101000110100101110100011110010010000001101111011001100010000001110111011000010111010001100101011100100010110000100000011100110110100101101101011011010110010101110010011001010110010000100000011101000110100101101100011011000010000001110110011001010111001001111001001000000111001101110100011100100110111101101110011001110010110000100000011000010110111001100100001000000110110001101111011101110110010101110010001000000110100101110100
11101110110100101110100011010000010000001100001001000000110011101101111011011110110010000100000011000100110010101100101011001100010000001100010011100100110111101110100011010000010000001101101011000010110010001100101001000000111010001101000011001010010000001100100011000010111100100100000011000100110010101100110011011110111001001100101001011000010000001100001011011100110010000100000011100110111010001100101011101110110010101100100001000000111010101101110011101000110100101101100001000000111010001101000011001010010000001101101011001010110000101110100001000000110100101110011
1100100011011110110111001100101001000000111010001101111001000000111001001100001011001110111001100101110001000000100000101100100011001000010000001100011011100100110010101100001011011010010110000100000011101100110010101110010011011010110100101100011011001010110110001101100011010010010110000100000011000010110110001101101011011110110111001100100011100110010000001100001011100110010000001100010011001010110011001101111011100100110010100101100001000000110000101101110011001000010000001100001001000000111001001101111011011000110110000101110
101111101000011011000010111001001110010011011110111010000100000010100110110111101110101011100000010111001011111
10100000111010101110100001000000111001101101111011011010110010100100000011000100110010101100101011001100010000001100010011011110110111001100101011100110010110000100000011101110110100101110100011010000010000001100110011011110111010101110010001000000111000101110101011000010111001001110100011100110010000001101111011001100010000001110100011010000110010100100000011011000110100101110001011101010110111101110010001000000110100101101110001000000111011101101000011010010110001101101000001000000110000100100000011011000110010101100111001000000110111101100110
11011010111010101110100011101000110111101101110001000000110111101110010001000000110001001100101011001010110011000100000011010000110000101110011001000000110001001100101011001010110111000100000011000100110111101101001011011000110010101100100001011000010000001110100011101110110111100100000011011000110000101110010011001110110010100100000011011110110111001101001011011110110111001110011001011000010000001101111011011100110010100100000011101000111010101110010011011100110100101110000001011000010000001110000011001010111000001110000011001010111001000100000011000010110111001100100
11100110110000101101100011101000010110000100000011010010110111001110100011011110010000001100001001000000111001101100001011101010110001101100101011100000110000101101110001011000010000001100001011011100110010000100000011100110111010001100101011101110010000001100110011011110111001000100000011101000110100001110010011001010110010100100000011010000110111101110101011100100111001100101110001000000100100001100001011101100110010100100000011100100110010101100001011001000111100100100000011100110110100101111000001000000110110001100001011100100110011101100101
1100011011000010111001001110010011011110111010001110011001011000010000001100011011101010111010000100000011101000110100001101001011011100010000001100001011001100111010001100101011100100010000001110100011010000110010101111001001000000110000101110010011001010010000001110011011000110111001001100001011100000110010101100100001110110010000001110011011101000111001001100001011010010110111000100000011101000110100001100101001000000111001101101111011101010111000000100000011011110110111000100000011101000110100001100101011011010010110000100000011000010110111001100100
11100110111010001100101011101110010000001110100011010010110110001101100001000000111001101101111011001100111010000100000011001010110111001101111011101010110011101101000001000000111010001101111001000000111000001110101011011000111000000100000011101000110100001110010011011110111010101100111011010000010000001100001001000000110100001100001011010010111001000100000011100110110100101100101011101100110010100100000011011110111001000100000011000110110111101100001011100100111001101100101001000000110001101101100011011110111010001101000001110100010000001110100011010000110010101101110
1100010011011110110100101101100001000000111010001101000011001010010000001110000011101010110110001110000001000000111011101101001011101000110100000100000011101000110100001100101001000000111001101101111011101010111000000111011001000000111011101101000011010010110001101101000001000000110100101110011001000000111010001101111001000000110001001100101001000000110000101110011001000000111010001101000011010010110001101101011001000000110000101110011001000000111000001100101011000010010000001110011011100110110111101110101011100000010111000100000010101010111001101100101
1110100011101110110111100100000011101110110111101101111011001000110010101101110001000000111001101110000011011110110111101101110011100110010000001110100011011110010000001110010011101010110001000100000011101000110100001100101001000000110001101100001011100100111001001101111011101000111001100100000011101000110100001110010011011110111010101100111011010000010111000100000010011010110000101101011011001010010000001110100011010000110010100100000011100110110111101110101011100000010000001110100011010000110010100100000011001000110000101111001
110001001100101011001100110111101110010011001010010000001101001011101000010000001101001011100110010000001110100011011110010000001100010011001010010000001110101011100110110010101100100001011100010000001