101011000010110010000100000011101000110100001110010011011110111010101100111011010000010000001110100011010000110010100100000011000100110111101110100011101000110111101101101011100110010110000100000011101000110100101101100011011000010000001110100011010000110010101111001001000000110000101110010011001010010000001101111011001100010000001110100011010000110010100100000011100110110100101111010011001010010000001101111011001100010000001100001001000000110100001101111011100000010111000100000010011000110000101111001
111011001101001011011100110010101101100011001010110000101110110011001010111001100100000011000010111010000100000011101000110100001100101001000000110001001101111011101000111010001101111011011010010000001101111011001100010000001100001001000000111010001101001011011100010000001110000011100100110010101110011011001010111001001110110011010010110111001100111011100000110000101101110001110100010000001100011011011110111011001100101011100100010000001110100011010000110010101101101001000000111011101101001011101000110100000100000011101000110100001100101
110100001101111011100000111001100101100001000000111010001101000011001010110111000100000011000010010000001101100011000010111100101100101011100100010000001101111011001100010000001101100011001010110000101110110011001010111001100101100001000000110000101101110011001000010000001110011011011110010000001101111011011100011101100100000011011000110000101111001001000000110000100100000011001110110111101101111011001000010000001101101011000010110111001111001001000000110111101101110001000000111010001101000011001010010000001110100011011110111000000101100
11101000110100001100101011011100010000001100110011010010110110001101100001000000111010001101000011001010010000001110000011000010110111000100000011101110110100101110100011010000010000001110111011000010111010001100101011100100010111000100000010100110111010001101111011100000010000001101001011101000010000001110011011011110010000001100011011011000110111101110011011001010010000001100100011011110111011101101110001000000111010001101000011000010111010000100000011011100110111100100000011100110111010001100101011000010110110100100000011000110110000101101110
110011101100101011101000010000001101111011101010111010000111010001000000111001101100101011101000010000001101001011101000010000001100010011110010010000001100001001000000111001101101100011011110111011100100000011001100110100101110010011001010010000001110100011010010110110001101100001000000111001101100011011000010110110001100100011010010110111001100111001000000110100001101111011101000011101100100000011101000110100001100101011011100010000001110100011000010110101101100101001000000110100101110100001000000110111101100110011001100010000001110100011010010110110001101100
11000110110111101101100011001000010110000100000011000010110111001100100001000000110010001101111001000000111001101101111001000000111010001101001011011000110110000100000011011110110111000100000011011110111000001100101011011100110100101101110011001110010000001110111011010000110100101101100011001010010000001100011011011110110110001100100001011000010000001110100011010000110010100100000011001110110111101101111011100110110010101100010011001010111001001110010011010010110010101110011001000000110000101110010011001010010000001101111011001100010000001100001
110011101101111011011110110010000100000011001110111001001100101011001010110111000101110001000000101010001101000011001010110111000100000011001000111001001100001011010010110111000100000011101000110100001100101011011010010000001101111011011100010000001110011011010010110010101110110011001010111001100101100001000000110000101101110011001000010000001101101011000010110101101100101001000000110000100100000011101000110100001101001011011100010000001110011011110010111001001110101011100000010000001101111011001100010000001100001001000000111000001101111011101010110111001100100
11011110110011000100000011100110111010101100111011000010111001000101100001000000111010001101111001000000110000100100000011100000110100101101110011101000010000001101111011001100010000001110111011000010111010001100101011100100010110000100000011000100110111101101001011011000010110000100000011000010110111001100100001000000111001101101011011010010110110100100000011010010111010000100000011101110110010101101100011011000011101100100000011101110110100001100101011011100010000001101000011000010110110001100110001000000110001101101111011011000110010000101100
11100000111010101110100001000000110100101101110001000000111010001101000011001010010000001100110011100100111010101101001011101000010110000100000011011100110010101111000011101000010000001100100011000010111100100100000011001110110100101110110011001010010000001101001011101000010000001101111011011100110010100100000011000100110111101101001011011000011101100100000011001000110111100100000011101000110100001101001011100110010000001110100011010000111001001101001011000110110010100101110001000000100100101100110001000000111010001101000011001010010000001101000011011110111000001110011
11000010111001001100101001000000111010001101111001000000110001001100101001000000110010001110010011010010110010101100100001011000010000001110111011010000110100101100011011010000010000001110111011000010111100100100000011101000110100001100101011110010010000001100101011000010111010000100000011000100110010101110011011101000010110000100000011000010110111001100100001000000110110001101111011011110110101100100000011101110110010101101100011011000010110000100000011101000110100001100101011110010010000001101101011000010111100100100000011000100110010100100000011100110110010101110100
11101000110111100100000011001000111001001111001001000000110100101101110001000000110000100100000011101110110010101100101011010110011101000100000011000100111010101110100001000000110100101100110001000000111010001101111001000000110001001100101001000000110101101100101011100000111010000100000011101110110010101110100001011000010000001101101011000010110101101100101001000000110000100100000011100110111100101110010011101010111000000100000011010010110111000100000011101000110100001100101001000000110000101100010011011110111011001100101
11100000111001001101111011100000110111101110010011101000110100101101111011011100111001100101100001000000110000101100100011001000110100101101110011001110010000001100001001000000111001101101100011010010110001101100101001000000110111101100110001000000110011101101001011011100110011101100101011100100010000001101001011011100010000001100010011011110110100101101100011010010110111001100111001110110010000001110111011010000110010101101110001000000111001101101011011010010110110101101101011001010110010000100000011000010110111001100100
11000110110110001100101011000010111001000101100001000000110011101101001011101100110010100100000011101000110100001100101001000000110011101101111011011110111001101100101011000100110010101110010011100100110100101100101011100110010000001101111011011100110010100100000011000100110111101101001011011000010110000100000011000010110111001100100001000000111011101101000011001010110111000100000011000110110111101101100011001000010110000100000011100000110111101110101011100100010000001101001011101000010000001101111011101100110010101110010001000000111010001101000011001010110110100101110
10010010110011000100000011101000110100001100101001000000110011001101001011100100111001101110100001000000111001101111001011100100111010101110000001000000110001001100101001000000110011001101111011101010110111001100100001000000111010001101111011011110010000001110011011011110111010101110010001011000010000001100001001000000110110001101001011101000111010001101100011001010010000001110011011101010110011101100001011100100010000001101101011000010111100100100000011000100110010100100000011000010110010001100100011001010110010000100000011000010110111001100100
11000100110111101101001011011000110010101100100001000000110100101101110001000000110100101110100001011000010000001100010011001010110011001101111011100100110010100100000011101000110100001100101001000000110100001101111011100000111001100100000011101000110100001100001011101000010000001100001011100100110010100100000011001100110111101110010001000000110010001110010011110010110100101101110011001110010110000100000011010000110000101110110011001010010000001110100011010000110010101101001011100100010000001101100011000010111001101110100001000000110001001101111011010010110110000101110
101010001101000011001010010000001100101011110000111010001110010011000010010000001110011011110010111001001110101011100000010000001110111011010010110110001101100001000000111001101100101011100100111011001100101001000000110011001101111011100100010000001110000011010010110010101110011001011000010000001101111011100100010000001100111011011110010000001110100011011110111011101100001011100100110010001110011001000000110111101110100011010000110010101110010001000000111001101110111011001010110010101110100011011010110010101100001011101000111001100101110
101111101000001001000000100001101100001011100100110110101100101011011000010000001000011011011110111011001100101011100100010000001100110011011110111001000100000010100110111011101100101011001010111010001101101011001010110000101110100011100110010111001011111
10001000110100101110011011100110110111101101100011101100110010100100000011001010110100101100111011010000111010000100000011011110111010101101110011000110110010101110011001000000110111101100110001000000110010001101111011101010110001001101100011001010010000001110010011001010110011001101001011011100110010101100100001000000111001101110101011001110110000101110010001000000110100101101110001000000111010001101000011100100110010101100101001000000110111101110010001000000110011001101111011101010111001000100000011100110111000001101111011011110110111001100110011101010110110001110011
1101111011001100010000001110111011000010111010001100101011100100010110000100000011000010110111001100100001000000111010001101000011100100110010101100101001000000110111101110010001000000110011001101111011101010111001000100000011001000111001001101111011100000111001100100000011011110110011000100000011011000110010101101101011011110110111001101010011101010110100101100011011001010011101100100000011101000110100001100101011011100010000001110000011101010111010000100000011010010111010000100000011010010110111001110100011011110010000001100001
1100011011011110111000001110