0000100000001000000010000000100000001000000010000000100000001000000010000000100000001000000010000000100000001000000010000000100000001000000010000000100000001000000010000000100000001000000010000000100000001000000010000000100000001000000010000000100000001000000010000000100000001000000010000000100000001000000010000000100000001000000010000000100000001100010011001100110001
100011001101111011100100110001101100101011011010110010101100001011101000010000001100110011011110111001000100000010100000110000101110100011101000110100101100101011100110010110000100000010000100110000101101100011011000111001100101100001000000110111101110010001000000111001101110100011101010110011001100110011010010110111001100111001011000010000000100000001000000010000000100000001000000010000000100000001000000010000000100000001000000010000000100000001000000010000000100000001000000010000000100000001000000010000000100000001000000010000000100000001100010011001100110010
101000001100001011100110111010001110010011110010010110000100000001000000010000000100000001000000010000000100000001000000010000000100000001000000010000000100000001000000010000000100000001000000010000000100000001000000010000000100000001000000010000000100000001000000010000000100000001000000010000000100000001000000010000000100000001000000010000000100000001000000010000000100000001000000010000000100000001000000010000000100000001000000010000000100000001000000010000000100000001000000010000000100000001000000010000000100000001100010011001100110011001000000111010001101111
1100010011010000110001
101000001110101011001000110010001101001011011100110011101110011001011000010000000100000001000000010000000100000001000000010000000100000001000000010000000100000001000000010000000100000001000000010000000100000001000000010000000100000001000000010000000100000001000000010000000100000001000000010000000100000001000000010000000100000001000000010000000100000001000000010000000100000001000000010000000100000001000000010000000100000001000000010000000100000001000000010000000100000001000000010000000100000001000000010000000100000001100010011010000110010001000000111010001101111
1100010011010100111001
101001101110111011001010110010101110100001000000100010001101001011100110110100001100101011100110010110000100000001000000010000000100000001000000010000000100000001000000010000000100000001000000010000000100000001000000010000000100000001000000010000000100000001000000010000000100000001000000010000000100000001000000010000000100000001000000010000000100000001000000010000000100000001000000010000000100000001000000010000000100000001000000010000000100000001000000010000000100000001000000010000000100000001000000010000000100000001100010011010100111001001000000111010001101111
1100010011100000110110
100011001110010011101010110100101110100011100110010110000100000001000000010000000100000001000000010000000100000001000000010000000100000001000000010000000100000001000000010000000100000001000000010000000100000001000000010000000100000001000000010000000100000001000000010000000100000001000000010000000100000001000000010000000100000001000000010000000100000001000000010000000100000001000000010000000100000001000000010000000100000001000000010000000100000001000000010000000100000001000000010000000100000001000000010000000100000001100010011100000110110001000000111010001101111
1100100011000100110000
100100101100011011001010111001100101100001000000010000000100000001000000010000000100000001000000010000000100000001000000010000000100000001000000010000000100000001000000010000000100000001000000010000000100000001000000010000000100000001000000010000000100000001000000010000000100000001000000010000000100000001000000010000000100000001000000010000000100000001000000010000000100000001000000010000000100000001000000010000000100000001000000010000000100000001000000010000000100000001000000010000000100000001000000010000000100000001100100011000100110000001000000111010001101111
1100100011000100110010
100001101100001011010110110010101110011001011000010000000100000001000000010000000100000001000000010000000100000001000000010000000100000001000000010000000100000001000000010000000100000001000000010000000100000001000000010000000100000001000000010000000100000001000000010000000100000001000000010000000100000001000000010000000100000001000000010000000100000001000000010000000100000001000000010000000100000001000000010000000100000001000000010000000100000001000000010000000100000001000000010000000100000001000000010000000100000001100100011000100110010001000000111010001101111
1100100011001000111001
100011001110010011001010110111001100011011010000010000001000010011100100110010101100001011001000010110000100000001000000010000000100000001000000010000000100000001000000010000000100000001000000010000000100000001000000010000000100000001000000010000000100000001000000010000000100000001000000010000000100000001000000010000000100000001000000010000000100000001000000010000000100000001000000010000000100000001000000010000000100000001000000010000000100000001000000010000000100000001000000010000000100000001000000010000000100000001000000010000000100000001100100011001000111001
101010001101111001000000110110101100001011010110110010100100000011000010110111001100100001000000111000001110010011001010111001101100101011100100111011001100101001000000101100101100101011000010111001101110100001011000010000000100000001000000010000000100000001000000010000000100000001000000010000000100000001000000010000000100000001000000010000000100000001000000010000000100000001000000010000000100000001000000010000000100000001000000010000000100000001000000010000000100000001000000010000000100000001000000010000000100000001000000110100101100010011010010110010000101110
101010001101111001000000111000001101111011101000010000001100001011011100110010000100000011100100110111101100001011100110111010000100000010000110110100001100101011001010111001101100101001011000010000000100000001000000010000000100000001000000010000000100000001000000010000000100000001000000010000000100000001000000010000000100000001000000010000000100000001000000010000000100000001000000010000000100000001000000010000000100000001000000010000000100000001000000010000000100000001000000010000000100000001000000010000000100000001000000010000000100000001100100011001100110000
101010001101111001000000111000001101111011000010110001101101000001000000100010101100111011001110111001100101100001000000010000000100000001000000010000000100000001000000010000000100000001000000010000000100000001000000010000000100000001000000010000000100000001000000010000000100000001000000010000000100000001000000010000000100000001000000010000000100000001000000010000000100000001000000010000000100000001000000010000000100000001000000010000000100000001000000010000000100000001000000010000000100000001000000010000000100000001000000010000000100000001100100011001100110001
100111101101110001000000110110101100001011011100110000101100111011010010110111001100111001000000110000100100000010001000110000101101001011100100111100100101100001000000010000000100000001000000010000000100000001000000010000000100000001000000010000000100000001000000010000000100000001000000010000000100000001000000010000000100000001000000010000000100000001000000010000000100000001000000010000000100000001000000010000000100000001000000010000000100000001000000010000000100000001000000010000000100000001000000010000000100000001100100011001100110001001000000111010001101111
1100100011001100110101
100100001101111011011010110010100100000010000100111001001100101011101110110010101110010011110010010110000100000001000000010000000100000001000000010000000100000001000000010000000100000001000000010000000100000001000000010000000100000001000000010000000100000001000000010000000100000001000000010000000100000001000000010000000100000001000000010000000100000001000000010000000100000001000000010000000100000001000000010000000100000001000000010000000100000001000000010000000100000001000000010000000100000001000000010000000100000001100100011001100110110001000000111010001101111
1100100011010000110111
100001101101111011011110110101101100101011100100111100100100000011001100110111101110010001000000111010001101000011001010010000001010011011010010110001101101011001011000010000000100000001000000010000000100000001000000010000000100000001000000010000000100000001000000010000000100000001000000010000000100000001000000010000000100000001000000010000000100000001000000010000000100000001000000010000000100000001000000010000000100000001000000010000000100000001000000010000000100000001000000010000000100000001000000010000000100000001100100011010000110111001000000111010001101111
1100100011011000110100
100001101101111011011110110101101100101011100100111100100100000011001100110111101110010001000000111010001101000011001010010000001010000011011110110111101110010001011000010000000100000001000000010000000100000001000000010000000100000001000000010000000100000001000000010000000100000001000000010000000100000001000000010000000100000001000000010000000100000001000000010000000100000001000000010000000100000001000000010000000100000001000000010000000100000001000000010000000100000001000000010000000100000001000000010000000100000001100100011011000110100001000000111010001101111
1100100011011000111000
101010101110011011001010110011001110101011011000010000001000100011010010111001001100101011000110111010001101001011011110110111001110011001000000111010001101111001000000110011101101001011101100110010100100000011101000110111100100000010100110110010101110010011101100110000101101110011101000111001100101100001000000010000000100000001000000010000000100000001000000010000000100000001000000010000000100000001000000010000000100000001000000010000000100000001000000010000000100000001000000010000000100000001000000010000000100000001100100011011000111001001000000111010001101111
1100100011011100110110
111101010011010110100101110011011000110110010101101100011011000110000101101110011001010110111101110101011100110010000001001111011000100111001101100101011100100111011001100001011101000110100101101111011011100111001100111101
100011001001111010100100010000001010100010010000100010100100000010101010101001101000101001000000100111101000110
1010100010010000100010100100000010011010100100101010011010101000101001001000101010100110101001100100000010011110100011000100000010000010010000001000110010000010100110101001001010011000101100100