100000011000100110010101100001011101010111010001101001011001100111010101101100001000000110001101101111011011000110111101110101011100100010110000100000011000010110111001100100001000000110000100100000011001110110111101101111011001000010000001100100011001010110000101101100001000000110111101100110001000000110010001110010011010010110010101100100001000000110111101110010001000000110011001110010011010010110010101100100
1110000011000010111001001110011011011000110010101111001001000000110111101110110011001010111001000100000011010010111010000101110
101111101010100011101010111001001101011011001010111100100100000011101000110111100100000010000100110111101101001011011000010111001011111
100110101100001011010110110010100100000011000010010000001110011011101000111010101100110011001100110100101101110011001110010000001101111011001100010000001100010011100100110010101100001011001000010110000100000011010000110010101110010011000100111001100101100001000000111001101100001011011000111010000101100001000000111000001100101011100000111000001100101011100100010110000100000011011100111010101110100011011010110010101100111001011000010000001101100011001010110110101101111011011100111000001100101011001010110110000101100001000000110000100100000011001100110010101110111
110111101111001011100110111010001100101011100100111001100100000011011110111001000100000011000010110111000100000011000010110111001100011011010000110111101110110011110010010110000100000011000010010000001100010011010010111010000100000011011110110011000100000011000100111010101110100011101000110010101110010001011000010000001110011011011110110110101100101001000000111001101110101011001010111010000101100001000000110000101101110011001000010000001100001011011100010000001100101011001110110011100101110001000000101000001110101011101000010000001110100011010000110100101110011
11010010110111000100000011101000110100001100101001000000110001101110010011011110111000000101100001000000110000101101110011001000010000001100110011000010111001101110100011001010110111000100000011101010111000000100000011101000110100001100101001000000111001101101011011010010110111000101100001000000110000101101110011001000010000001100010011011110110100101101100001000000111010001101000011001010010000001110100011101010111001001101011011001010111100100100000011010010110111000100000011000010010000001100110011011000110111101110101011100100110010101100100
110001101101100011011110111010001101000001011000010000001110100011011110010000001101101011000010110101101100101001000000110100101110100001000000111011001100101011100100111100100100000011101110110100001101001011101000110010100101110001000000100100001100001011101100110010100100000011100100110010101100001011001000111100100100000011000010010000001100110011010010110111001100101001000000110111101111001011100110111010001100101011100100010000001110011011000010111010101100011011001010010110000100000011011010110000101100100011001010010000001110010011010010110001101101000
11101110110100101110100011010000010000001100010011101010111010001110100011001010111001000101100001000000110000100100000011011000110100101110100011101000110110001100101001000000110001101110010011001010110000101101101001011000010000001100001001000000111001101110000011011110110111101101110011001100111010101101100001000000110111101100110001000000111001101101111011110010010110000100000011010010110011000100000011000010111000001110000011100100110111101110110011001010110010000101100001000000110000101101110011001000010000001110000011011110111010101110010
110111101110110011001010111001000100000011101000110100001100101001000000110001001101001011100100110010000101110001000000100111101110010001011000010000001101100011010010111011001100101011100100010000001100001011011100110010000100000011011000110010101101101011011110110111000100000011100110110000101110101011000110110010100101110
1001000011001010110111000100000011000100110100101110010011001000111001100100000011000010111001001100101001000000110001001100101011100110111010000100000011001100110111101110010001000000110001001101111011010010110110001101001011011100110011100101100001000000110000101101110011001000010000001110011011010000110111101110101011011000110010000100000011000100110010100100000011110010110111101110101011011100110011100101110
10111110101010001110101011100100110101101100101011110010010000001110100011011110010000001010010011011110110000101110011011101000010111001011111
10101000110100001100101001000000111001101101001011011100110010101110111011100110010000001101111011001100010000001110100011010000110010100100000011011000110010101100111011100110010000001110011011010000110111101110101011011000110010000100000011000100110010100100000011001000111001001100001011101110110111000101100001000000111011101101000011010010110001101101000011001010111011001100101011100100010000001110111011000010111100100100000011010010111010000100000011000100110010100100000011001000111001001100101011100110111001101100101011001000010111000100000010101000110100001100101
11010000110010101100001011001000010000001110011011010000110111101110101011011000110010000100000011000100110010100100000011101000111011101101001011100110111010001100101011001000010000001110101011011100110010001100101011100100010000001110100011010000110010100100000011101110110100101101110011001110011101100100000011000010110111001100100001000000110100101101110001000000110010001110010011000010111011101101001011011100110011100101100001000000110001101100001011100100110010100100000011100110110100001101111011101010110110001100100001000000110001001100101
11101000110000101101011011001010110111000100000011011100110111101110100001000000111010001101111001000000111010001100101011000010111001000100000011101000110100001100101001000000110110001101001011101100110010101110010001011000010000001101111011100100010000001101100011001010111010000100000011101000110100001100101001000000110011101100001011011000110110000100000011101000110111101110101011000110110100000100000011010010111010000101110001000000101000001110101011101000010000001100001001000000111001101110100011101010110011001100110011010010110111001100111001000000110111101100110
1110011011000010111010101110011011000010110011101100101001000000110110101100101011000010111010000111011001000000110111101110010001011000010000001101001011001100010000001110011011000010111010101110011011000010110011101100101011100110010000001100001011100100110010100100000011101000110111100100000011000100110010100100000011100110110010101110010011101100110010101100100001000000110100101101110001000000111010001101000011001010010000001100100011010010111001101101000001011000010000001100001001000000110001001110010011001010110000101100100
111001101110100011101010110011001100110011010010110111001100111001011100010000001000001011100110010000001110100011010000110100101110011001000000110110101100001011010110110010101110011001000000110000100100000011011000110000101110010011001110110010100100000011000010110010001100100011010010111010001101001011011110110111000100000011101000110111100100000011101000110100001100101001000000111001101101001011110100110010100100000011011110110011000100000011101000110100001100101001000000110001001101001011100100110010000101100
11011110110001001110011011001010111001001110110011001010010000001110100011010000110000101110100001000000111010001101000011001010010000001101000011001010110000101110100001000000110111101100110001000000111010001101000011001010010000001100110011010010111001001100101001000000110001001100101001000000110001101101111011011100111001101110100011000010110111001110100011011000111100100100000011101000110111100100000011101000110100001100001011101000010000001110000011000010111001001110100001110110010000001100110011011110111001000100000011101000110100001100101
110001001110010011001010110000101110011011101000010000001101001011100110010000001100110011100100110010101110001011101010110010101101110011101000110110001111001001000000110111001101111011101000010000001100101011011100110111101110101011001110110100000100000011001000110111101101110011001010010111000100000010000010010000001101100011010010111010001110100011011000110010100100000011100110111010001110010011010010111000000100000011011110110011000100000011100000110000101110000011001010111001000100000011100110110100001101111011101010110110001100100001000000110001001100101
11100000111010101110100001000000110111101101110001000000111010001101000011001010010000001100010011011110110111001100101001000000111010001101111001000000111000001110010011001010111011001100101011011100111010000100000011100110110001101101111011100100110001101101000011010010110111001100111001011000010000001110111011010000110100101101100011001010010000001110100011010000110010100100000011011110111010001101000011001010111001000100000011100000110000101110010011101000111001100100000011100100110111101100001011100110111010000101110001000000100001001100001011100110111010001100101
11101110110010101101100011011000010110000100000011000010110111001100100001000000110011001110010011011110111010001101000001000000110100101110100001000000111010101110000001011100010000001000111011100100110000101110110011110010010000001101001011011100010000001110100011010000110010100100000011001000110100101110011011010000010110000100000011000010110111001100100001000000111000001101100011001010110111001110100011110010010000001101111011001100010000001100010011100100110010101100001011001000010000001110011011000010111010101100011011001010010000001101001011011100010000001100001
1110011011000010111010101100011011001010010000001110100011101010111001001100101011001010110111000101110
1011111010100000111010101101100011011000110010101100100001000000101010001110101011100100110101101100101011110010010111001011111
1000100011010010111011001101001011001000110010100100000011101000110100001100101001000000110110101100101011000010111010000100000011011110110011000100000011101000110100001100101001000000110001001110010011001010110000101110011011101000010000001100010011110010010000001110000011101010110110001101100011010010110111001100111001000000110100101101110011100110111010001100101011000010110010000100000011011110110011000100000011000110111010101110100011101000110100101101110011001110011101100100000011101000110100001100101011011100010000001110111011000010111001001101101
11010010111010000100000011010010110111000