1110100011101000110110001100101001000000110110001101111011011100110011101101000011000010110100101110010011001010110010000100000011000100111001001110101011100110110100000101100
110000101100110011101000110010101110010001000000110001001101100011011110111011101101001011011100110011100100000011011110110011001100110001000000111010001101000011001010010000001101100011011110110111101110011011001010010000001110000011000010111001001110100011100110010000001110111011010010111010001101000001000000111010001101000011001010010000001100010011001010110110001101100011011110111011101110011001011100010000001010111011010010111010001101000001000000110001101100001011100100110010100101100001000000111000001100001011010010110111001110100
111011101101001011011000110110000100000011011000110111101101111011010110010000001110111011001010110110001101100001000000110011001101111011100100010000001100001001000000110110001100101011011100110011101110100011010000010000001101111011001100010000001110100011010010110110101100101001011100010000001010111011010000110010101101110001000000111001101101111011010010110110001100101011001000010110000100000011001000110100101110000001000000110000100100000011100110111000001101111011011100110011101100101001000000110111101110010001000000110000100100000011000100110100101110100
11011110110011000100000011001100110110001100001011011100110111001100101011011000010000001101001011011100111010001101111001000000111001101101111011001000110000100100000011000010110111001100100001000000111011101100001011101000110010101110010001011000010000001110111011000010111001101101000001000000110100101110100001000000110111101100110011001100010000001110001011101010110100101100011011010110110110001111001001011000010000001100001011011100110010000100000011001000111001001111001
110100101101101011011010110010101100100011010010110000101110100011001010110110001111001001011000010000001101111011100100010000001110100011010000110010100100000011100110111010001110010011001010110111001100111011101000110100000100000011011110110011000100000011101000110100001100101001000000111001101101111011001000110000100100000011101110110100101101100011011000010000001100101011000010111010000100000011011110110011001100110001000000111010001101000011001010010000001100011011011110110110001101111011101010111001000101110
10101110110100001100101011011100010000001110111011000010110100101101110011100110110001101101111011101000010000001110010011001010111000101110101011010010111001001100101011100110010000001110011011000110110111101110101011100100110100101101110011001110010110000100000011010010111010000100000011100110110100001101111011101010110110001100100001000000110001001100101001000000110010001101111011011100110010100100000011001100111001001101111011011010010000001110100011010000110010100100000011101000110111101110000
11001000110111101110111011011100111011101100001011100100110010001110011001011000010000001100001011011100110010000100000011101000110100001100101001000000111001101110101011001000111001100100000011000100110010100100000011100000111001001100101011101100110010101101110011101000110010101100100001000000110011001110010011011110110110100100000011100100111010101101110011011100110100101101110011001110010000001101111011011100010000001110100011010000110010100100000011101010110111001100011011011000110010101100001011011100010000001110000011000010111001001110100001000000110000101110011
1101101011101010110001101101000001000000110000101110011001000000111000001101111011100110111001101101001011000100110110001100101001011000010000001101111011100100010000001101101011000010111001001101011011100110010000001110111011010010110110001101100001000000110001001100101001000000110110101100001011001000110010100100000011101110110100001101001011000110110100000100000011101110110100101101100011011000010000001100001011100000111000001100101011000010111001000100000011000010110011001110100011001010111001000100000011101000110100001100101
1110111011010000110111101101100011001010010000001100010011001010010000001100110011010010110111001101001011100110110100001100101011001000010111000100000010011110110111001100101001000000111000001100101011100100111001101101111011011100010000001110011011010000110111101110101011011000110010000100000011001000111001001111001001000000111011101101001011101000110100000100000011011110110110001100100001000000110110001101001011011100110010101101110001000000110000101110011001000000110011001100001011100110111010000100000011000010111001100100000011101000110100001100101
1101111011101000110100001100101011100100010000001101000011000010111001100100000011100110110001101101111011101010111001001100101011001000010000001101111011001100110011000100000011101000110100001100101001000000110010001101001011100100111010000100000011000010110111001100100001000000111011101100001011100110110100001100101011001000010000001110100011010000110010100100000011100110110111101100100011000010010000001101111011001100110011000101110
101111101010100011011110010000001100011011011000110010101100001011011100010000001001100011011110110111101101011011010010110111001100111011001110110110001100001011100110111001101100101011100110010111001011111
1010010011001010110110101101111011101100110010100100000011101000110100001100101001000000110011001101100011110010010000001110011011101000110000101101001011011100111001100101100001000000110000101101110011001000010000001101111011101000110100001100101011100100010000001110011011011110110100101101100001011000010000001100010011110010010000001100001001000000110010001100001011011010111000000100000011100100110000101100111001110110010000001110100011010000110010101101110001000000111000001101111011011000110100101110011011010000010000001110111011010010111010001101000
11101110110111101101111011011000110110001100101011011100010000001100011011011000110111101110100011010000010000001100001011011100110010000100000011100000110111101110111011001000110010101110010001011010110001001101100011101010110010100101110
10111110101010001101111001000000111000001110010011001010111001101100101011100100111011001100101001000000100011101101001011011000110010001101001011011100110011100101100001000000110000101101110011001000010000001100011011011000110010101100001011011100010000001101001011101000010111001011111
10010010111010000100000011010010111001100100000011011100110111101110100001000000111000001101111011100110111001101101001011000100110110001100101001000000111010001101111001000000111000001110010011001010111011001100101011011100111010000100000011001100110110001101001011001010111001100100000011001100111001001101111011011010010000001110011011101000110000101101001011011100110100101101110011001110010000001110100011010000110010100100000011001110110100101101100011001000110100101101110011001110010000001110111011010010111010001101000011011110111010101110100
1100011011011110111011001100101011100100110100101101110011001110010000001101001011101000011101100100000011000100110010101100110011011110111001001100101001000000111011101101000011010010110001101101000001011000010000001100010011011000110111101110111001000000110111101100110011001100010000001110100011010000110010100100000011011000110100101100111011010000111010000100000011001000111010101110011011101000010110000100000011000010110111001100100001000000111000001100001011100110111001100100000011000010010000001100110011001010110000101110100011010000110010101110010
11011110111001000100000011000110110110001100101011000010110111000100000011000100111001001110101011100110110100000100000011011110111011001100101011100100010000001101001011101000011101100100000011101000110100001100101011011100010000001110111011010010111010001101000001000000111001101110100011100100110100101110000011100110010000001101111011001100010000001110000011000010111000001100101011100100010000001100011011011110111011001100101011100100010000001110100011010000110010100100000011001100111001001100001011011010110010101110011001000000110111101100110
111100101101111011101010111001000100000011001110110110001100001011100110111001101100101011100110010110000100000011000010110111001100100001000000110010001101111001000000110111001101111011101000010000001110010011001010110110101101111011101100110010100100000011010010111010000100000011101000110100101101100011011000010000001110100011010000110010100100000011001100110110001101001011001010111001100100000011000010111001001100101001000000110011101101111011011100110010100101110
10011000110100101101110011001010110111000100000011101000110000101101011011001010111001100100000011011110110011001100110001000000111010001101000011001010010000001100111011010010110110001100100011010010110111001100111001011000010000001100001011011100110010000100000011001000110010101100001011001000110010101101110011100110010000001101001011101000111001100100000011000100111001001101001011001110110100001110100011011100110010101110011011100110011101100100000011010010111010000100000011100110110100001101111011101010110110001100100
111010001101000011001010111001001100101011001100110111101110010011001010010000001101110011001010111011001100101011100100010000001100010011001010010000001110101011100110110010101100100001000000110011001101111011100100010000001110111011010010111000001101001011011100110011100100000011010010111010000101110
10100110110111101101101011001010010000001101101011001010110000101101110011100110010000001110011011010000110111101110101011011000110010000100000011000100110010100100000011101010111001101100101011001000010000001110100011011110010000001100100011001010111001101110100011100100110111101111001001000000111010001101000011001010010000001100110011011000110100101100101011100110010110000100000011000010111001100100000011101000110100001100101011110010010000001101001011011100110101001110101011100100110010100100000011001100111010101110010011011100110100101110100011101010111001001100101
1101111011001100010000001100101011101100110010101110010011110010010000001101011011010010110111001100100001011000010000001100001011011100110010000100000011101000110100001100101001000000111000001100001011100000110010101110010001000000110110001101001011010110110010101110111011010010111001101100101001011100010000001000010011011110111010001110100011011000110010101110011001000000110100001110101011011100110011100100000011000010110001001101111011101010111010000100000011101110110100101110100011010000