0000111001101101111011011110110111000100000011000010111001100100000011101000110100001100101011110010010000001101100011011110110111101101011
11000110110110001100101011000010111001000100000011011110110111000100000011101000110100001100101001000000110111101110101011101000111001101101001011001000110010100101100001000000111010001100001011010110110010100100000011101000110100001100101011011010010000001110101011100000010000001100001011100110010000001110001011101010110100101100011011010110010000001100001011100110010000001110000011011110111001101110011011010010110001001101100011001010010000001110111011010010111010001101000001000000110000100100000011100110110110001101001011000110110010100101100
110000101101110011001000010000001101100011000010111100100100000011101000110100001100101011011010010000001101111011011100010000001100001001000000110001101101100011001010110000101101110001000000110001101101100011011110111010001101000001011000010000001100011011011110111011001100101011100100010000001110100011010000110010101101101001000000110001101101100011011110111001101100101001000000111011101101001011101000110100000100000011000010110111001101111011101000110100001100101011100100010110000100000011000010110111001100100001000000111001101100011011000010110110001100100
1110011011011110110110101100101001000000110110101101111011100100110010100101100001000000110000101101110011001000010000001110011011011110010000001101111011011100010111000100000010011000110010101110100001000000111010001101000011001010110110100100000011011000110100101100101001000000111010001101111001000000110001001100101001000000110001101101111011011000110010000101100001000000111010001101000011001010110111000100000011100000111010101110100001000000111010001101000011001010110110100100000011010010110111000100000011000010010000001101010011000010111001000101100
110111101110010001000000110011101101100011000010111001101110011001000000111011101101001011001000110010101101101011011110111010101110100011010000010000001100010011011110111010001110100011011000110010100101100001000000110000101101110011001000010000001110000011011110111010101110010001000000110111101110110011001010111001000100000011101000110100001100101011011010010000001110100011010000110010100100000011000100110010101110011011101000010000001110111011010000110100101110100011001010010000001110111011010010110111001100101
1110110011010010110111001100101011001110110000101110010001011000010000001101010011101010111001101110100001000000110100001101111011101000010110000100000011000100111010101110100001000000110111001101111011101000010000001100010011011110110100101101100011010010110111001100111001011100010000001010111011010000110010101101110001000000110001101101111011011000110010000101100001000000110001101101111011101100110010101110010001000000111010001101000011001010110110100101110
10111110100001101110101011000110111010101101101011000100110010101110010011100110010000001100001011011100110010000100000010011110110111001101001011011110110111001110011001000000111001101101100011010010110001101100101011001000010111001011111
10000110111010101110100001000000111010001101000011001010110110100100000011010010110111000100000011100110110110001101001011000110110010101110011001011000010000001100001011011100110010000100000011100110111000001110010011010010110111001101011011011000110010100100000011100110110000101101100011101000010000001101111011101100110010101110010001000000111010001101000011001010110110100111010001000000110111001100101011110000111010000100000011001000110000101111001001000000110010001110010011000010110100101101110001000000111010001101000011001010110110100100000011001100110111101110010
11001100110100101110110011001010010000001101111011100100010000001110011011010010111100000100000011010000110111101110101011100100111001100101100001000000111010001101000011001010110111000100000011100000111010101110100001000000111010001101000011001010110110100100000011010010110111001110100011011110010000001100001001000000110101001100001011100100010110000100000011000010110111001100100001000000111000001101111011101010111001000100000011000100110111101101001011011000110100101101110011001110010000001110110011010010110111001100101011001110110000101110010
1101111011101100110010101110010001000000111010001101000011001010110110100101100001000000110101101100101011001010111000001101001011011100110011100100000011010010110111000100000011000010010000001110111011000010111001001101101001000000111000001101100011000010110001101100101001011100010000001010100011010000110010100100000011100110110110001101001011000110110010101110011001000000111001101101000011011110111010101101100011001000010000001100010011001010010000001110100011010000110100101100011011010110010111000100000010100100110010101110000011001010110000101110100
111010001101000011001010010000001100010011011110110100101101100011010010110111001100111001000000111011001101001011011100110010101100111011000010111001000101100001000000110000101101110011001000010000001110011011101000110111101110000001000000110100101101110011100110111010001100001011011100111010001101100011110010011101100100000011000010110111001100100001000000111001101101111001000000110111101101110001000000111010001101001011011000110110000100000011001110111001001100101011001010110111000101110
1011111010100000110100101100011011010110110110001100101011001000010000001110011011011000110100101100011011001010110010000100000010000110111010101100011011101010110110101100010011001010111001001110011001011000010000001100001011011100110111101110100011010000110010101110010001000000111011101100001011110010010111001011111
10100110110110001101001011000110110010100100000011011000110000101110010011001110110010100100000011101010110111001110000011000010111001001100101011001000010000001100011011101010110001101110101011011010110001001100101011100100111001100101100001000000110000101101110001000000110100101101110011000110110100000100000011101000110100001101001011000110110101100111011001000000111001101101100011010010110001101100101001000000110111101101110011010010110111101101110011100110010110000100000011000010110111001100100001000000111000001110101011101000010000001100010011011110111010001101000
1101001011011100111010001101111001000000110000100100000011000100111001001101111011000010110010000100000011100000110000101101110001110100010000001110011011101000111001001100101011101110010000001100001001000000110011101101111011011110110010000100000011001000110010101100001011011000010000001101111011001100010000001110011011000010110110001110100001000000110000101101101011011110110111001100111001000000111010001101000011001010110110100101110001000000100100101101110001000000111010001110111011001010110111001110100011110010010000001100110011011110111010101110010
11010000110111101110101011100100111001100100000011001000111001001100001011010010110111000100000011101000110100001100101011011010010110000100000011000010110111001100100001000000111010001101000011001010110111000100000011011000110000101111001001000000111010001101000011001010110110100100000011011110110111000100000011000010010000001100011011011000110111101110100011010000010000001110100011011110010000001100100011100100111100100101110001000000101000001110101011101000010000001110100011010000110010101101101001000000110100101101110001000000111001101101101011000010110110001101100
11100110111010001101111011011100110010101101010011000010111001001110011001011000010000001100001011011100110010000100000011100000110111101110101011100100010000001101001011011100010000001110100011010000110010100100000011100110111010001110010011011110110111001100111011001010111001101110100001000000111000001101100011000010110100101101110001000000111011001101001011011100110010101100111011000010111001000101100001000000110001001101111011010010110110001101001011011100110011100100000011010000110111101110100001110100010000001110011011101000110111101110000
111010001101000011001010010000001101010011000010111001001110011001000000110001101101100011011110111001101100101001011100010000001001110011001010111100001110100001000000110010001100001011110010010000001100010011011110110100101101100001000000110100101110100001000000110000101100111011000010110100101101110001011000010000001100001011011100110010000100000011100000110111101110101011100100010000001101111011101100110010101110010001011000010000001100001011011100110010000100000011101000110100001110101011100110010000001110100011010000111001001101001011000110110010100111011
11101000110100001100101001000000110110001100001011100110111010000100000011101000110100101101101011001010010000001100001011001000110010000100000011101110110100001101111011011000110010100100000011101110110100001101001011101000110010100100000011100000110010101110000011100000110010101110010001011000010000001100001011011100110010000100000011000010010000001101100011010010111010001110100011011000110010100100000011001110110100101101110011001110110010101110010001011100010000001001011011001010110010101110000001000000110001101101100011011110111001101100101
110001101101111011101100110010101110010011001010110010000101110
10111110101100101101111011101010110111001100111001000000100001101110101011000110111010101101101011000100110010101110010011100110010111001011111
10000110110100001101111011011110111001101100101001000000110111001101001011000110110010100100000011110010110111101110101011011100110011100100000011001110110100001100101011100100110101101101001011011100111001100111011001000000111001101110000011100100110010101100001011001000010000001110100011010000110010101101101001000000110111101101110001000000110010001101001011100110110100001100101011100110011101100100000011100110110000101101100011101000010000001110100011010000110010101101101001011000010000001100001011011100110010000100000011011000110010101110100
11101000110100001100101011011010010000001101100011010010110010100100000011000010010000001110111011001010110010101101011001110100010000001100100011100100110000101101001011011100010000001110100011010000110010101101101001011000010000001100001011011100110010000101100001000000111000001110101011101000111010001101001011011100110011100100000011101000110100001100101011011010010000001101001011011100010000001100001001000000110101001100001011100100010110000100000011100000110111101110101011100100010000001100010011011110110100101101100011010010110111001100