111
111011001101001011011100110010101100111011000010111001000100000011011110111011001100101011100100010000001110100011010000110010101101101001011100010000001010011011001010111010000100000011101000110100001100101011011010010000001101110011001010110000101110010001000000111010001101000011001010010000001100110011010010111001001100101001011000010000001100011011011110111011001100101011100100110010101100100001000000111011101101001011101000110100000100000011100000110110001100101011011100111010001111001001000000110111101100110
11101100110100101101110011001010110110001100101011000010111011001100101011100110010111000100000010010010110011000100000011101000110100001100101011110010010000001100100011011110010000001101110011011110111010000100000011000100110010101100011011011110110110101100101001000000110000100100000011101000110111101101100011001010111001001100001011000100110110001100101001000000110011101101111011011110110010000100000011001110111001001100101011001010110111000101100001000000111000001101111011101010111001000100000011101000110100001100101
11101100110100101101110011001010110011101100001011100100010000001101001011011100111010001101111001000000110000101101110011011110111010001101000011001010111001000100000011010100110000101110010001011000010000001110011011001010111010000100000011010010111010000100000011011110111011001100101011100100010000001110100011010000110010100100000011010000110111101110100001000000110100001100101011000010111001001110100011010000010110000100000011000010110111001100100001000000111011101101000011001010110111000100000011010010111010000100000011000100110111101101001011011000111001100101100
11100000110111101110101011100100010000001101001011101000010000001101111011101100110010101110010001000000111010001101000011001010110110100100000011000010110011101100001011010010110111000101100001000000110001101101111011101100110010101110010011010010110111001100111001000000111011101101001011101000110100000100000011001100111001001100101011100110110100000100000011011000110010101100001011101100110010101110011001110110010000001100001011011100110010000100000011101000110100001110101011100110010000001100100011011110010000001110100011010010110110001101100
1110100011010000110010101111001001000000110000101110010011001010010000001101111011001100010000001100001011100110010000001100111011011110110111101100100001000000110000100100000011000110110111101101100011011110111010101110010001000000110000101110011001000000111100101101111011101010010000001110111011010010111001101101000001110100010000001100010011101010111010000100000011000010111001100100000011010010111010000100000011010010111001100100000011011100110111101110111001000000110101101101110011011110111011101101110001011000010000001110100011010000110000101110100
111010001101000011001010010000001110110011001010111001001111001001000000110011001101001011011100110010100100000011001110111001001100101011001010110111000100000011100000110100101100011011010110110110001100101011100110010000001100001011100100110010100100000011011010110000101100100011001010010000001110011011011110010000001100010011110010010000001110101011100110110100101101110011001110010000001100010011100100110000101110011011100110010000001101111011100100010000001100010011001010110110001101100001000000110110101100101011101000110000101101100
111011001100101011100110111001101100101011011000111001100101100001000000111011101101000011010010110001101101000001011000010000001110111011010000110010101101110001000000111011001101001011011100110010101100111011000010111001000100000011010010111001100100000011100000111010101110100001000000110100101101110011101000110111100100000011101000110100001100101011011010010110000100000011000100110010101100011011011110110110101100101001000000110100001101001011001110110100001101100011110010010000001110000011011110110100101110011011011110110111001101111011101010111001100101100
1100110011001010111011100100000011100000110010101101111011100000110110001100101001000000110110001101001011010110110010100100000011101000110111100100000011001010110000101110100001000000111010001101000011001010110110100101110
101111101001110011011110111010001100101001011100101111100100000010000010110001101101001011001000111001100100000011001000110100101110011011100110110111101101100011101100110010100100000011101000110100001100101001000000110110001100101011000010110010000100000011010010110111000100000011101000110100001100101001000000111010001101001011011100110111001101001011011100110011100100000011011110110011000100000011100110110000101110101011000110110010101110000011000010110111001110011001011100010000001010000011010010110001101101011011011000110010101110011
11100110110100001101111011101010110110001100100001000000110111001100101011101100110010101110010001000000110001001100101001000000110101101100101011100000111010000100000011010010110111000100000011001110110110001100001011110100110010101100100001000000110101001100001011100100111001100101100001000000110001001110101011101000010000001101001011011100010000001110011011101000110111101101110011001010010000001101111011100100010000001100111011011000110000101110011011100110011101100100000011000010110111001100100001000000111011001101001011011100110010101100111011000010111001000101100
11011110111001000100000011000010110111001111001001000000110000101100011011010010110010001110011001011000010000001110011011010000110111101110101011011000110010000100000011000100110010100100000011000100110111101101001011011000110010101100100001011000010000001100010011110010010000001110000011101010111010001110100011010010110111001100111001000000111010001101000011001010110110100100000011010010110111000100000011010100110000101110010011100110010000001101111011001100010000001110011011101000110111101101110011001010010110000100000011011110111011001100101011100100010000001100001
11010000110111101110100001000000110100001100101011000010111001001110100011010000010110000100000011011110111001000100000011010010110111000100000011000010010000001101011011001010111010001110100011011000110010100100000011011110110011000100000011101110110000101110100011001010111001000101110
101111101010100011011110010000001010000011010010110001101101011011011000110010100100000010101110110000101101100011011100111010101110100011100110010111001011111
1010111011010000110010101101110001000000111010001101000011001010111100100100000011101110110100101101100011011000010000001100010011001010110000101110010001000000110000100100000011100000110100101101110001000000111010001101111001000000110011101101111001000000110100101101110011101000110111100100000011101000110100001100101011011010010110000100000011100000111010101110100001000000110111101101110001000000111010001101000011001010110110100100000011000010010000001100010011100100110100101101110011001010010000001101111011001100010000001110011011000010110110001110100
110000101101110011001000010000001110111011000010111010001100101011100100010000001100010011011110110100101101100011001010110010000101100001000000110000101101110011001000010000001110011011101000111001001101111011011100110011100100000011001010110111001101111011101010110011101101000001000000111010001101111001000000110001001100101011000010111001000100000011000010110111000100000011001010110011101100111001011000010000001100010011001010110100101101110011001110010000001110001011101010110100101110100011001010010000001100011011011110110110001100100
11001100110100101110010011100110111010000101110001000000100100101110100001000000110110101110101011100110111010000100000011000100110010100100000011101110110010101101100011011000010000001110011011010110110100101101101011011010110010101100100001000000111011101101000011010010110110001100101001000000110001001101111011010010110110001101001011011100110011100101110001000000100110001100101011101000010000001110100011010000110010101101101001000000111001101101111011000010110101100100000011101000111011101100101011011000111011001100101001000000110010001100001011110010111001100101100
1110100011010000110010101101110001000000110010001110010011000010110100101101110001000000111010001101000011001010110110100101100001000000110000101101110011001000010000001110000011011110111010101110010001000000110111101110110011001010111001000100000011101000110100001100101011011010010000001101001011011100010000001110100011010000110010100100000011010100110000101110010001000000110000100100000011100000110100101100011011010110110110001100101001000000110111101100110001000000111010001101000011001010010000001100010011001010111001101110100
111011101101000011010010111010001100101001000000111011101101001011011100110010100100000011101100110100101101110011001010110011101100001011100100010110000100000011101110110100101110100011010000010000001100001001000000110011101101111011011110110010000100000011100010111010101100001011011100111010001101001011101000111100100100000011011110110011000100000011100000110010101110000011100000110010101110010001011000010000001110000011010010110110101100101011011100111010001101111001011000010000001100111011010010110111001100111011001010111001000101100
110110101100001011000110110010100101100001000000110001101101100011011110111011001100101011100110010110000100000011011010111010101110011011101000110000101110010011001000111001101100101011001010110010000101100001000000110000101101110011001000010000001101000011011110111001001110011011001010111001001100001011001000110100101110011011010000011101100100000011000010110110001101100001000000110001001101111011010010110110001100101011001000010000001110100011011110110011101100101011101000110100001100101011100100010110000100000011000100111010101110100
11000110110111101101100011001000010111000100000010101000110111100100000011001010111011001100101011100100111100100100000011010000111010101101110011001000111001001100101011001000010000001101111011001100010000001110111011000010110110001101110011101010111010001110011001011000010000001110000011101010111010000100000011100110110100101111000001000000111001101110000011011110110111101101110011001100111010101101100011100110010000001101111011001100010000001101101011101010111001101110100011000010111001001100100011100110110010101100101011001000010110000100000011000010110111001100100
11101000111011101101111001000000110111101110010001000000111010001101000011100100110010101100101001000000110100001100101011000010110010001110