11101000110110001100101011101000111001101011111001011000010000001001101011000010110100101101110011101000110010101101110011011110110111000101100001000000011010000110100
10110000100000011000010110111001101111011101000110100001100101011100100010000001110111011000010111100100101100001000000011010000110100
10110000100000011000010110111001101111011101000110100001100101011100100010000001110111011000010111100100101100001000000011010000110100
101111101000011011010010110010001100101011100100101111100101100001000000111010001101111001000000111001001100101011001100110100101101110011001010010110000100000001100100011001100111000
100010000101110
100010001000001010010010101001001011001001011000010000000110010001100110011000100100000011101000110111100100000001100100011001100110101
10111110100010001100001011011010111001101101111011011100111001101011111001011000010000001110100011011110010000001101011011001010110010101110000001000000110011001101111011100100010000001110111011010010110111001110100011001010111001000100000011100000110100101100101011100110010110000100000001100010011100000111001
1100001011011100110111101110100011010000110010101110010001000000111011101100001011110010010110000100000001100010011100000111001
101111101000100011000010110110101110011011011110110111001110011010111110010110000100000011000010110111001101111011101000110100001100101011100100010110000100000001100010011100100110000
110001101101000011001010110010101110011011001010010110000100000001100100011000000110011
110010001110101011011010111000001101100011010010110111001100111011100110010110000100000011011110111001000100000011100000111010101100100011001000110100101101110011001110010110000100000001100010011010100110001
10111110100010001100001011101100110010101101110011100000110111101110010011101000101111100100000011001100110111101110111011011000111001100101100001000000011100000110000
10111110100010001100101011101100110111101101110011100110110100001101001011100100110010101011111001000000110101001110101011011100110101101100101011101000010110000100000001100010011011000110001
101111101000100011100100110100101101110011010110101111100101100001000000110000100100000011101100110010101110010011110010010000001100001011001110111001001100101011001010110000101100010011011000110010100100000011011110110111001100101001000000110011001101111011100100010000001110100011010000110010100100000011100110110100101100011011010110010110000100000001100100011010100110011
110000100100000011100100110010101100110011100100110010101110011011010000110100101101110011001110010000001101111011011100110010100100000011010010110111000100000011000010010000001100110011001010111011001100101011100100010110000100000001100100011010100110110
11000010110111001101111011101000110100001100101011100100010110000100000001100100011010100110110
11000010110111001101111011101000110100001100101011100100010110000100000001100100011010100110110
101100001000000110000100100000011011010110111101110011011101000010000001110000011011000110010101100001011100110110000101101110011101000010110000100000001100100011010100110110
10110000100000011001000111001001100001011101010110011101101000011101000010000001100110011011110111001000100000011000010010000001100011011011110111010101100111011010000010110000100000001100100011010100111000
1011111010001000111010101100011011010110101111100101100001000000111010001101111001000000110001001101111011010010110110000101100001000000011100000110011
11101000110111100100000011100100110111101100001011100110111010000101100001000000011100000110011
111001101100001011101010110001101100101001000000110011001101111011100100010110000100000001100010011000000110101
1110000011010010110010100101100001000000011100000110011
101111101000100011101010111010001100011011010000101111100100000011100000111010101100100011001000110100101101110011001110010110000100000011011110111001000100000010100110110111101110101011100110111010001100101011100100010110000100000001100010011010000110100
111001001101001011000110110010100100000011100000111010101100100011001000110100101101110011001110010110000100000001100010011010000110101
100010100101110
1011111010001010110010101101100010111110010110000100000011000100110111101101001011011000110010101100100001011000010000000110010
1100010011100100110111101110100011010000010110000100000001100110010110000100000001100100011010100110001
110001101101111011011000110110001100001011100100110010101100100001011000010000000110011
110011001110010011010010110010101100100001011000010000000110010
11100000110100101100101001011000010000000110010
1110011011100000110100101110100011000110110100001100011011011110110001101101011001011000010000000110010
10111110100010101100111011001110111001101011111001011000010000001100010011101010111010001110100011001010111001001100101011001000010110000100000001100010011000000111001
1110100011011110010000001110000011011110110000101100011011010000010110000100000001100100011001100110001
1110011011000010111010101100011011001010010110000100000001100010011000000111001
11101110110100101101110011001010010110000100000001100100011010100110111
110110001101001011101000111010001101100011001010010110000100000011001100110111101110010001000000111000001101001011001010111001100100000011011110111001000100000011101000111010101110010011101000110110001100101011100110010110000100000001100010011000100110001
1011111010001010111001101110011011001010110111001100011011001010101111100101100001000000110111101100110001000000110000101101110011000110110100001101111011101100110100101100101011100110010110000100000001100100011000100110001
100011000101110
1000110010010010101001101001000001011000010000000110001001000000111010001101111001000000011001000110000
1101111011000100111001101100101011100100111011001100001011101000110100101101111011011100111001100100000011011110110111000100000011001000111001001100101011100110111001101101001011011100110011100101100001000000011000100110111
110101001100101011011000110110001111001001000000111010001101111001000000110001101101111011101100110010101110010001000000110001101101111011011000110010000100000011011110110111001100101011100110010110000100000001100010011000000110100
1110011011000010111010101100011011001010010000001110111011010010111010001101000011011110111010101110100001000000110001001110101011101000111010001100101011100100010110000100000001100010011000000111000
11100110110000101110101011000110110010100100000110000111010000000101101011011000110000100101101011000110111001001100001011100110111010001100101011100100010110000100000001100010011000100110001
110000100100000011101100110010101110010011110010010000001100110011010010110111001100101001000000110111101101110011001010010110000100000001100010011000100110001
1011111010001100110110001101111011000010111010001101001011011100110011100100000011010010111001101101100011000010110111001100100010111110010110000100000001100010011011000110010
1100001011011100110111101110100011010000110010101110010001000000111011101100001011110010010110000100000001100010011011000110010
1011111010001100110110001101111011011110111001001100011011011000110111101110100011010000111001101011111001011000010000001100100011010010111001001100101011000110111010001101001011011110110111001110011001000000111001001100101011100110111000001100101011000110111010001101001011011100110011100100000011101000110100001100101011011010010110000100000001100100011011000111001
11101000110111100100000011000110110110001100101011000010110111000100000011101000110100001100101011011010010110000100000001100100011011100110000
1011111010001100110110001101111011011110111001001110011010111110010110000100000011101000110111100100000011001000111010101110011011101000010110000100000001100100011011100110100
10111110100011001101100011101010110110101101101011001010111001001111001010111110010110000100000001100010011011100110010
1000100011101010111010001100011011010000010110000100000001100010011010100110110
11100100110100101100011011001010010110000100000001100010011011000110000
10111110100011001101111011100100110001101100101011011010110010101100001011101000101111100100000011001100110111101110010001000000111000001100001011101000111010001101001011001010111001100101100001000000110001001100001011011000110110001110011001011000010000001101111011100100010000001110011011101000111010101100110011001100110100101101110011001110010110000100000001100010011001100110010
100111101110100011010000110010101110010001000000110011001101111011100100110001101100101011011010110010101100001011101000010000001101001011100110010000001110101011011100110010001100101011100100010000001110100011010000110010100100000011011100110000101101101011001010010000001101111011001100010000001100100011010010111001101101000011001010111001100101110
1011111010001100110111101110111011011000111001101011111001011000010000001100010011011110110100101101100011001010110010000101100001000000011011100111000
110001001101111011010010110110001100101011001000010000001110111011010010111010001101000001000000111001001101001011000110110010100101100001000000011011100111001
11011110110001001110011011001010111001001110110011000010111010001101001011011110110111001110011001000000110111101101110001000000111001001101111011000010111001101110100011010010110111001100111001000000111010001101000011001010110110100101100001000000011001000110010
111001001101111011000010111001101110100011001010110010000101100001000000011011100111000
1000100011000010111011001100101011011100111000001101111011100100111010000101100001000000011100000110000
1110011011000010111010101100011011001010010000001100110011011110111001000100000011000110110111101101100011001000010110000100000001100010011000000110110
1110110011010010110111001100111011000010111001001100101011101000010000001100110011011110111001000100000011000110110111101101100011001000010110000100000001100010011000000110111
1110011011000010111010101100011011001010010000001100110011011110111001000100000011101110110100101101100011001000010110000100000001100010011000000110101
10110000100000011000010110111001101111011101000110100001100101011100100010110000100000001100010011000000110101
1011111010001100110111101110111011011000111001101011111001011000010000001100001001000000111011001100101011100100111100100100000011001110110111101101111011001000010000001110011011000010111010101100011011001010010000001110100011011