0000110001101101100011001010110000101110010001110100010000001101101011011110111011001100101001000000111010001101000011001010110110100100000011010010110111001110100011011110010000001100001001000000110001001101111011101110110110000101100001000000110000101101110011001000010000001110000011011110111010101110010001000000111010001101000011001010010000001101100011010010111000101110101011011110111001000100000011011110111011001100101011100100010111000100000010101000110100001100101
11001100110111101101100011011000110111101110111011010010110111001100111001000000110010001100001011110010010000001110000011011110111010101110010001000000111010001101000011001010010000001101100011010010111000101110101011011110111001000100000011101000110111100100000011000010010000001110001011101010110000101110010011101000010000001101111011001100010000001100011011011110110010001101100011010010110111000100000011011000110100101110001011101010110111101110010001011000010000001101101011000010110010001100101001000000110001001111001
11000100110111101101001011011000110100101101110011001110010000001100001011011100110010000100000011100110111010001110010011000010110100101101110011010010110111001100111001011000010000001100001011011100110010000100000011000010010000001110000011011110111010101101110011001000010000001101111011001100010000001100110011010010110111001100101001000000111001101110101011001110110000101110010001110100010000001101100011001010111010000100000011010010111010000100000011000100110111101101001011011000010000001110001011101010110100101100011011010110110110001111001
11101000110100101101100011011000010000001101001011101000010000001110111011010010110110001101100001000000110101001100101011011000110110001111001001110100010000001110000011101010111010000100000011101000110100001100101001000000110011001110010011101010110100101110100001000000110100101101110011101000110111100100000011010010111010000101100001000000110000101101110011001000010000001100111011010010111011001100101001000000110111101101110011001010010000001100010011011110110100101101100001110110010000001100001011011100110010000100000011010000110000101110110011010010110111001100111
1110011011010110110100101101101011011010110010101100100001000000111011101100101011011000110110000101100001000000111000001110101011101000010000001101001011011100111010001101111001000000111001101101101011000010110110001101100001000000111000001101111011101000111001100101110
10111110100000101110000011100000110110001100101011010100110010101101100011011000111100100100000011001100110111101110010001000000111010001101000011001010010000001100001011000100110111101110110011001010010110000100000011011110111001000100000011000010110111001111001001000000111001101101111011100100111010000100000011011110110011000100000010100110111011101100101011001010111010001101101011001010110000101110100011100110010111001011111
100110001100101011101000010000001100001011100000111000001101100011001010111001100100000011000100110010100100000011100000110000101110010011001010110010000101100001000000111000101110101011000010111001001110100011001010111001001100101011001000010110000100000011000010110111001100100001000000110001101101111011100100110010101100100001110100010000001110000011101010111010000100000011101000110100001100101011011010010000001101001011011100111010001101111001000000110000100100000011100110111010001100101011101110111000001100001011011100010000001110111011010010111010001101000
110000101110011001000000110110101110101011000110110100000100000011101110110000101110100011001010111001000100000011000010111001100100000011101110110100101101100011011000010000001100011011011110111011001100101011100100010000001110100011010000110010101101101001110100010000001100010011011110110100101101100001000000110000101110011001000000110011001100001011100110111010000100000011000010111001100100000011100000110111101110011011100110110100101100010011011000110010100101110001000000101011101101000011001010110111000100000011101000110100001100101
11001100111001001110101011010010111010000100000011010010111001100100000011000010110110001101100001000000110100101101110001000000110000100100000011011010110000101110011011010000010110000100000011000010110010001100100001000000110000100100000011100010111010101100001011100100111010000100000011011110110011000100000011101110110000101110100011001010111001000111010001000000110001001101111011010010110110000100000011010000110000101101100011001100010000001100001011011100010000001101000011011110111010101110010001000000110110101101111011100100110010100101100
11000010110111001100100001000000111001001110101011011100010000001110100011010000111001001101111011101010110011101101000001000000110000100100000011010100110010101101100011011000111100101100010011000010110011100101110
1001001011001100010000001101001011011100010000001110011011101010110110101101101011001010111001000101100001000000110001101101111011001000110110001101001011011100111001100100000011000010111001001100101001000000110001001100101011100110111010000111010001000000110100101101110001000000101001101100101011100000111010001100101011011010110001001100101011100100010110000100000011001110110111101101100011001000110010101101110001000000111001001100101011011100110111001100101011101000111001100100000011011110111001000100000011101110110100101101110011101000110010101110010
111000001101001011100000111000001101001011011100111001100101110
101111101010100011011110010000001110000011100100110010101110011011001010111001001110110011001010010000001100111011100100110010101100101011011100010000001000001011100000111001001101001011000110110111101110100011100110010111001011111
10011000110000101111001001000000111011001101001011011100110010100100000011011110111001000100000011000010111000001110010011010010110001101101111011101000010000001101100011001010110000101110110011001010111001100100000011000010111010000100000011101000110100001100101001000000110001001101111011101000111010001101111011011010010000001101111011001100010000001111001011011110111010101110010001000000111000001100001011011100010110000100000011101000110100001100101011011100010000001100110011100100111010101101001011101000010110000100000011000010110111001100100001000000111001101101111
110000101101100011101000110010101110010011011100110000101110100011001010110110001111001001000000111010001101001011011000110110000100000011001100111010101101100011011000010110000100000011101000110100001100101001000000111010101110000011100000110010101110010001000000110110001100001011110010110010101110010001000000110001001100101011010010110111001100111001000000111010001101000011010010110001101101011001000000111011101101001011101000110100000100000011011000110010101100001011101100110010101110011001110110010000001110100011010000110010101101110
110011001101001011011000110110000100000011101110110100101110100011010000010000001110011011100000111001001101001011011100110011100100000011101110110000101110100011001010111001000101100001000000110000101101110011001000010000001100011011011110111011001100101011100100010000001100100011011110111011101101110001011000010000001110100011010000110000101110100001000000110111001101111001000000111001101110100011001010110000101101101001000000110110101100001011110010010000001100011011011110110110101100101001000000110111101110101011101000010111000100000010100110110010101110100
11101000110100001100101001000000111000001100001011011100010000001100001011101000010000001100001001000000110010001101001011100110111010001100001011011100110001101100101001000000110011001110010011011110110110100100000011101000110100001100101001000000110011001101001011100100110010100101100001000000111010001101000011000010111010000100000011010010110111000100000011001100110111101110101011100100010000001101111011100100010000001100110011010010111011001100101001000000110100001101111011101010111001001110011001000000111010001101000011001010111100100100000011011010110000101111001
1100010011001010010000001101111011011100110110001111001001000000111001101101111011001100111010000101100001000000110001001110101011101000010000001101110011011110111010000100000011000110111001001100001011000110110101101100101011001000010111000100000010011010110000101101011011001010010000001100001001000000111010001101000011010010110111000100000011100110111100101110010011101010111000000100000011011110110011000100000011100110110111101101101011001010010000001101111011001100010000001110100011010000110010100100000011101110110000101110100011001010111001000101100
110000101101110011001000010000001100100011100100110000101101001011011100010000001110100011010000110010100100000011001100111001001110101011010010111010000101110001000000101011101101000011001010110111000100000011000100110111101110100011010000010000001100001011100100110010100100000011000110110111101101100011001000010110000100000011100000111010101110100001000000111010001101000011001010010000001100110011100100111010101101001011101000010000001101001011011100111010001101111001000000111010001101000011001010010000001110000011000010110111000100000011000010110111001100100
1110100011010000110010100100000011100110111100101110010011101010111000000100000011101000110111100100000011010010111010000111011001000000111000001110101011101000010000001110100011010000110010100100000011100000110000101101110001000000110000101110100001000000110000100100000011100000111001001101111011100000110010101110010001000000110010001101001011100110111010001100001011011100110001101100101001000000110111101101110001000000111010001101000011001010010000001100110011010010111001001100101001000000111010001101001011011000110110000100000011101000110100001100101
110000101110000011100100110100101100011011011110111010001110011001000000110011101110010011001010110010101101110001011000010000001100010011101010111010000100000011011110110111000100000011011100110111100100000011000010110001101100011011011110111010101101110011101000010000001100010011011110110100101101100001000000110111101110010001000000110001101110010011000010110001101101011001110100010000001110010011001010110110101101111011101100110010100100000011101000110100001100101011011010010000001110110011001010111001001111001
1100011011000010111001001100101011001100111010101101100011011000111100100100000011010010110111001110100011011110010000001100001001000000111000001100001011011100010000001110111011010010111010001101