100101011100100111011001100101001000000110001001100101011100110111010000100000011010000111010101101110011001110010000001110101011100000010000001101001011011100010000001100001001000000110010001110010011110010010000001100011011011110110110001100100001000000111001001101111011011110110110100101110
10100110111010001110010011000010111011100100000011101000110111100100000011011000110000101111001001000000110000101110000011100000110110001100101011100110010000001101111011011100010000001110011011010000110111101110101011011000110010000100000011000100110010100100000011100010111010101101001011101000110010100100000011001000111001001111001001011000010000001110100011011110010000001110000011100100110010101110110011001010110111001110100001000000110000100100000011011010111010101110011011101000111100100100000011101000110000101110011011101000110010100101110
1001100011000010111001001100111011001010010000001110000011001010110000101110010011100110010000001110011011010000110111101110101011011000110010000100000011000100110010100100000011101000110100101100101011001000010000001110101011100000010000001100010011110010010000001110100011010000110010100100000011100110111010001100001011011000110101100101110
1010100011000010111001001110010011000010110011101101111011011100010000001100111011010010111011001100101011100110010000001110100011010000110010100100000011001100110110001100001011101100110111101110101011100100010000001101111011001100010000001000110011100100110010101101110011000110110100000100000011000110110111101101111011010110110010101110010011110010010110000100000011000010110111001100100001000000110100101101110001000000110100001101001011001110110100000100000011001110111001001100001011101100110100101100101011100110010000001101001011100110010000001100001
11001110111001001100101011000010111010000100000011010010110110101110000011100100110111101110110011001010110110101100101011011100111010000111011001000000110001001110101011101000010000001110011011010000110111101110101011011000110010000100000011000100110010100100000011000010110010001100100011001010110010000100000011011110110111001101100011110010010000001100001001000000111001101101000011011110111001001110100001000000111010001101001011011010110010100100000011000100110010101100110011011110111001001100101001000000111001101100101011100100111011001101001011011100110011100101110
10000100110000101110011011010010110110000101100001000000111001101100001011101100110111101110010011110010010110000100000011000010110111001100100001000000110101101101110011011110111010001110100011001010110010000100000011011010110000101110010011010100110111101110010011000010110110100101100001000000110111101110010001000000100110001101111011011100110010001101111011011100010000001110100011010000111100101101101011001010010110000100000011101000110111100100000011000100110010100100000011101010111001101100101011001000010000001110111011010000110010101101110
110100001100101011100100110001001110011001000000110000101110010011001010010000001101111011100100110010001100101011100100110010101100100001110110010000001100010011101010111010000100000011101110110100101110100011010000010000001100100011010010111001101100011011100100110010101110100011010010110111101101110001011000010000001100001011100110010000001110100011010000110010101111001001000000110000101110010011001010010000001110110011001010111001001111001001000000111000001110101011011100110011101100101011011100111010000101110
1000011011001010110110001100101011100100111100100100000011100110110010101100101011001000111001100100000011001110110100101110110011001010010000001110100011010000110010100100000011001100110110001100001011101100110111101110101011100100010000001101111011001100010000001110100011010000110010100100000011100000110110001100001011011100111010000100000011101000110111100100000011100110110111101110101011100000111001100101110
1010000011000010111001001110011011011000110010101111001001000000111001101101000011011110111010101101100011001000010000001100010011001010010000001100011011101010111010000100000011000110110110001101111011100110110010100100000011101000110111100100000011101000110100001100101001000000111001101110100011000010110110001101011011100110010110000100000011000010110111001100100001000000110010001110010011010010110010101100100001000000110111101101110001000000111010001101001011011100111001100100000011010010110111000100000011000010010000001110110011001010111001001111001
11000110110111101101111011011000010000001101111011101100110010101101110001110100010000001101001011101000010000001110000011100100110010101110011011001010111001001110110011001010111001100100000011010010111010001110011001000000110011001101100011000010111011001101111011101010111001000100000011000010110111001100100001000000110001101101111011011000110111101110101011100100010110000100000011000010110111001100100001000000110100101110011001000000111011001100101011100100111100100100000011101010111001101100101011001100111010101101100001000000110100101101110
1110111011010010110111001110100011001010111001000101110
100000101110010011101000110100101100011011010000110111101101011011001010010000001100010011011110111010001110100011011110110110101110011001000000111011101101000011010010110001101101000001000000110100001100001011101100110010100100000011000100110010101100101011011100010000001110011011011000110111101110111011011000111100100100000011001000111001001101001011001010110010000101100001000000111001101101000011011110111010101101100011001000010000001100010011001010010000001101011011001010111000001110100001000000110100101101110001000000111000001100001011100000110010101110010
1100010011000010110011101110011001110110010000001100001011011100110010000100000011101000111001001110101011001100110011001101100011001010111001100101100001000000110110101101111011100100110010101101100011100110010110000100000011011000110010101101101011011110110111001110000011001010110010101101100001011000010000000100110011000110010111000100000011010010110111000100000011000010010000001100100011100100111100100100000011100000110110001100001011000110110010100100000011101000110100101100011011010110110010101110100011001010110010000101110
1001001011011100010000001110100011011110111011101101110011100110010110000100000011100000110111101110101011011000111010001110010011110010010000001100010011001010110100101101110011001110010000001110101011100110111010101100001011011000110110001111001001000000111001101101111011011000110010000100000011100100110010101100001011001000111100100100000011100000110100101100011011010110110010101100100001011000010000001110100011010000110010100100000011001100110010101100001011101000110100001100101011100100111001100101100001000000111011101101000011010010110001101101000
110110101100001011110010010000001101111011000110110001101100001011100110110100101101111011011100110000101101100011011000111100100100000011000110110111101101101011001010010000001101001011011100010000001101001011011100010000001110011011011010110000101101100011011000010000001110001011101010110000101101110011101000110100101110100011010010110010101110011001011000010000001100001011100100110010100100000011011100110010101100111011011000110010101100011011101000110010101100100001110100010000001100010011101010111010000100000011011110111001001100100011001010111001001110011
1110011011010000110111101110101011011000110010000100000011000100110010100100000011001110110100101110110011001010110111000100000011101000110111100100000011100000111010101110100001000000111010001101000011001010110110100100000011010010110111001110100011011110010000001100001001000000111010001110101011000100010000001100110011100100110010101100101001000000110011001110010011011110110110100100000011001000110000101101101011100000010110000100000011000010110111001100100001000000110000101110011001000000111010001101000011001010111100100100000011001000111001001111001
11101000110111100100000011000110110100001100001011011100110011101100101001000000111010001101000011001010110110100100000011010010110111001110100011011110010000001110000011000010111000001100101011100100010000001100010011000010110011101110011001011000010000001100001001000000110011001100101011101110010000001101001011011100010000001100101011000010110001101101000001110110010000001110100011010000110010101111001001000000111001101101000011011110111010101101100011001000010000001101000011000010110111001100111001000000110100101101110001000000110000100100000011001000111001001111001
110101101101001011101000110001101101000011001010110111000100000011101000110111100100000011100110110010101100001011100110110111101101110001110110010000001100110011100100110010101110011011010000010000001101111011011100110010101110011001000000110110101110101011100110111010000100000011011100110111101110100001000000110001001100101001000000110000101100100011001000110010101100100001000000111010001101111001000000111010001101000011011110111001101100101001000000110100101101110001000000111000001100001011100100111010000100000011001000111001001101001011001010110010000101100
11011110111001000100000011101000110100001100101011110010010000001110111011010010110110001101100001000000110111101100011011000110110000101110011011010010110111101101110001000000110000100100000011011010111010101110011011101000111100100100000011100110110110101100101011011000110110000101100001000000110001001110101011101000010000001110100011010000110010101111001001000000111001101101000011011110111010101101100011001000010000001100111011011110010000001110100011010000111001001101111011101010110011101101000001000000111010001101000011001010010000001110011011000010110110101100101
111000001110010011011110110001101100101011100110111001100101110001000000100100101101110001000000110000100100000011001100110010101110111001000000110110101101111011011100111010001101000011100110010000001110100011010000110010101111001001000000111011101101001011011000110110000100000011000100110010100100000011001100110100101110100001000000111010001101111001000000110000101100100011001000010000001110100011011110010000001100010011001010110010001110011001011000010000001101111011100100010000001110100011011110010000001101101011000010110101101100101
111000001101001011011000110110001101111011101110111001100101100001000000111011101101001011101000110100001101111011101010111010000100000011101000110100001100101001000000111010101110011011101010110000101