101101001011011000110101100100000011011010110000101100100011001010010000001100010011011110110100101101100011010010110111001100111
110100001101111011101000011101100100000011011010110100101111000001011000010000001100001011011100110010000100000011100000110111101110101011100100010000001110100011010000111001001101111011101010110011101101000001000000110000100100000011010100110010101101100011011000111100101100010011000010110011100100000011101000110100101101100011011000010000001110000011001010111001001100110011001010110001101110100011011000111100100100000011000110110110001100101011000010111001000101110
101111101000001011011100110111101110100011010000110010101110010001000000111011101100001011110010010111001011111
1010000011000010111001001100101001000000110000100100000011011100111010101101101011000100110010101110010001000000110111101100110001000000110110001100101011011010110111101101110011100110010000001100001011000110110001101101111011100100110010001101001011011100110011100100000011101000110111100100000011101000110100001100101001000000111000101110101011000010110111001110100011010010111010001111001001000000111100101101111011101010010000001100001011100100110010100100000011011000110100101101011011001010110110001111001001000000111010001101111
11101110110000101101110011101000011101100100000011011110110111000100000011101000110100001100101001000000111000001100101011001010110110001110011001000000111000001101111011101010111001000100000011010000110111101110100001000000111011101100001011101000110010101110010001011000010000001100010011101010111010000100000011011010110111101110010011001010010000001101010011101010110100101100011011001010010000001110111011010010110110001101100001000000110001001100101001000000110111001100101011000110110010101110011011100110110000101110010011110010010000001110100011010000110000101101110
111100101101111011101010010000001101110011001010110010101100100001000000111010101110011011001010010000001110100011010000110010100100000011100000110010101100101011011000111001100100000011011110110011000101110001000000101011101101000011010010110110001100101001000000110100101101110011001100111010101110011011010010110111001100111001011000010000001100010011011110110100101101100001000000111001101110101011001110110000101110010001000000110000101101110011001000010000001110111011000010111010001100101011100100010000001110100011011110010000001100001
1100111011011110110111101100100001000000111001101111001011100100111010101110000001000000111011101101001011101000110100000100000011101000110100001100101001000000111011101101000011010010111010001100101001000000110111101100110001000000110000101101110001000000110010101100111011001110010000001110111011010000110100101110000011101000010000001110101011100000010111000100000010101110110100001100101011011100010000001101001011101000010000001100010011011110110100101101100011100110010110000100000011100000110111101110101011100100010000001100001
11011000110100101110100011101000110110001100101001000000110001101101111011011000110010000100000011101110110000101110100011001010111001000100000011010010110111001110100011011110010000001101001011101000011101100100000011100110110010101110100001000000110100101110100001000000110111101101110001000000110000101100111011000010110100101101110001011000010000001100001011011100110010000100000011101110110100001100101011011100010000001101001011101000010000001100010011011110110100101101100011100110010000001110101011100000010000001110100011000010110101101100101
11101000110100001100101001000000111000001100001011011100010000001101111011001100110011000101100001000000110000101101110011001000010000001110011011001010111010000100000011010010111010000100000011101000110111100100000011100110110010101110100011101000110110001100101001011100010000001001001011001100010000001110100011010000110010101110010011001010010000001101001011100110010000001100001011011100111100100100000011100110110101101110101011011010010110000100000011101000110000101101011011001010010000001101001011101000010000001101111011001100110011000101100
110000101101110011001000010000001110000011011110111010101110010001000000110100101110100001000000110001101101100011001010110000101110010001000000110011001110010011011110110110100100000011101000110100001100101001000000111001101100101011001000110100101101101011001010110111001110100001000000111010001101111001000000111010001101000011001010010000001110111011000010111010001100101011100100010000001110100011010000110010100100000011100000110010101100101011011000111001100100000011101110110010101110010011001010010000001101001011011100110011001110101011100110110010101100100
11010010110111000101100001000000110000101101110011001000010000001110100011010000110010100100000011011000110010101101101011011110110111001101010011101010110100101100011011001010011101100100000011100110111010001101001011100100010000001100001011011100110010000100000011101000110000101110011011101000110010100100000011010010111010000101100001000000110000101101110011001000010000001100001011001000110010000100000011000010111001100100000011011010111010101100011011010000010000001101101011011110111001001100101001000000111011101100001011101000110010101110010001000000110000101110011
111001101101000011000010110110001101100001000000110001001100101001000000110111001100101011000110110010101110011011100110110000101110010011110010010000001110100011011110010000001101101011000010110101101100101001000000110000100100000011101100110010101110010011110010010000001110010011010010110001101101000001000000110110001100101011011010110111101101110011000010110010001100101001011100010000001010111011001010111010000100000011000010010000001101010011001010110110001101100011110010110001001100001011001110010110000100000011000010110111001100100
111001101110001011101010110010101100101011110100110010100100000011010010111010000100000011001000111001001111001001011000010000001110100011010000110010101101110001000000111001101110100011100100110000101101001011011100010000001110100011010000110010100100000011011000110100101110001011101010110111101110010001011000010000001110111011010000110100101100011011010000010000001101001011100110010000001110101011011100110001101101111011011010110110101101111011011100110110001111001001000000110011001101001011011100110010100101110
101111101010010011000010111001101110000011000100110010101110010011100100111100100100000011101100110100101101110011001010110011101100001011100100010111001011111
10100000111010101110100001000000110000100100000011100000110111101110101011011100110010000100000011011110110011000100000011001100110100101101110011001010010000001100110011100100111010101101001011101000010000001101001011011100111010001101111001000000110000100100000010000110110100001101001011011100110000100100000011000100110111101110111011011000010110000100000011000010110111001100100001000000111000001101111011101010111001000100000011101010111000001101111011011100010000001101001011101000010000001100001001000000111000101110101011000010111001001110100001000000110111101100110
11101000110100001100101001000000110001001100101011100110111010000100000011101110110100001101001011101000110010100100000011101110110100101101110011001010010000001110110011010010110111001100101011001110110000101110010001110110010000001101110011001010111100001110100001000000110010001100001011110010010000001110011011101000111001001100001011010010110111000100000011101000110100001100101001000000110110001101001011100010111010101101111011100100010000001101111011011100010000001100001001000000111000001101111011101010110111001100100001000000110111101100110
11001100111001001100101011100110110100000100000011100100110000101110011011100000110001001100101011100100111001001101001011001010111001100111011001000000110000101101110011001000010000001110100011010000110010100100000011001100110111101101100011011000110111101110111011010010110111001100111001000000110010001100001011110010010000001100100011011110010000001110100011010000110010100100000011100110110000101101101011001010010110000100000011000100111010101110100001000000110010001101111001000000110111001101111011101000010000001110011011100010111010101100101011001010111101001100101
111010001101000011001010010000001100110011100100111010101101001011101000010110000100000011011110110111001101100011110010010000001100100011100100110000101101001011011100010000001110100011010000110010100100000011011000110100101110001011101010110111101110010001000000110000101110011001000000110010001110010011110010010000001100001011100110010000001111001011011110111010100100000011000110110000101101110001000000110011001110010011011110110110100100000011010010111010000101110001000000101010001101000011001010010000001101100011000010111001101110100
11101000110100101101101011001010010000001110000011000010111001101110011001000000110100101110100001000000111010001101000011100100110111101110101011001110110100000100000011000010010000001100011011000010110111001110110011000010111001101110011001000000111000001110010011001010111011001101001011011110111010101110011011011000111100100100000011101110110010101110100001000000111011101101001011101000110100000100000011101100110100101101110011001010110011101100001011100100010000001110100011011110010000001110000011100100110010101110110011001010110111001110100
11101110110000101110011011101000110010100101110001000000101000001110101011101000010000001101001011101000010000001101001011011100111010001101111001000000110000100100000011100110111010001101111011011100110010101101010011000010111001000101100001000000111011101101001011101000110100000100000011000010010000001110000011011110111010101101110011001000010000001101111011001100010000001110011011101010110011101100001011100100010000001110100011011110010000001100101011101100110010101110010011110010010000001110000011010010110111001110100001000000110111101100110
110101001110101011010010110001101100101001011000010000001100010011100100110111101101011011001010110111000100000011010010110111001110100011011110010000001101100011000010111001001100111011001010010000001101100011101010110110101110000011100110011101100100000011100110111010001101001011100100010000001101001011101000010000001110111011010000110010101101110001000000110110101100101011011000111010001100101011001000010110000100000011101000110100001100101011011100010000001110000011101010111010000100000011101000110100