10001001110010011001010110000101110011011101000111001100100000011100000111010101110100001000000110100101101110011101000110111100100000011100000110100101100011011010110110110001100101001011000010000001101111011100100010000001110011011000010110110001110100001000000111010001101000011001010010000001100110011011110111001001101101011001010111001000100000011000010111001100100000011000010010000001101100011001010110011100101110
101111101010010011011110110110001101100011001010110010000100000010011100110010101100011011010110010111001011111
10000100110111101101110011001010010000001101001011101000010111000100000010100000111010101110100001000000110000100100000011001100110111101110010011000110110010101101101011001010110000101110100001000000110111101100110001000000110001101101000011011110111000001110000011001010110010000100000011100110110000101100111011001010010110000100000011000010010000001110110011001010111001001111001001000000110011001100101011101110010000001100011011100100111010101101101011000100111001100100000011011110110011000100000011000100111001001100101011000010110010000101100
1110011011000010110110001110100001011000010000001110000011001010111000001110000011001010111001000101100001000000110000101101110011001000010000001110100011101110110111100100000011011110111001000100000011101000110100001110010011001010110010100100000011100000110100101101101011001010110111001110100011011110111001100100000011011110111011001100101011100100010000001110100011010000110010100100000011010010110111001110011011010010110010001100101001110100010000001110100011010000110010101101110001000000111001001101111011011000110110000100000011101000110100001100101
11011010110010101100001011101000010000001100001011100110010000001110100011010010110011101101000011101000010000001100001011100110010000001111001011011110111010100100000011000110110000101101110001011000010000001100001011011100110010000100000011100100110111101100001011100110111010000100000011010010111010000100000011100110110110001101111011101110110110001111001001011000010000001100001011011100110010000100000011000010111010000100000011000010010000001100111011011110110111101100100001000000110010001101001011100110111010001100001011011100110001101100101001000000110000101110100
11001100110100101110010011100110111010000101110
1011111010101000110111100100000011011010110000101101011011001010010000001100001001000000101000001101001011000110110101101101100011001010010000001100110011011110111001000100000010010000110000101101101011100110010110000100000010101000110111101101110011001110111010101100101011100110010110000100000011011110111001000100000010000100110010101100101011001100010110000100000011010010110011000100000011000100110111101101001011011000110010101100100001000000110000101101110011001000010000001110011011010110110100101101101011011010110010101100100
1100010011001010111010001110111011001010110010101101110001000000110010101100001011000110110100000100000011100000110000101110010011000110110010101101100001000000110111101100110001000000111010001101000011001010110110100101100001000000111010001101000011000010111010000100000011101110110100101101100011011000010000001101011011001010110010101110000001000000110011001101111011100100010000001111001011001010110000101110010011100110010111001011111
10101000110111100100000011101000111011101101111001000000110011101100001011011000110110001101111011011100111001100100000011011110110011000100000011100110111000001110010011010010110111001100111001000000111011101100001011101000110010101110010001000000111000001110101011101000010000001110100011101110110111100100000011100000110111101110101011011100110010001110011001000000110111101100110001000000110001101101111011000010111001001110011011001010010000001110011011101010110011101100001011100100010110000100000011101000111011101101111
1110000011011110111010101101110011001000111001100100000011011110110011000100000011000100110000101111001001011000010000001100001011011100110010000100000011101000111011101101111001000000110000101101110011001000010000001100001001000000110100001100001011011000110011000100000011100000110111101110101011011100110010001110011001000000110111101100110001000000110001101101111011011010110110101101111011011100010000001110011011000010110110001110100001011000010000001100001011011100110010000100000011010000110000101101100011001100010000001100001
11100000110111101110101011011100110010000100000011011110110011000100000011100110110000101101100011101000111000001100101011101000111001001100101001011000010000001101001011011100010000001100001001000000110010001100101011001010111000000100000011001010110000101110010011101000110100001100101011011100010000001100111011011000110000101111010011001010110010000100000011100000110000101101110001011000010000001110100011010000110000101110100001000000111011101101001011011000110110000100000011010000110111101101100011001000010000001100110011011110111010101110010
1100111011000010110110001101100011011110110111001110011001011000010000001100001011011100110010000100000011010000110000101110011001000000110000100100000011000110110111101110110011001010111001000100000011101000110100001100001011101000010000001110111011010010110110001101100001000000110011001101001011101000010000001100011011011000110111101110011011001010010111000100000010010110110010101100101011100000010000001110100011010000110010100100000011000100110010101100101011001100010000001101111011100100010000001101000011000010110110101110011001000000110000101110011
1101100011011110110111001100111001000000110000101110011001000000111010001101000011001010111100100100000011101110110100101101100011011000010000001100010011001010110000101110010001011000010000001100010011001010110011001101111011100100110010100100000011110010110111101110101001000000111000001110101011101000010000001110100011010000110010101101101001000000110100101101110011101000110111100100000011101000110100001100101001000000111000001101001011000110110101101101100011001010010110000100000011000010110111001100100
11100110111000001110010011010010110111001101011011011000110010100100000011101000110100001100101011011010010000001110111011010010111010001101000001000000110001101101111011000010111001001110011011001010010000001110011011101010110011101100001011100100010000001101001011011100010000001100001001000000111000001100001011011100010110000100000011001100111001001101111011011010010000001110111011010000110100101100011011010000010000001110100011010000110010101111001001000000110110101110101011100110111010000100000011001000111001001100001011010010110111000101110
101001001110101011000100010000001110100011010000110010100100000011010000110000101101101011100110010110000100000001001100110001100101110001000000111011101100101011011000110110000100000011101110110100101110100011010000010000001110100011010000110010100100000011100000110100101100011011010110110110001100101001011000010000001100001011011100110010000100000011100000110000101100011011010110010000001110100011010000110010101101101001000000110100101101110001000000110001101101100011011110111001101100101001011000010000001110000011101010111010001110100011010010110111001100111
110000101110011001000000110110101110101011000110110100000100000011000010111001100100000011101000110100001100101001000000111000001100001011011100010000001110111011010010110110001101100001000000110100001101111011011000110010000101100001000000111001101101111001000000111010001101000011000010111010000100000011101000110100001100101001000000111000001101001011000110110101101101100011001010010000001101101011000010111100100100000011000110110111101110110011001010111001000100000011101000110100001100101011011010010111000100000010101000110100001100101
111000001101001011000110110101101101100011001010010000001101001011100110010000001101110011011110111010000100000011101000110111100100000011000100110010100100000011000100110111101101001011011000110010101100100001000000110000101110100001000000110011001101001011100100111001101110100001011100010000001000001001000000111001101101101011000010110110001101100001000000110100001100001011011010010000001101101011000010111100100100000011011000110100101100101001000000110011001101111011101010111001001110100011001010110010101101110001000000110010001100001011110010111001100101100
11000010010000001101100011000010111001001100111011001010010000001101111011011100110010100100000011101000110100001110010011001010110010100100000011101110110010101100101011010110111001100111011001000000110000100100000011101000110111101101110011001110111010101100101001000000111010001110111011001010110110001110110011001010010000001100100011000010111100101110011001110110010000001100010011001010110010101100110001000000110100101101110001000000111000001110010011011110111000001101111011100100111010001101001011011110110111000100000011101000110111100100000011010010111010001110011
11100110110100101111010011001010010111000100000010101000110100001100101011110010010000001110111011010010110110001101100001000000110010101100001011101000010000001110111011001010110110001101100001000000110111101110101011101000010000001101111011001100010000001110100011010000110010100100000011100000110100101100011011010110110110001100101001000000111011101101001011101000110100001101111011101010111010000100000011001000111001001111001011010010110111001100111001011100010000001010111011010000110010101101110001000000111010001101111001000000110001001100101
110010001110010011010010110010101100100001011000010000001101100011001010111010000100000011001010110000101100011011010000010000001110000011010010110010101100011011001010010000001100010011001010010000001100100011100100110000101101001011011100110010101100100001000000110111101110110011001010111001000100000011101000110100001100101001000000111000001100001011011100010110000100000011000010110111001100100001000000111011101101000011001010110111000100000011010010111010000100000011101110110100101101100011011000010000001100100011100100110111101110000001000000110111001101111
11011000110111101101110011001110110010101110010001011000010000001110100011000010110101101100101001000000110000100100000011000110110110001100101011000010110111000100000011100110111000001101111011011100110011101100101001000000110000101101110011001000010000001100100011100100111100100100000011010010111010000100000011101000110100001101111011100100110111101110101011001110110100001