111
10100100111010101100010001000000111010001110111011011110010000001110000011011110111010101101110011001000111001100100000011011110110011000100000011001000111001001111001001000000110011001101001011011100110010100100000011001100110110001101111011101010111001000101100001000000111011101101001011101000110100000100000011011110110111001100101001000000110111101100110001000000110001001110101011101000111010001100101011100100010110000100000011101110110000101110011011010000110010101100100001000000110100101101110001000000111000001101100011000010110100101101110
110000101101110011001000010000001110010011011110111001101100101011101110110000101110100011001010111001000101100001000000110110101101001011110000010000001101001011101000010000001110111011010010111010001101000001000000111010001101000011100100110010101100101001000000111001101110000011011110110111101101110011001100111010101101100011100110010000001101111011001100010000001111001011001010110000101110011011101000010000001101001011011100010000001100001001000000110110001101001011101000111010001101100011001010010000001110111011000010111001001101101
110110101101001011011000110101100100000011000010110111001100100001000000111011101100001011101000110010101110010001011100010000001010011011001010111010000100000011010010111010000100000011101000110111100100000011100100110100101110011011001010010000001100001011011100010000001101000011011110111010101110010001000000110000101101110011001000010000001100001001000000110100001100001011011000110011000100000011000100110010101100110011011110111001001100101001000000111010001101000011001010010000001100110011010010111001001100101001011000010000001110100011010000110010101101110
110001001100101011000010111010000100000011010010110111001110100011011110010000001101001011101000010000001110100011101110110111100100000011100000110111101110101011011100110010001110011001000000110111101100110001000000110001101110101011100100111001001100001011011100111010001110011001011000010000001101111011011100110010100100000011100000110111101110101011011100110010000100000011011110110011000100000011100110111010101100111011000010111001000100000011100110110100101100110011101000110010101100100001011000010000001100110011011110111010101110010
11011110111010101101110011000110110010101110011001000000110111101100110001000000110000101101100011011010110111101101110011001000111001100101100001000000111001101101001011110000010000001101111011101010110111001100011011001010111001100100000011011110110011000100000011100110111010001101111011011100110010101100100001000000111001001100001011010010111001101101001011011100111001100101100001000000110001101101000011011110111000001110000011001010110010000100000011001100110100101101110011001010010110000100000011010000110000101101100011001100010000001100001
110111001110101011101000110110101100101011001110010110000100000011000110110100101101110011011100110000101101101011011110110111000101100001000000110000101101100011011000111001101110000011010010110001101100101001011000010000001100001011011100110010000100000011000010010000001100110011001010111011100100000011000110110110001101111011101100110010101110011001011000010000001110100011010000110010100100000011100000110010101100101011011000010000001101111011001100010000001100001001000000110110001100101011011010110111101101110
11000110110100001101111011100000111000001100101011001000010000001100001011100110010000001100110011010010110111001100101001000000110000101110011001000000111000001101111011100110111001101101001011000100110110001100101001011000010000001100001001000000110011101101100011000010111001101110011001000000110111101100110001000000111011101101001011011100110010100101100001000000110010001101001011101000111010001101111001000000110111101100110001000000110001001110010011000010110111001100100011110010010110000100000011101000111011101100101011011000111011001100101
111100101100101011011000110101101110011001000000110000101101110011001000010000001110111011010000110100101110100011001010111001100100000011011110110011000100000011001010110011101100111011100110010000001100010011001010110000101110100001000000111001101100101011100000110000101110010011000010111010001100101011011000111100100101100001000000110000101101110011001000010000001101100011011110110111001100111001110110010000001101111011100100110000101101110011001110110010100101100001000000110001101101001011101000111001001101111011011100010110000100000011000010110111001100100
11011000110010101101101011011110110111000101110001000000100001001100101011000010111010000100000011001010111100001100011011001010110010101100100011010010110111001100111011011000111100100100000011101110110010101101100011011000010110000100000011000010110111001100100001000000110001001110101011101000111010001100101011100100010000001110100011010000110010100100000011100000110000101101110001011100010000001000001001000000111000101110101011010010110001101101011001000000110111101110110011001010110111000101110
101111101000001001000000111011001100101011100100111100100100000011001110110111101101111011001000010000001000011011011110110110101101101011011110110111000100000010000110110000101101011011001010010111001011111
1010010011101010110001000100000011001010110100101100111011010000111010000100000011011110111010101101110011000110110010101110011001000000110111101100110001000000110001001110101011101000111010001100101011100100010000001101001011011100111010001101111001000000111010001110111011011110010000001110000011011110111010101101110011001000111001100100000011011110110011000100000011001000111001001101001011001010110010000100000011001100110110001101111011101010111001000101100001000000110110101101001011110000010000001101001011101000010000001110111011010010111010001101000
111010001101000011100100110010101100101001000000111001101110000011011110110111101101110011001100111010101101100011100110010000001101111011001100010000001111001011001010110000101110011011101000010000001110100011010000110000101110100001000000110100101110011001000000110111001101111011101000010000001100010011010010111010001110100011001010111001000101100001000000111010001101111001000000110000100100000011100000110000101110011011101000110010100101110001000000100110001100101011101000010000001101001011101000010000001110010011010010111001101100101001000000110000101101110
110100001101111011101010111001000100000011000010110111001100100001000000110000100100000011010000110000101101100011001100011101100100000011101000110100001100101011011100010000001101101011010010111100000100000011010010110111000100000011101000110100001100101001000000111100101100101011011000110101101110011001000000110000101101110011001000010000001110111011010000110100101110100011001010111001100100000011011110110011000100000011100110110100101111000001000000110010101100111011001110111001100100000011000100110010101100001011101000110010101101110
1100001011100000110000101110010011101000011101100100000011011110110111001100101001000000111000001101111011101010110111001100100001000000110111101100110001000000111001101110101011001110110000101110010001011000010000001110011011011110110110101100101001000000110110101101001011011000110101100100000011101000110111100100000011011010110000101101011011001010010000001101001011101000010000001100001001000000111000001110010011011110111000001100101011100100010000001110100011010000110100101100011011010110110111001100101011100110111001100101100
10100001100001011000100110111101110101011101000010000001100001001000000111000001101001011011100111010000100000011101110110100101101100011011000010000001100010011001010010000001110011011101010110011001100110011010010110001101101001011001010110111001110100001011000010100100100000011000010010000001100111011011000110000101110011011100110010000001101111011001100010000001110011011101110110010101100101011101000010000001110111011010010110111001100101001011000010000001110100011010000110010100100000011100100110100101101110011001000010000001101111011001100010000001100001
110110001100101011011010110111101101110001011000010000001100001011011100110010000100000011000010010000001110100011001010110000101110011011100000110111101101111011011100110011001110101011011000010000001101111011001100010000001100111011010010110111001100111011001010111001000101110001000000100000101100100011001000010000001100101011010010111010001101000011001010111001000100000011000010010000001110000011011110111010101101110011001000010000001100001011011100110010000100000011000010010000001101000011000010110110001100110001000000110111101100110
1100011011101010111001001110010011000010110111001110100011100110010110000100000011011110111001000100000011100110110111101101101011001010010000001100011011000010111001001110010011000010111011101100001011110010111001100101100001000000110000101101110011001000010000001100010011001010110000101110100001000000111011101100101011011000110110000101110
101111101000001001000000110001101101000011001010110000101110000001000000101001101100101011001010110010000100000010000110110000101101011011001010010111001011111
1001101011010010111100000100000011000010010000001110001011101010110000101110010011101000110010101110010001000000110111101100110001000000110000100100000011100000110010101100011011010110010000001101111011001100010000001100110011011000110111101110101011100100010000001110111011010010111010001101000001000000110100001100001011011000110011000100000011000010010000001110000011011110111010101101110011001000010000001101111011001100010000001110011011101010110011101100001011100100010110000100000011000010010000001110001011101010110000101110010011101000110010101110010
1101111011001100010000001100001011011100010000001101111011101010110111001100011011001010010000001101111011001100010000001100001011011000110110001110011011100000110100101100011011001010010110000100000011000010110111001100100001000000110000100100000011011000110100101110100011101000110110001100101001000000110011101101001011011100110011101100101011100100011101100100000011011010110010101101100011101000010000001110100011010000111001001100101011001010010000001110001011101010110000101110010011101000110010101110010011100110010000001101111011001100010000001100001
1110000011011110111010101101110011001000010000001101111011001100010000001100010011101010111010001110100011001010111001000100000011101110110100101110100011010000010000001101000011000