1000010111001001100111011001010010000001110000011011110111010001110100011010010110111001100111001000000111000001101111011101000010110000100000011000010110111001100100
1101100011001010110000101110110011001010010110000100000011010010110011000100000011100000110111101110011011100110110100101100010011011000110010100101100001000000110111001101111001000000111001101110000011000010110001101100101011100110010000001110100011011110010000001110010011001010110001101100101011010010111011001100101001000000111010001101000011001010010000001100010011101010111010001110100011001010111001000111011001000000111011101101001011101000110100000100000011101110110100001101001011000110110100000101100001000000110001101101111011101100110010101110010
11101000110100001100101011011010010110000100000011000010110111001100100001000000110111101101110011001010010000001110100011010000110100101110010011001000010000001110000011000010111001001110100001000000110110001100101011100110111001100100000011101110110100101101100011011000010000001100010011001010010000001110010011001010111000101110101011010010111001101101001011101000110010100100000011101000110100001100001011011100010000001110111011010000110010101101110001000000110010001101111011011100110010100100000011101110110100001101111011011000110010100101110
101111101010100011011110010000001100011011011000110000101110010011010010110011001111001001000000100001001110101011101000111010001100101011100100010000001100110011011110111001000100000011100000110111101110100011101000110010101100100001000000111010001101000011010010110111001100111011100110010111001011111
1010000011101010111010000100000011010010111010000100000011010010110111000100000011000010010000001110011011000010111010101100011011001010010000001100010011011110110000101110100001011000010000001100001011011100110010000100000011100110110010101110100001000000111010001101000011000010111010000100000011010010110111000100000011000010010000001110011011101000110010101110111011100000110000101101110001000000111010001101000011000010111010000100000011010000110000101110011001000000110000100100000011011000110100101110100011101000110110001100101
1110111011000010111010001100101011100100010000001101001011011100010110000100000011011110111011001100101011100100010000001110100011010000110010100100000011001100110100101110010011001010010111000100000010101110110100001100101011011100010000001101101011001010110110001110100011001010110010000101100001000000110111101100010011100110110010101110010011101100110010100100000011011100110111101110100001000000111010001101111001000000111000001101111011101010111001000100000011101000110100001100101001000000110110101101001011011000110101101111001
111000001100001011100100111010001110011001000000110111101110110011001010111001000100000011101000110100001100101001000000111000001101111011101000111010001100101011001000010000001110100011010000110100101101110011001110111001100101100001000000111010001101000011001010111100100100000011101110110100101101100011011000010000001110011011010010110111001101011001000000111010001101111001000000111010001101000011001010010000001100010011011110111010001110100011011110110110100101110
101111101000110011011110111011101101100011100110010111001011111
100001001101111011010010110110001100101011001000010110000100000011101110110100101110100011010000010000001101111011110010111001101110100011001010111001000101100001000000110110001100101011011010110111101101110001011000010000001110000011000010111001001110011011011000110010101111001001011000010000001100001011011100110010000100000011000100111010101110100011101000110010101110010001011000010000001101111011100100010000001101100011010010111011001100101011100100010000001110011011000010111010101100011011001010111001100111011001000000110111101110010
1110111011010010111010001101000001000000110001001100001011000110110111101101110001000000110000101101110011001000010000001100111011100100110010101100101011011100111001100101110
1011111010001000110100101110100011101000110111100100000011100100110111101100001011100110111010001100101011001000010111001011111
1000101011001110110011100100000011100110110000101110101011000110110010100101100001000000110001001110010011001010110000101100100001000000111001101100001011101010110001101100101001011000010000001101111011100100010000001100111011000010111001001101110011010010111001101101000011001010110010000100000011101110110100101110100011010000010000001110011011000010111010101110011011000010110011101100101011100110010110000100000011100110110001101100001011011000110010001100101011001000010110000100000011000010110111001100100
111000001100001011100100111001101101100011001010111100100101110
100000100100000011011000110000101110010011001110110010100100000011000100110000101110010011011100110010001101111011011110111001000100000011001100110111101110111011011000010000001110111011001010110110001101100001000000110100001110101011011100110011100101100001000000111001101110100011101010110011001100110011001010110010000100000011010010110111000100000011101000110100001100101001000000110001101110010011011110111000000100000011101110110100101110100011010000010000001110011011000010111010101110011011000010110011101100101001000000110110101100101011000010111010000101100
110000101101110011001000010000001100111011100100110000101110110011110010010000001101001011011100010000001110100011010000110010100100000011001000110100101110011011010000010110000100000011000010110111001100100001000000111011101101001011101000110100000100000011000100111001001100101011000010110010000100000011100110110000101110101011000110110010100101110
101010001101000011001010010000001101000011001010110000101100100001000000111001101101000011011110111010101101100011001000010000001100010011001010010000001110100011101010111001001101110011001010110010000100000011101010110111001100100011001010111001000100000011101000110100001100101001000000111011101101001011011100110011100101110
1000110011011110111011101101100001000000111001101110000011011000110100101110100001000000110010001101111011101110110111000100000011101000110100001100101001000000110001001100001011000110110101100101100001000000111000001100101011100000111000001100101011100100110010101100100001011000010000001110011011000010110110001110100011001010110010000101100001000000110000101101110011001000010000001100010011100100110111101101001011011000110010101100100001011100010000001010011011001010111001001110110011001010010000001101001011101000010000001110111011010010111010001101000
11011010111010101110011011010000111001001101111011011110110110100100000011100110110000101110101011000110110010100101110
1011111010101000110111100100000011000100110111101101001011011000010000001000110011011110111011101101100001000000111011101101001011101000110100000100000010100100110100101100011011001010010111001011111
10100110111010001100101011101110010000001110100011010000110010100100000011001100110111101110111011011000010000001110110011001010111001001111001001000000111001101101100011011110111011101101100011110010010110000100000011010010110111000100000011100110110111101101101011001010010000001100011011011000110010101100001011100100010000001101101011101010111010001110100011011110110111000100000011000100111001001101111011101000110100000101100001000000111011101100101011011000110110000100000011100110110101101101001011011010110110101100101011001000010110000100000011000010110111001100100
1110011011001010110000101110011011011110110111001100101011001000010000001110111011010010111010001101000001000000110111101101110011010010110111101101110001011000010000001101101011000010110001101100101001011000010000001110000011001010111000001110000011001010111001000101100001000000110000101101110011001000010000001110011011000010110110001110100001011100010000001000001011000100110111101110101011101000010000001101000011000010110110001100110001000000110000101101110001000000110100001101111011101010111001000100000011000100110010101100110011011110111001001100101
11010010111010000100000011000100110010100100000011100100110010101100001011001000111100100101100001000000111000001110101011101000010000001101001011011100010000001100001001000000111000101110101011000010111001001110100011001010111001000100000011011110110011000100000011000010010000001110000011010010110111001110100001000000110111101100110001000000111001001101001011000110110010100101100001000000111011101100101011011000110110000100000011101110110000101110011011010000110010101100100001000000110000101101110011001000010000001110011011011110110000101101011011001010110010000101110
10100110110100101101101011011010110010101110010001000000111010001101001011011000110110000100000011101000110010101101110011001000110010101110010001110110010000001110100011010000110010101101110001000000111001101110100011100100110000101101001011011100010000001100110011100100110111101101101001000000111010001101000011001010010000001100010011100100110111101110100011010000010110000100000011000010110111001100100001000000111000001110101011101000010000001110100011010000110010100100000011100100110100101100011011001010010000001101111011011100010000001100001
11100110110100101100101011101100110010100100000011000100110010101100110011011110111001001100101001000000111010001101000011001010010000001100110011010010111001001100101001011100010000001001011011001010110010101110000001000000111010001101000011001010010000001100110011011110111011101101100001000000110100001101111011101000011101100100000011011000110000101111001001000000110100101110100001000000110100101101110001000000111010001101000011001010010000001101101011010010110010001100100011011000110010100100000011011110110011000100000011101000110100001100101
110010001101001011100110110100000101100001000000110000101101110011001000010000001110100011010000110010100100000011100100110100101100011011001010010000001110010011011110111010101101110011001000010000001101001011101000010110000100000011101110110100101110100011010000110111101110101011101000010000001110100011010000110010100100000010111110110001001110010011011110111010001101000010111110011101100100000011101110110100001101001011000110110100000100000011101110110100101101100011011000010000001100010011001010010000001110110011001010111001001111001
11011100110100101100011011001010010000001110100011011110010000001100101011000010111010000100000011000010111001100100000011100110111010101