1101110110100101110100011010000010000001110011011011110110110101100101
1100111011100100110000101110110011110010010000001101101011000010110010001100101001000000110111101100110001000000111010001101000011001010010000001100010011001010110010101100110001000000110001001101111011011100110010101110011001011000010000001101111011100100010000001110100011010000110010100100000011001110111001001100001011101100111100100100000011011110110011000100000011101000110100001100101001000000110110101100101011000010111010000101100001000000110000101101110011001000010000001100001001000000111001101110000011011110110111101101110011001100111010101101100
11011110111001000100000011101000111011101101111001000000110111101100110001000000111011101100001011101000110010101110010001011000010000001100001011011100110010000100000011100110111010001100101011101110010000001110100011010000110010101101101001000000111010001101001011011000110110000100000011101000110010101101110011001000110010101110010001011100010000001000110011100100110010101110011011010000010000001101101011001010110000101110100001000000111011101101001011011000110110000100000011001000110111100101110
10111110101010001101111001000000110010001110010011001010111001101110011001000000110010001101001011101000111010001101111001011000010000001100011011000010110110001101100011001010110010000100000010100110110000101101110011001000110010101110010011100110010111001011111
10011010110100101101110011000110110010100100000011100110110110101100001011011000110110000100000011000100110010101100101011001100010000001101111011100100010000001101101011101010111010001110100011011110110111000101100001000000110111101101110011010010110111101101110001011000010000001110000011001010111000001110000011001010111001000101100001000000110000101101110011001000010000001110011011000010110110001110100001110110010000001100001011001000110010000100000011000010010000001101100011010010111010001110100011011000110010100100000011001110111001001100001011101100111100100111010
11100000111010101110100001000000110100101101110011101000110111100100000011100110110001101100001011011000110110001101111011100000111001101101000011001010110110001101100011100110010000001101111011100100010000001110011011000010111010101100011011001010111001001110011001110100010000001101101011000010110101101100101001000000111010001101000011001010110110100100000011101000110100001110010011001010110010100100000011100000110000101110010011101000111001100100000011001100111010101101100011011000011101100100000011101000110100001100101011011100010000001100110011010010110110001101100
1110100011010000110010101101101001000000111010101110000001000000111011101101001011101000110100000100000011100000110111101110100011000010111010001101111011001010111001100101100001000000110110101100001011100110110100001100101011001000010000001110111011010010111010001101000001000000110000100100000011011000110100101110100011101000110110001100101001000000110001101110010011001010110000101101101001110100010000001110000011101010111010000100000011000010010000001100010011010010111010000100000011011110110011000100000011000100111010101110100011101000110010101110010
1101111011011100010000001110100011010000110010100100000011101000110111101110000001011000010000001100001011011100110010000100000011000100111001001101111011101110110111000100000011101000110100001100101011011010010000001101001011011100010000001100001011011100010000001101111011101100110010101101110001011000010000001101111011100100010000001100010011001010110011001101111011100100110010100100000011101000110100001100101001000000110011001101001011100100110010100101110
101111101010100011011110010000001100100011100100110010101110011011100110010000001100100011010010111010001110100011011110010110000100000011000110110000101101100011011000110010101100100001000000100001101100101011000110110100101101100011100110010111001011111
1001101011010010110111001100011011001010010000001100001011011100111100100100000011010110110100101101110011001000010000001101111011001100010000001101101011001010110000101110100001011000010000001100011011100100111010101101101011000100111001100100000011011110110011000100000011000100111001001100101011000010110010000101100001000000110000100100000011001110110111101101111011001000010000001100100011001010110000101101100001000000110111101100110001000000110111101101110011010010110111101101110001011000010000001110011011011110110110101100101
1100001011011100110001101101000011011110111011001101001011001010111001100101100001000000110110001100101011011010110111101101110011100000110010101100101011011000010110000100000011100110110000101101100011101000010110000100000011011100111010101110100011011010110010101100111001011000010000001100011011010000110111101110000011100000110010101100100001000000111000001100001011100100111001101101100011001010111100100101100001000000110000101101110011001000010000001110000011001010111000001110000011001010111001000101100001000000110000101101110011001000010000001100001
11000100110100101110100001000000110111101100110001000000110001001110101011101000111010001100101011100100010000001110111011000010111001001101101001011000010000001100001011011100110010000100000011011010110100101111000001000000111010001101000011001010111001101100101001000000110111101110110011001010111001000100000011000010010000001100110011010010111001001100101001000000110011001101111011100100010000001100001001000000110011001100101011101110010000001101101011010010110111001110101011101000110010101110011001011100010000001010111011010000110010101101110
110001101101111011011110110110000100000011001010110111001101111011101010110011101101000001011000010000001101101011000010110101101100101001000000111010001101000011001010110110100100000011101010111000000100000011010010110111001110100011011110010000001100010011000010110110001101100011100110010000001101111011001100010000001110100011010000110010100100000011100110110100101111010011001010010000001100001011011100110010000100000011100110110100001100001011100000110010100100000011011110110011000100000011000010010000001110100011101010111001001101011011001010111100111100010100000001001100101110011
11001010110011101100111001011000010000001110111011010010111010001101000001000000110000101101110001000000110010101100111011001110010111000100000010001100111001001111001001000000111010001101000011001010110110100101100001000000111011101101000011001010110111000100000011100110111000001110010011010010110111001101011011011000110010101100100001000000111011101101001011101000110100000100000011001100110100101101110011001010010000001100011011100100111010101101101011000100111001100101100001000000110111101100110001000000110000100100000011110010110010101101100011011000110111101110111
1100010011100100110111101110111011011100010110000100000011000010110111001100100001000000111001101100101011100100111011001100101001000000111011101101001011101000110100000100000011001110111001001100001011101100111100100100000011000010111001100100000011000010110001001101111011101100110010100101110
101111101001101011010010110111001100011011001010110010000100000010000100110010101100101011001100010111001011111
10100110110100001110010011001010110010000100000011001100110100101101110011001010010000001110100011010000110010100100000011101010110111001100100011001010111001001100100011011110110111001100101001000000111000001100001011100100111010000101100001000000111011101101001011101000110100000100000011100110110111101101101011001010010000001101111011001100010000001110100011010000110010100100000011001100110000101110100001011100010000001010000011101010111010000100000011010010110111001110100011011110010000001100001001000000111001101101101011000010110110001101100
11100110111010001100101011101110111000001100001011011100010110000100000011100110110111101101101011001010010000001101111011011100110100101101111011011100010110000100000011011110111001000100000011100110110100001100001011011000110111101110100001011000010000000101000011000010010000001110110011001010111001001111001001000000110110001101001011101000111010001101100011001010010000001110111011010010110110001101100001000000110010001101111001011000010100100100000011000010010000001101100011010010111010001110100011011000110010100100000011101110110000101110100011001010111001000101100
11100000110010101110000011100000110010101110010001011000010000001100001011011100110010000100000011100110110000101101100011101000011101000100000011000100110111101101001011011000010000001110100011010010110110001101100001000000111010001101000011001010010000001101111011011100110100101101111011011100010000001100010011001010010000001110001011101010110100101110100011001010010000001110011011011110110011001110100001110110010000001110100011010000110010101101110001000000111000001110101011101000010000001110011011011110110110101100101001000000110111101100110
11101000110100001100101001000000110011101110010011000010111011001111001001000000110111101100110001000000111010001101000011001010010000001101101011001010110000101110100001000000111010001101111001000000110100101110100001011000010000001100001011011100110010000100000011101000110100001100101001000000110110101101001011011100110001101100101001011100010000001000100011011110010000001101110011011110111010000100000011011000110010101110100001000000110100101110100001000000110001001101111011010010110110000101110001000000100100001100001011101100110100101101110011001110010000001100001
11100110110110101100001011011000110110000100000011010000110111101110100001000000110010001101001011100110110100000101100001000000111011101101001011101000110100000100000011100110110100101110000011100000110010101110100011100110010000001101111011001100010000001100010011100100110010101100001011001000010000001110010011001010110000101100100011110010010110000100000011100000110111101110101011100100010000001110100011010000110010100100000011011010110100101101110011000110110010100100000011010010110111001110100011011110010000001101001011101000011101100100000011000100111010101110100
11001100110100101110010011100110111010000100000011011010110100101111000001000000110000100100000011011000110000101110010011001110110010100100000011100110111000001101111011011110110111001100110011101010110110000100000011011110110011000100000011101100110100101101110011001010110011101100001011100100010000001110111011010010111010001101000001000000110100101