10000001101100011001010111010000100000011101000110100001100101
11100000111001001101111011100000110111101110010011101000110100101101111011011100010000001101111011001100010000001110011011000010110110001110100011100000110010101110100011100100110010100100000011000100110010100100000011001110111001001100101011000010111010001100101011100100010110000100000011100000111010101110100011101000110100101101110011001110010000001101001011011100010000001110011011011110110110101100101001000000111000001101001011001010110001101100101011100110010000001101111011001100010000001101100011001010110000101101110001000000111000001101111011100100110101100101100
11000010110111001100100001000000111010001101000011001010110111000100000011000110110111101110110011001010111001000100000011010010111010000100000011101110110100101110100011010000010000001100011011011110111011101101000011001010110010101101100001011000010000001110100011011110010000001101100011011110110111101101011001000000110110001101001011010110110010100100000011101000110100001100101001000000110100001101111011100100110111000101110
101010001101000011010010111001100100000011011010110000101111001001000000110001001100101001000000110101101100101011100000111010000100000011010010110111000100000011011110111001000100000011011110111010101110100001000000110111101100110001000000111000001101001011000110110101101101100011001010010000001101111011001100010000001110011011000010110110001110100001011000010000001100001011011100110010000100000011101110110000101110100011001010111001000100000011000100110111101101001011011000110010101100100001011000010000001110111011010010111010001101000
1110110011010010110111001100101011001110110000101110010001110110010000001100001011011100110010000100000011010010111001100100000011000010010000001110110011001010111001001111001001000000110001101101111011011100111011001100101011011100110100101100101011011100111010000100000011101000110100001101001011011100110011100100000011101000110111100100000011010000110000101110110011001010010000001101001011011100010000001110100011010000110010100100000011010000110111101110101011100110110010100101110
10010010110011000100000011011000110100101101011011001010110110001111001001000000111010001101111001000000111001101110000011011110110100101101100001011000010000001110011011011000110100101100011011001010010000001100001011011100110010000100000011001100111001001111001001000000110100101110100001000000111011101101001011101000110100000100000011011110111001000100000011101110110100101110100011010000110111101110101011101000010000001100010011101010111010001110100011001010111001000101110
1011111010101000110111100100000011100100110111101100001011100110111010000100000011000010010000001001100011001010110011100100000011011110110011000100000010100000110111101110010011010110010111001011111
100001101101000011011110110111101110011011001010010000001100001001000000111001101101101011000010110110001101100001000000110110001100101011001110010000001101111011001100010000001100110011010010110111001100101001000000111100101101111011101010110111001100111001000000111000001101111011100100110101100101100001000000110001101110101011101000010000001100001001000000111001101101100011010010111010000100000011010010110111000100000011101000110100001100101001000000110101101101110011101010110001101101011011011000110010100100000011101110110100101110100011010000010000001100001
1110011011010000110000101110010011100000010000001101011011011100110100101100110011001010010110000100000011000010110111001100100001000000110011001101001011011000110110000100000011101000110100001100101001000000111001101110000011000010110001101100101001000000111011101101001011101000110100000100000011100110110000101100111011001010010000001100001011011100110010000100000011011110110111001101001011011110110111000101100001000000110001101101000011011110111000001110000011001010110010000101100001000000110000101101110011001000010000001100001
11011000110100101110100011101000110110001100101001000000111000001100101011100000111000001100101011100100010000001100001011011100110010000100000011100110110000101101100011101000010111000100000010101110110100001100101011011100010000001101000011000010110110001100110001000000110010001101111011011100110010100101100001000000111001101100011011011110111001001100101001000000111010001101000011001010010000001110011011010110110100101101110001000000110100101101110001000000111001101101100011010010110001101100101011100110010110000100000011000100111010101110100001000000110010001101111
110111001101111011101000010000001100011011101010111010000100000011001000110010101100101011100000110010101110010001000000111010001101000011000010110111000100000011101000110100001100101001000000110111101110101011101000110010101110010001000000111001001101001011011100110010000101110
10000010111000001110000011011000110010100100000011100110110000101110101011000110110010100100000011000010110111001100100001000000111000001101111011101000110000101110100011011110110010101110011001000000111001101101000011011110111010101101100011001000010000001100010011001010010000001110011011001010111001001110110011001010110010000100000011101000110111100100000011001010110000101110100001000000111011101101001011101000110100000100000011010010111010000101110
101111101010100011011110010000001100010011011110110100101101100001000000110000100100000010011000110010101100111001000000110111101100110001000000101000001101111011100100110101101011111
10100110110000101101100011101000010000001101001011101000010000001100101011010010110011101101000011101000010000001101111011100100010000001110100011001010110111000100000011001000110000101111001011100110011101100100000011101110110100001100101011011100010000001110100011011110010000001100010011001010010000001100100011100100110010101110011011100110110010101100100001011000010000001110111011001010110100101100111011010000010000001101001011101000011101100100000011011000110010101110100001000000110100101110100001000000110110001101001011001010010000001101000011000010110110001100110
1100001011011100010000001101000011011110111010101110010001000000110100101101110001000000110001101101111011011000110010000100000011101110110000101110100011001010111001000100000011101000110111100100000011011010110000101101011011001010010000001101001011101000010000001110111011010000110100101110100011001010011101100100000011000010110110001101100011011110111011100100000011000010010000001110001011101010110000101110010011101000110010101110010001000000110111101100110001000000110000101101110001000000110100001101111011101010111001000100000011001100110111101110010
11001010111011001100101011100100111100100100000011100000110111101110101011011100110010000101100001000000110000101101110011001000010000001101000011000010110110001100110001000000110000101101110001000000110100001101111011101010111001000100000011011110111011001100101011100100010000001100110011100100110111101101101001000000111010001101000011001010010000001110100011010010110110101100101001000000110100101110100001000000110001001101111011010010110110001110011001000000111010101110000001110110010000001110011011010110110100101101101001000000110100101110100001000000110000101110011
11100110110111101101111011011100010000001100001011100110010000001101001011101000010000001100010011011110110100101101100011100110010110000100000011000010110111001100100001000000110011001110010011001010111000101110101011001010110111001110100011011000111100100100000011000010110011001110100011001010111001000101110001000000100000101101100011011000110111101110111001000000111011101100001011101000110010101110010001000000110010101101110011011110111010101100111011010000010111000100000010100110110000101110110011001010010000001110011011011110110110101100101001000000110111101100110
11010010111010000100000011101000110111100100000011011010110000101101011011001010010000001110000011001010110000101110011011001010010000001110011011011110111010101110000001011100010000001010011011011110110110101100101001000000110001001101111011010010110110000100000011010010110111000100000011000010010000001110110011001010111001001111001001000000110111001101001011000110110010100100000011000110110110001101111011101000110100000101100001000000110011001101100011011110111010101110010011001010110010000101100001000000111011101101000011010010110001101101000
11001110110100101110110011001010111001100100000011000010010000001110110011001010111001001111001001000000110010001100101011011000110100101100011011000010111010001100101001000000110110001101111011011110110101100101110
101001101100101011100100111011001100101001000000111000001100101011000010111001101100101001000000111000001110101011001000110010001101001011011100110011100100000011000010110111001100100001000000111010001110101011100100110111001101001011100000111001100101110
10111110100010001101001011001100110011001100101011100100110010101101110011101000010000001110111011000010111100101110011001000000110111101100110001000000110010001110010011001010111001101110011011010010110111001100111001000000101000001101001011001111110001010000000100110010111001100100000010001100110010101100101011101000010000001100001011011100110010000100000010001010110000101110010011100110010111001011111
1000011011011000110010101100001011011100010000001110100011010000110010101101101001000000110001101100001011100100110010101100110011101010110110001101100011110010010110000100000011000010110111001100100001000000111001101101111011000010110101100100000011101000110100001100101011011010010000001110011011011110110110101100101001000000110100001101111011101010111001001110011001110100010000001100010011011110110100101101100001000000111010001101000011001010110110100100000011101000110010101101110011001000110010101110010001011000010000001110100011010000110010101101110
11101000110000101101011011001010010000001110100011010000110010101101101001000000110111101110101011101000011101100100000011000010110111001100100001000000111011101101001011101000110100000100000011100110110111101101101011001010010000001101111011001100010000001110100011010000110010100100000011101110110000101110100011001010111001000100000011000100110111101101001011011000010000001110011011011110110110101100101001000000111011001101001011011100110010101100111011000010111001000100000011000010110111001100100001000000110000100100000011011000110100101110100011101000110110001100101
1