0000110110001101001011001110110100001110100001000000110010001101111011101010110011101101000001000000111011101101001011101000110100000100000011110010110010101100001011100110111010000101100001000000110000101110011001000000110011001101111011100100010000001100010011100100110010101100001011001000010110000100000011000100111010101110100001000000111011101101001011101000110100000100000011011010110100101101100011010110010000001101001011011100111001101110100011001010110000101100100
11011110110011000100000011101110110000101110100011001010111001000101100001000000110000101101110011001000010000001110000011101010111010000100000011100110110000101101100011101000010111000100000010011000110010101110100001000000110100101110100001000000111001001101001011100110110010100100000011000010110111000100000011010000110111101110101011100100010000001100010011001010110011001101111011100100110010100100000011101000110100001100101001000000110011001101001011100100110010100101110
10101000111011101100101011011100111010001111001001000000110110101101001011011100111010101110100011001010111001100100000011000100110010101100110011011110111001001100101001000000111100101101111011101010010000001100001011100100110010100100000011101000110111100100000011100110110010101110010011101100110010100101100001000000110100001100001011101100110010100100000011100100110010101100001011001000111100100100000011000010010000001101100011000010111001001100111011001010010000001110011011101000110010101110111011100000110000101101110001000000110111101100110
110001001101111011010010110110001101001011011100110011100100000011101110110000101110100011001010111001000101110001000000100110101100001011010110110010100100000011101000110100001100101001000000110010001101111011101010110011101101000001000000110100101101110011101000110111100100000011000100110000101101100011011000111001100101100001000000111010001101000011001010010000001110011011010010111101001100101001000000110111101100110001000000110000100100000011011010110100101100100011001000110110001101001011011100110011100100000011000010111000001110000011011000110010100101100
1110100011010000111001001101111011101110010000001110100011010000110010101101101001000000110100101101110001011000010000001100001011011100110010000100000011000100110111101101001011011000010000001110100011101110110010101101110011101000111100100100000011011010110100101101110011101010111010001100101011100110010111000100000010010010110011000100000011110010110111101110101001000000110010001101111011101010110001001110100001000000111011101101000011001010110111000100000011001000110111101101110011001010010000001100101011011100110111101110101011001110110100000101100
11100110111010001101001011000110110101100100000011000010010000001100011011011000110010101100001011011100010000001100110011011110111001001101011001000000110100101101110011101000110111100100000011011110110111001100101001011000010000001100001011011100110010000100000011010010110011000100000011010010111010000100000011000110110111101101101011001010010000001101111011101010111010000100000011000110110110001100101011000010111001000101100001000000110100101110100001000000110100101110011001000000110010001101111011011100110010100101110
10101000110100001100101001000000111011101100001011110010010000001110100011011110010000001100101011000010111010000100000011101000110100001100101011011010010000001101001011100110010000001110100011011110010000001110100011001010110000101110010001000000111010001101000011001010110110100100000011000010111000001100001011100100111010000100000011011110110111000100000011101000110100001100101001000000111010001101111011100000010000001110111011010010111010001101000001000000111010001110111011011110010000001100110011011110111001001101011011100110010110000100000011001100110111101110010
111010001101000011001010111100100100000011000100110010101100011011011110110110101100101001000000110100001100101011000010111011001111001001000000110001001111001001000000111010001101000011001010110100101110010001000000110111101110111011011100010000001110011011101000110010101100001011011010010111000100000010001010110000101110100001000000110100101101101011011010110010101100100011010010110000101110100011001010110110001111001001000000111011101101001011101000110100000100000011011010110010101100001011101000010110000100000011100110111010101100111011000010111001000101100
11000100111010101110100011101000110010101110010001000000110111101110010001000000111001101100001011011000111010000101110
10111110101001001110101011100110111001101101001011000010110111000100000010100110110010101100101011001000010110000100000011011110111001000100000011001110111001001101111011101010110111001100100001000000101001001101001011000110110010100100000010100000111010101100100011001000110100101101110011001110010111001011111
10000100110111101101001011011000010000001100001001000000110110001100001011100100110011101100101001000000111001101110000011011110110111101101110011001100111010101101100001000000110100001100101011000010111000001100101011001000010000001101111011001100010000001100101011010010111010001101000011001010111001000100000011010010110111000100000011000010010000001110000011010010110111001110100001000000110111101100110001000000110111001100101011101110010000001101101011010010110110001101011001011000010000001110111011010010111010001101000
110110001100101011011010110111101101110011100000110010101100101011011000010000001100001011011100110010000100000011000110110100101101110011011100110000101101101011011110110111000101110001000000101011101101000011001010110111000100000011000110110111101101100011001000010000001100001011001000110010000100000011100110111010101100111011000010111001000101100001000000110111001110101011101000110110101100101011001110010110000100000011000010110111001100100001000000111010001110111011011110010000001100101011001110110011101110011001011000010000001110111011001010110110001101100
110001001100101011000010111010001100101011011100010111000100000010000100110000101101011011001010010000001110111011010010111010001101000001000000110000100100000011000110111001001110101011100110111010000100000011100100110111101110101011011100110010000100000011101000110100001100101001000000110010001101001011100110110100000101110
1011111010011110110001001110011011001010111001001110110011000010111010001101001011011110110111001110011001000000110111101101110001000000110110101100001011010110110100101101110011001110010000001010000011101010110010001100100011010010110111001100111011100110010111001011111
101010001101000011001010010000001101111011101010111010001110011011010010110010001100101001000000110111101100110001000000110000100100000011000100110111101101001011011000110010101100100001000000111000001110101011001000110010001101001011011100110011100100000011011110110011001110100011001010110111000100000011101000110000101110011011101000110010101110011001000000110010001101001011100110110000101100111011100100110010101100101011000010110001001101100011110010010110000100000011101110110100001101001011000110110100000100000011000010111001001101001011100110110010101110011
1100110011100100110111101101101001000000111010001101000011001010010000001100011011011000110111101110100011010000010000001101110011011110111010000100000011000100110010101101001011011100110011100100000011011100110100101100011011001010110110001111001001000000111011101100001011100110110100001100101011001000010110000100000011000010110111001100100001000000110101101100101011100000111010000100000011010010110111000100000011000010010000001100100011100100111100100100000011100000110110001100001011000110110010100101110001000000100100101110100
11100110110100001101111011101010110110001100100001000000110001001100101001000000110010001101001011100000111000001100101011001000010000001101001011011100010000001100010011011110110100101101100011010010110111001100111001000000111011101100001011101000110010101110010001011000010000001110011011100010111010101100101011001010111101001100101011001000010000001100100011100100111100100101100001000000110000101101110011001000010000001100110011011000110111101110101011100100110010101100100001011000010000001110111011010000110010101101110001000000111010001101111001000000110001001100101
111010101110011011001010110010000101110
10010010110011000100000011000100111001001100101011000010110010000101100001000000110100101110100001000000111001101101000011011110111010101101100011001000010000001100010011001010010000001110100011010010110010101100100001000000110110001101111011011110111001101100101001110110010000001101001011001100010000001100010011000010111010001110100011001010111001000101100001000000111010001101001011001110110100001110100001000000110111101110110011001010111001000101110
10101000110100001100101001000000111011101100001011101000110010101110010001000000111001101101000011011110111010101101100011001000010000001100010011011110110100101101100001000000111000101110101011010010110001101101011001000000111011101101000011001010110111000100000011101000110100001100101001000000111000001110101011001000110010001101001011011100110011100100000011010010111001100100000011100000111010101110100001000000110100101101110001110110010000001100001011011100110010000100000011010010111010000100000011100110110100001101111011101010110110001100100001000000110001001100101
110110101101111011101100110010101100100001000000110000101100010011011110111010101110100001000000110011001101111011100100010000001100001001000000110110101101001011011100111010101110100011001010010110000100000011011000110010101110011011101000010000001110100011010000110010100100000011010010110111001100111011100100110010101100100011010010110010101101110011101000111001100100000011100110110100001101111011101010110110001100100001000000110111001101111011101000010000001101101011010010111100000101110
10000100110000101110100011101000110010101110010001000000111000001110101011001000110010001101001011011100110011100100000011100110110100001101111011101010110110001100100001000000110001001100101001000000111001101110100011100100110000101101001011011100110010101100100001000000111010001101000011100100110111101110101011001110110100000100000011000010010000001100011011011110110000101110010011100110110010100100000011100110110100101100101011101100110010100101100001000000111011101101000011001010110111000100000011000010110110001101100001000000110100101110011
1101