10100001100101001000000111010101101110011001000110010101110010011100110110100101100100011001010010000001101111011001100010000001100001
11001000110100101110011011010000010110000100000011101000110111100100000011001000111001001100001011010010110111000111011001000000110000101101110011001000010000001101001011001100010000001110111011000010110111001110100011001010110010000100000011101100110010101110010011110010010000001101110011010010110001101100101001011000010000001100001001000000111001101101000011001010110010101110100001000000110111101100110001000000110001101100001011100000010000001110000011000010111000001100101011100100010000001101101011101010111001101110100001000000110001001100101
1110000011101010111010000100000011101000110111100100000011100100110010101100011011001010110100101110110011001010010000001110100011010000110010100100000011001100110100101110011011010000010110000100000011101110110100001101001011000110110100000100000011100110110100001101111011101010110110001100100001000000110110001101111011011110110101100100000011000010010000001100010011001010110000101110101011101000110100101100110011101010110110000100000011000110110111101101100011011110111010101110010001011000010000001100001011011100110010000100000011000010110110001101100
1110100011010000110010100100000011000110111001001110101011011010110001001110011001000000110000101110000011100000110010101100001011100100010000001100100011010010111001101110100011010010110111001100011011101000011101100100000011101000110100001100101001000000110011001101001011100110110100000100000011000100110010101101001011011100110011100100000011001100111001001100101011001010010000001100110011100100110111101101101001000000110000101101100011011000010000001100111011100100110010101100001011100110110010100101110
100011101100001011100100110111001101001011100110110100000100000011101110110100101110100011010000010000001100001001000000110011001110010011010010110111001100111011001010010000001101111011001100010000001100011011101010111001001101100011001010110010000100000011100100110000101110111001000000111000001100001011100100111001101101100011001010111100100101100001000000110111101110010001000000111000001100001011100100111001101101100011001010111100100100000011001100111001001101001011001010110010000101100001000000111011101101000011010010110001101101000
110110101110101011100110111010000100000011000100110010100100000011101000110100001110101011100110010000001100100011011110110111001100101001110100010000001110111011010000110010101101110001000000111011101100001011100110110100001100101011001000010000001100001011011100110010000100000011100000110100101100011011010110110010101100100001011000010000001110100011010000111001001101111011101110010000001101001011101000010000001100001011001110110000101101001011011100010000001101001011011100111010001101111001000000110001101101100011001010110000101101110
111011101100001011101000110010101110010001110110010000001110111011010000110010101101110001000000111010001101000011001010010000001101100011000010111001001100100001000000110111101110010001000000110010001110010011010010111000001110000011010010110111001100111001000000110001001101111011010010110110001110011001011000010000001110100011010000111001001101111011101110010000001110100011010000110010100100000011100000110000101110010011100110110110001100101011110010010000001101001011011100111010001101111001000000110100101110100
1101001011011010110110101100101011001000110100101100001011101000110010101101100011110010010000001100110011100100110111101101101001000000111010001101000011001010010000001110111011000010111010001100101011100100010110000100000011000010110111001100100001000000110100101101110011100110111010001100001011011100111010001101100011110010010000001101001011101000010000001110111011010010110110001101100001000000110001001100101001000000110011101110010011001010110010101101110001011000010000001100001011011100110010000100000011000110111001001101001011100110111000000101100
11000010110111001100100001000000110110101110101011100110111010000100000011000100110010100100000011101000110000101101011011001010110111000100000011101010111000000100000011101110110100101110100011010000010000001100001001000000111001101101100011010010110001101100101001011100010000001010100011010000110100101110011001000000110110101100001011110010010000001100010011001010010000001100100011011110110111001100101001000000110000101100110011101000110010101110010001000000111010001101000011001010010000001100110011010010111001101101000001000000110100101110011
11001100111001001101001011001010110010000101110
100100101100110001000000110011001101001011100110110100000100000011010010111001100100000011101000110111100100000011000100110010100100000011000100111001001101111011010010110110001100101011001000010110000100000011010010111010000100000011011010111010101110011011101000010000001100010011001010010000001110011011001010110000101110011011011110110111001100101011001000010000001100001011011100110010000100000011001100110110001101111011101010111001001100101011001000010110000100000011000010110111001100100001000000111000001110101011101000010000001101111011011100010000001100001
11001110111001001101001011001000110100101110010011011110110111000100000011101000110100001100001011101000010000001101001011100110010000001110110011001010111001001111001001000000110001101101100011001010110000101101110001110110010000001100001011011100110010000100000011101110110100001100101011011100010000001101000011011110111010000101100001000000110100101110100001000000111001101101000011011110111010101101100011001000010000001100010011001010010000001110010011101010110001001100010011001010110010000100000011101110110100101110100011010000010000001100001
1100010011010010111010000100000011011110110011000100000011100110111010101100101011101000010000001110100011011110010000001110000011100100110010101110110011001010110111001110100001000000111010001101000011001010010000001100110011010010111001101101000001000000110011001110010011011110110110100100000011100110111010001101001011000110110101101101001011011100110011100101110001000000100100101110100001000000110110101110101011100110111010000100000011000100110010100100000011000100111001001101111011010010110110001100101011001000010000001101111011011100010000001100001
111011001100101011100100111100100100000011000110110110001100101011000010111001000100000011001100110100101110010011001010010110000100000011101000110100001100001011101000010000001101001011101000010000001101101011000010111100100100000011011100110111101110100001000000111010001100001011100110111010001100101001000000110111101100110001000000111001101101101011011110110101101100101001110110010000001100001011011100110010000100000011011100110111101110100001000000111010001101111011011110010000001101110011001010110000101110010001011000010000001110100011010000110000101110100
110100101110100001000000110110101100001011110010010000001101110011011110111010000100000011000100110010100100000011100110110001101101111011100100110001101101000011001010110010000101110
1011111010000010110111000100000011001010111100001100011011001010110110001101100011001010110111001110100001000000110100101101101011010010111010001100001011101000110100101101111011011100010000001101111011001100010000001010011011101000111010101110010011001110110010101101111011011100010111001011111
10101000110000101101011011001010010000001100001001000000110011001101001011011100110010100100000011011000110000101110010011001110110010100101100001000000110001001110101011101000010000001101110011011110111010000100000011000010110111000100000011011110110110001100100001000000111010001110101011100100110101101100101011110010011101100100000011100000110100101100011011010110010000001101001011101000010000001101101011011110111001101110100001000000110111001101001011000110110010101101100011110010011101100100000011100110110100101101110011001110110010100100000011010010111010000101100
110000101101110011001000010000001101101011000010110101101100101001000000110100101110100001000000111011001100101011100100111100100100000011000110110110001100101011000010110111000111011001000000110001001101111011011100110010100101100001000000111011101100001011100110110100000101100001000000110000101101110011001000010000001100100011100100111100100100000011010010111010000111011001000000111010001101001011001010010000001101001011101000010000001100001011000110111001001101111011100110111001100100000011000010110111001100100
11000010110001101110010011011110111001101110011001011000010000001110111011010010111010001101000001000000110000100100000011000100110100101110100001000000110111101100110001000000110110101100001011101000010000001110011011101000111001001101001011011100110011100101100001000000111011101100001011100110110100001100101011001000010000001100011011011000110010101100001011011100010110000100000011000010111001100100000011101000110100001100101011110010010000001110100011010010110010100100000011100110111010001110101011100100110011101100101011011110110111000101110
10100000111010101110100001000000110100101101110011101000110111100100000011000010010000001110110011001010111001001111001001000000110111001101001011000110110010100100000011101000110100101101110001000000111001101100001011101010110001101100101011100000110000101101110001000000110000100100000011100010111010101100001011100100111010000100000011011110110011000100000011101110110000101110100011001010111001000101100001000000111010001101000011001010010000001110011011000010110110101100101001000000110111101100110001000000111011001101001011011100110010101100111011000010111001000101100
110000101101110011001000010000001101111011001100010000001110111011010000110100101110100011001010010000001110111011010010110111001100101001011000010000001110100011010000110000101110100001000000110100101110011001000000110111001101111011101000010000001110011011101110110010101100101011101000010110000100000011000010110111001100100001000000110000100100000011101100110010101110010011110010010000001101100011000010111001001100111011001010010000001101000011000010110111001100100011001100111010101101100001000000110111101100110001000000111001101100001011011000111010000101110
1001100011001010111010000100000011000100110111101101001011011000010110000100000011000010110111001100100001000000111001101101011011010010110110100100000011101110110010101101100011011000010110000