0111001101101001011001100111010000100000011000010010000001101100011010010111010001110100011011000110010100100000011100110111010101100111011000010111001000101100001000000110000101101110011001000010110000100000011010010110011000100000011110010110111101110101001000000110110001101001011010110110010100100000011010010111010000101100
1101110011101010111010001101101011001010110011100101110
100111101110010001000000111000001101111011101010111001000100000011000100110111101101001011011000110100101101110011001110010000001110111011000010111010001100101011100100010000001101111011101100110010101110010001000000110000100100000011000110110000101110000011101000110000101101001011011101110001010000000100110010111001100100000011000100110100101110011011000110111010101101001011101000010110000100000011000100111001001101111011010110110010101101110001000000110100101101110001000000111000001101001011001010110001101100101011100110010110000100000011000010110111001100100
1110011011101000110010101100001011011010010000001101001011101000010000001100100011011110111011101101110001000000110100101101110001000000110000100100000011000100110000101110011011011110110111000111011001000000111011101101000011001010110111000100000011100110110111101100110011101000010110000100000011000010110010001100100001000000110000100100000011011000110100101110100011101000110110001100101001000000111001101110100011100100110111101101110011001110010000001110011011011110111010101100011011010000110111101101110011001110010000001110100011001010110000100101100
110001101110010011001010110000101101101001011000010000001100001011011100110010000100000011100110111010101100111011000010111001000101100001000000110111101110010001000000111011101101001011011100110010100101100001000000111001101110101011001110110000101110010001011000010000001100001011011100110010000100000011011100111010101110100011011010110010101100111001110110010000001101111011100100010000001100001001000000111010001100101011000010110001101110101011100000110011001110101011011000010000001101111011001100010000001110111011001010110000101101011
11100100111010101101101001011000010000001101111011100100010000001100010011100100110000101101110011001000111100100100000011000010110111001100100001000000111011101100001011101000110010101110010001011000010000001110111011010010111010001101000001000000111001101110101011001110110000101110010001011000010000001101010011101010111001101110100001000000111010001101111001000000110011101101001011101100110010100100000011101000110000101110011011101000110010100101110
10111110101001101100001011011000110111101101111011100000010111001011111
10000100110111101101001011011000010000001100001001000000110110001101001011101000111010001101100011001010010000001110111011000010111010001100101011100100010110000100000011101110110100101110100011010000010000001110111011010010110111001100101001011000010000001101100011001010110110101101111011011100111000001100101011001010110110000101100001000000110000101101110011001000010000001110011011101010110011101100001011100100010110000100000011101000110111101100111011001010111010001101000011001010111001000111011001000000111010001101000011001010110111000100000011011010110100101111000
11101110110100101110100011010000010000001100001001000000111001101101101011000010110110001101100001000000111000101110101011000010110111001110100011010010111010001111001001000000110111101100110001000000111010001101000011001010010000001110000011011110111011101100100011001010111001000101100001000000111000001110010011001010111011001101001011011110111010101110011011011000111100100100000011100100111010101100010011000100110010101100100001000000111001101101101011011110110111101110100011010000010110000100000011101110110100101110100011010000010000001100001
1101100011010010111010001110100011011000110010100100000011000110110111101101100011001000010000001110111011000010111010001100101011100100011101100100000011100110111010001101001011100100010000001101001011101000010000001100001011011000110110000100000011101000110111101100111011001010111010001101000011001010111001000101100001000000110000101101110011001000010000001100010011011110110100101101100001000000110100101110100001000000110000100100000011001100110010101110111001000000110110101101001011011100111010101110100011001010111001100101110
1010100010000000100000001000000010000000100000001000000010000000101010001000000010000000100000001000000010000000100000001000000010101000100000001000000010000000100000001000000010000000100000001010100010000000100000001000000010000000100000001000000010000000101010
100100100100000011100000111001001101111011011010110100101110011011001010110010000100000011000010010000001100110011001010111011100100000011010000110100101101110011101000111001100101100001000000111010001101111001000000110010101101110011000010110001001101100011001010010000001100101011101100110010101110010011110010010000001100110011000010110110101101001011011000111100100100000011101000110111100100000011000010111001101110011011010010111001101110100001000000111010001101000011001010010000001110000011011110110111101110010001000000110111101100110
11101000110100001100101011010010111001000100000011011100110010101101001011001110110100001100010011011110111001001101000011011110110111101100100001000000110000101110100001000000110000100100000011101100110010101110010011110010010000001110100011100100110100101110110011010010110000101101100001000000110010101111000011100000110010101101110011100110110010100111011001000000110000101101110011001000010000001110100011010000110010101110011011001010010000001101101011000010111100100100000011000100110010100100000011101100110000101110010011010010110010101100100001000000110111101110010
11000010110110101100101011011100110010001100101011001000010000001100001011101000010000001110100011010000110010100100000011001000110100101110011011000110111001001100101011101000110100101101111011011100010000001101111011001100010000001110100011010000110010100100000011011010110100101110011011101000111001001100101011100110111001100101110
101011101101000011001010111001001100101001000000110001101101111011101110111001100100000011000010111001001100101001000000110101101100101011100000111010000101100001000000110000100100000011010100111010101100111001000000110111101100110001000000111001101101011011010010110110101101101011001010110010000100000011011010110100101101100011010110010000001101001011100110010000001100001001000000111011001100001011011000111010101100001011000100110110001100101001000000111000001110010011001010111001101100101011011100111010000101110
101011101101000011001010110111000100000011101000110100001100101001000000110111101110110011001010110111000100000011010010111001100100000011010000110111101110100001011000010000001100001001000000110110001100001011100100110011101100101001000000111000001110101011001000110010001101001011011100110011100100000011011010110000101111001001000000110001001100101001000000110001001100001011010110110010101100100001011000010000001100001011011100110010000100000011001110110100101110110011001010110111000100000011101000110111100100000011000010010000001110011011010010110001101101011
11011110111001000100000011110010110111101110101011011100110011100100000011001100110000101101101011010010110110001111001001110110010000001100001011011100110010000100000011101000110100001110101011100110010000001101101011000010110010001100101001011000010000001110100011010000110010100100000011101000111001001101111011101010110001001101100011001010010000001101001011100110010000001101100011010010111010001110100011011000110010100111010001000000110100101101110011101000110111100100000011000010010000001100100011001010110010101110000
1100011011011110110000101110010011100110110010100100000011100000110000101101110001000000111000001110101011101000010000001101000011000010110110001100110001000000110000100100000011100000110111101110101011011100110010000100000011011110110011000100000011100100110100101100011011001010010110000100000011001100110111101110101011100100010000001101111011101010110111001100011011001010111001100100000011011110110011000100000011000110110111101100001011100100111001101100101001000000111001101110101011001110110000101110010001000000110111101110010
111010001110010011001010110000101100011011011000110010100101100001000000111010001110111011011110010000001110001011101010110000101110010011101000111001100100000011011110110011000100000011011010110100101101100011010110010110000100000011000010110111001100100001000000111010001110111011011110010000001101111011101010110111001100011011001010111001100100000011011110110011000100000011001000111001001101001011100000111000001101001011011100110011100101100001000000111001101100101011101000010000001101001011101000010000001100011011011110110110001100100
1101001011011100111010001101111001000000111010001101000011001010010000001101111011101100110010101101110001011100010000001001001011101000010000001110111011010010110110001101100001000000111010001100001011010110110010100100000011000010010000001100111011011110110111101100100001000000111011101101000011010010110110001100101001011000010000001100010011101010111010000100000011000100110010100100000011000010110111000100000011001010111100001100011011001010110110001101100011001010110111001110100001000000111001101101111011011000110100101100100
110011001101111011011110110010000101110
10000010010000001110110011001010111001001111001001000000110011101101111011011110110010000100000011011010110010101100001011011000010000001101101011000010111100100100000011000100110010100100000011000100110010101110011011101000110111101110111011001010110010000100000011010010110111000100000011000010010000001110100011010000110100101101110011001110010000001100011011000010110110001101100011001010110010000100000010000100111001001100101011101110110100101110011001011000010000001110111011010000110100101100011011010000010000001101001011100110010000001110100011010000111010101110011
1101101011000010110010001100101001110100010000001100011011101010111010000100000011000010010000001110110011001010111001001111001001000000111010001101000011010010110001101101011001000000111010101110000011100000110010101110010001000000110001101110010011101010111001101110100001000000110111101100110001000000110001001110010011001010110000101100100001000000110000101101110011001000010000001110000011101010111010000100000011010010