10110101100101011100100010000001110100011010010110110001101100
11101100110010101110010011110010010000001110100011001010110111001100100011001010111001000101110
101001101100101011000010111001101101111011011100010000001110111011010010111010001101000001000000111000001100101011100000111000001100101011100100010110000100000011100110110000101101100011101000010110000100000011000010110111001100100001000000100001101100001011110010110010101101110011011100110010100101100001000000110000101110100001000000110011001101001011100100111001101110100001110110010000001100001011011100110010000100000011101000110010101101110001000000110110101101001011011100111010101110100011001010111001100100000011000100110010101100110011011110111001001100101
111001101100101011100100111011001101001011011100110011100101100001000000111010001101000011100100110111101110111001000000110100101101110001000000111001101101111011011010110010100100000011100110110100001110010011001010110010000100000011100000110000101110010011100110110110001100101011110010010110000100000011000010110111001100100001000000110000100100000011101100110010101110010011110010010000001110011011011010110000101101100011011000010000001100010011010010111010000100000011011110110011000100000011101000110000101110010011100100110000101100111011011110110111000101100
11000010110111001100100001000000110101101101110011011110111010001110100011001010110010000100000011011010110000101110010011010100110111101110010011101010110110100101100001000000110001101110101011101000010000001100001011100110010000001100110011010010110111001100101001000000110000101110011001000000111000001101111011100110111001101101001011000100110110001100101001011100010000001001010011101010111001101110100001000000110001001100101011001100110111101110010011001010010000001111001011011110111010100100000011100110110010101110010011101100110010100101100
110000101100100011001000010000001110100011010000110010100100000011100110111000101110101011001010110010101111010011001010010000001101111011001100010000001100001001000000110110001100101011011010110111101101110001011100010000001000110011011110111001001100011011001010110110101100101011000010111010000100000011000100110000101101100011011000111001100100000011000010110111001100100001000000110001001101001011101000111001100100000011011110110011000100000011000100110000101100011011011110110111000100000011100100110111101101100011011000110010101100100
11100100110111101110101011011100110010000101110
101111101001101011011110110001101101011001000000101010001110101011100100111010001101100011001010010111001011111
1000010011001010111001101110000011001010110000101101011001000000110000100100000011000110110000101101100011001101110001010000000100110010111001100100000011010000110010101100001011001000010000001110111011010010111010001101000001000000111010001101000011001010010000001110011011010110110100101101110001000000110111101101110001110100010000001100011011101010111010000100000011010010110111000100000011010000110000101101100011001100010110000100000011000010110111001100100001000000110001101101100011001010110000101101110001000000110100101110100001000000111011101100101011011000110110000111011
11101000110100001100101011011100010000001101000011000010110110001100110001000000110001001101111011010010110110000100000011010010111010000101110001000000100100001100001011101100110010100100000011000010110110001101100001000000111010001101000011001010010000001101101011001010110000101110100001000000111010001100001011010110110010101101110001000000110111101100110011001100010000001101001011011100010000001110011011100010111010101100001011100100110010100100000011000100110100101110100011100110010110000100000011000010110111001100100001000000110001001110010011001010110000101101011
111010001101000011001010010000001100010011011110110111001100101011100110010000001101111011001100010000001110100011010000110010100100000011010000110010101100001011001000011101000100000011000100110111101101001011011000010000001110100011010000110010101101101001000000110100101101110001000000111001101101111011011010110010100100000011101100110010101100001011011000010000001100001011011100110010000100000011000100110010101100101011001100010000001100010011100100110111101110100011010000010110000100000011101000110111100100000011000010110010001100100001000000111010001101111
1110100011010000110010100100000011100100110100101100011011010000110111001100101011100110111001100101110001000000100011001110010011110010010000001110011011011110110110101100101001000000111001101101000011000010110110001101111011101000010000001101001011011100010000001100010011101010111010001110100011001010111001000111010001000000110010001110010011001010110010001100111011001010010000001101001011011100010000001100110011011000110111101110101011100100010000001110011011101010110011001100110011010010110001101101001011001010110111001110100001000000111010001101111
111010001101000011010010110001101101011011001010110111000100000011101000110100001100101001000000110011101110010011000010111011001111001001011000010000001110111011010000110100101100011011010000010000001110011011101000110100101110010001000000110100101101110011101000110111100100000011101000110100001100101001000000110001001110010011011110111011101101110011010010110111001100111001011000010000001100001011011100110010000100000011001110110100101110110011001010010000001101001011101000010000001101111011011100110010100100000011011110111001000100000011101000111011101101111
11000100110111101101001011011000111001100111010001000000111001101101011011010010110110100100000011000110110000101110010011001010110011001110101011011000110110001111001001011000010000001110100011010000110010101101110001000000111000001110101011101000010000001101001011011100010000001110100011010000110010100100000011010000110010101100001011001000010111000100000010100000111010101110100001000000110100101101110001000000110000100100000011100000110100101101110011101000010000001101111011001100010000001001101011000010110010001100101011010010111001001100001
11101110110100101101110011001010010110000100000011000010110111001100100001000000111001101101001011011010110110101100101011100100010000001110100011010010110110001101100001000000111010001101000011001010010000001101101011001010110000101110100001000000110001001100101001000000111000101110101011010010111010001100101001000000111010001100101011011100110010001100101011100100010111000100000010000010110001001101111011101010111010000100000011101000110010101101110001000000110110101101001011011100111010101110100011001010111001100100000011000100110010101100110011011110111001001100101
11110010110111101110101001000000111001101100101011100100111011001100101001011000010000001110000011101010111010000100000011010010110111000100000011100110110111101101101011001010010000001100010011000010111001101101001011011000010110000100000011101000110000101110010011100100110000101100111011011110110111000101100001000000110001101101000011010010111011001100101011100110010110000100000011100000110000101110010011100110110110001100101011110010010110000100000010000110110000101111001011001010110111001101110011001010010000001110000011001010111000001110000011001010111001000101100
11000010110111001100100001000000111001101100001011011000111010000100000011101000110111100100000011110010110111101110101011100100010000001110100011000010111001101110100011001010011101100100000011000010110111001100100001000000111010001110111011011110010000001110011011100000110111101101111011011100110011001110101011011000111001100100000011011110110011000100000011011010111010101110011011010000111001001101111011011110110110100100000011000110110000101110100011100110111010101110000001011000010000001100001011011100110010000100000011011110110111001100101001000000110111101100110
111001101101111011110010010111000100000010100110111000101110101011001010110010101111010011001010010000001110100011010000110010100100000011010100111010101101001011000110110010100100000011011110110011000100000011000010010000001101100011001010110110101101111011011100010000001101001011011100111010001101111001000000111010001101000011001010010000001110100011101010111001001100101011001010110111000101100001000000110000101101110011001000010000001110000011011110111010101110010001000000111010001101000011001010010000001110011011011110111010101110000
111010101110000011011110110111000100000011010010111010000101110001000000100011001101111011100100110001101100101011011010110010101100001011101000010000001100010011000010110110001101100011100110010110000100000011000010110111001100100001000000111001101101101011000010110110001101100001000000110010101100111011001110111001100101110
1011111010000010010000001100011011010000110010101100001011100000110010101110010001000000111011101100001011110010010111001011111
101000001110010011001010111000001100001011100100110010100100000011010000110000101101100011001100010000001100001001000000110001101100001011011000110011011100010100000001001100101110011001000000110100001100101011000010110010000101100001000000111011101101001011101000110100001101111011101010111010000100000011101000110100001100101001000000111001101101011011010010110111000101100001000000110000101110011001000000110000101100010011011110111011001100101001011100010000001010111011010000110010101101110001000000111010001101000011001010010000001101101011001010110000101110100001000000110100101110011
110001101110101011101000010000001101111011001100110011000101100001000000110001001110010011001010110000101101011001000000111010001101000011001010010000001100010011011110110111001100101011100110010110000100000011000010110111001100100001000000111000001110101011101000010000001101001011011100111010001101111001000000110000100100000011100110110000101110101011000110110010101110000011000010110111000101100001000000111011101101001011101000110100000100000011100110110111101101101011001010010000001100111011100100110000101110110011110010010000001101101011000010110010001100101
110111101100110001000000110001001100101011001010110011000100000011000010110111001100100001000000111011001100101011000010110110000100000011000100110111101101110011001010111001100101100001000000110000101101110011001000010000001110011011001010110000101110011011011110110111001100101011001000010000001110111011010010111010001101000001000000110011001110010011010010110010101100100001000000110111101