00011001000110010101100111011100100110010101100101011100110010110000100000011010010110111001110100011011110010000001100001011100110010000001101101011101010110001101101000
1100110011011000110111101110101011100100010000001100001011100110010000001110111011010010110110001101100001000000110110101100001011010110110010100100000011000010010000001011111011101100110010101110010011110010101111100100000011011000110100101100111011010000111010000100000011100000110000101110011011101000110010100101100001000000111001001100001011101000110100001100101011100100010000001101100011010010110101101100101001000000110000100100000011000100110000101110100011101000110010101110010001011000010000001100001011011100110010000100000011011000110010101110100
1101001011101000010000001110010011010010111001101100101001000000110001001100101011001100110111101110010011001010010000001110100011010000110010100100000011001100110100101110010011001010010000001101000011000010110110001100110001000000110000101101110001000000110100001101111011101010111001000111011001000000111010001101000011001010110111000100000011000010110010001100100001000000111001101101111011011010110010100100000011011010110111101110010011001010010000001100110011011000110111101110101011100100010000001110100011011110010000001101101011000010110101101100101
1101001011101000010000001100001001000000110110001101001011101000111010001101100011001010010000001110011011101000110100101100110011001100110010101110010001011000010000001100010011101010111010000100000011011100110111101110100001000000111001101110100011010010110011001100110001011100010000001010111011011110111001001101011001000000110100101110100001000000111011101100101011011000110110000100000011000010110111001100100001000000110010001101001011101100110100101100100011001010010000001101001011101000010000001101001011011100111010001101111
1110011011011010110000101101100011011000010000001101100011011110110000101110110011001010111001100100000011011110111001000100000011000110110000101101011011001010111001100101100001000000110000101100010011011110111010101110100001000000110011001101001011101100110010100100000011011110111001000100000011100110110100101111000001000000110100101101110011000110110100001100101011100110010000001110111011010010110010001100101001000000110000101101110011001000010000001100110011011000110000101110100011101000110010101101110001000000111010001101000011001010110110100101110
101011101101000011001010110111000100000011000100110000101101011011001010110010000100000011000010110111001100100001000000110001101101111011011000110010000101100001000000111001101101100011010010110001101100101001000000111010001101000011001010110110100100000011101000110100001100101001000000111010001101000011010010110001101101011011011100110010101110011011100110010000001101111011001100010000001110010011101010111001101101011011100110010110000100000011000010110111001100100001000000111000001110101011101000010000001110100011010000110010101101101001000000110100101101110
11101000110100001100101001000000110111101110110011001010110111000100000011101000110111100100000011000100111001001101111011101110110111000100000011000010010000001101100011010010111010001110100011011000110010100101110
1011111010011100110111101110100011001010010111001011111001000000101010001101000011001010010000001100011011000010110101101100101011100110010110000100000011101110110100001100101011011100010000001100110011010010111001001110011011101000010000001100010011000010110101101100101011001000010110000100000011001010110000101110100001000000110010001100101011011000110100101100011011010010110111101110101011100110110110001111001001000000110001001110101011101000111010001100101011100100110010101100100001000000110011001101111011100100010000001110100011001010110000100111011
11011110111001000100000011101110110100101110100011010000010000001100011011000010111001001110010011000010111011101100001011110010111001100100000011101000110111100100000011001010110000101110100001000000110001101101111011011000110010000101110
101111101000001001000000100001001101001011100110110001101110101011010010111010000100000010000110110000101101011011001010010111001011111
100111101101110011001010010000001110000011011110111010101101110011001000010000001101111011001100010000001100110011011000110111101110101011100100010110000100000011001100110100101110110011001010010000001100101011001110110011101110011001000000111011101100101011011000110110000100000011000100110010101100001011101000110010101101110001000000110000101101110011001000010000001110011011101000111001001100001011010010110111001100101011001000010110000100000011001010110100101100111011010000111010000100000011011110111010101101110011000110110010101110011001000000110111101100110
111001101110101011001110110000101110010001011000010000001100001001000000110110001101001011101000111010001101100011001010010000001110010011011110111001101100101001000000110111101110010001000000110111101110010011000010110111001100111011001010010000001100110011011000110111101110111011001010111001000100000011101110110000101110100011001010111001000111011001000000110001001100101011000010111010000100000011101000110100001100101001000000111011101101000011011110110110001100101001000000111010001101000011011110111001001101111011101010110011101101000011011000111100100101100
11000010110111001100100001000000110001001100001011010110110010100100000011011110110111001100101001000000110100001101111011101010111001000101110
10111110100001101110010011000010110001101101011011011100111010101110100011100110010111001011111
1001101011010010111100000100000011001010110100101100111011010000111010000100000011011110111010101101110011000110110010101110011001000000110111101100110001000000110011001101100011011110111010101110010001011000010000001100001011011100110010000100000011001010110100101100111011010000111010000100000011011110111010101101110011000110110010101110011001000000110111101100110001000000111001101110101011001110110000101110010001110110010000001101101011001010110110001110100001000000110011001101111011101010111001000100000011011110111010101101110011000110110010101110011
11011110110011000100000011000100111010101110100011101000110010101110010001000000110100101101110001000000111010001110111011011110010000001110011011100000110111101101111011011100110011001110101011011000111001100100000011011110110011000100000011100100110000101101001011100110110100101101110001000000111011101101001011011100110010100111011001000000111010001101000011001010110111000100000011101110110100101110100011010000010000001100110011011110111010101110010001000000110010101100111011001110111001100100000011000100110010101100001011101000110010101101110
1100001011011100110010000100000011100110111010001110010011000010110100101101110011001010110010000101100001000000110110101100001011010110110010100100000011010010110111001110100011011110010000001100001001000000111000001100001011100110111010001100101001110110010000001100001011001000110010000100000011000110110000101110010011100100110000101110111011000010111100101110011001011000010000001110010011011110110110001101100001000000110111101110101011101000010000001100001011100110010000001110100011010000110100101101110001000000110000101110011
1110000011000010111000001100101011100100010110000100000011000110111010101110100001000000111011101101001011101000110100000100000011101000110100001100101001000000111010001101111011100000010000001101111011001100010000001100001001000000110011101101100011000010111001101110011001011000010000001110111011000010111001101101000001000000111011101101001011101000110100000100000011101000110100001100101001000000111011101101000011010010111010001100101001000000110111101100110001000000110000101101110001000000110010101100111011001110010110000100000011000010110111001100100
1100100011101010111001101110100001000000111001101110101011001110110000101110010001000000110111101110110011001010111001000101110
101111101010111011000010111010001100101011100100010000001000011011000010110101101100101011100110010111001011111
10001000111001001111001001000000111010001101000011100100110010101100101001000000111000001101111011101010110111001100100011100110010000001101111011001100010000001100110011010010110111001100101001000000110011001101100011011110111010101110010001011000010000001100001011011100110010000100000011100100111010101100010001000000110100101101110011101000110111100100000011010010111010000100000011011110110111001100101001000000111000001101111011101010110111001100100001000000110111101100110001000000111001101110101011001110110000101110010
11100110110100101100110011101000110010101100100001011000010000001101111011011100110010100100000011100000110111101110101011011100110010000100000011011110110011000100000011000100111010101110100011101000110010101110010001011000010000001100001011011100110010000100000011011110110111001100101001000000110111101110101011011100110001101100101001000000110111101100110001000000110001101100001011100100111001001100001011101110110000101111001001000000111001101100101011001010110010000101110001000000100110101100001011010110110010100100000011010010110111001110100011011110010000001100001
11100000110000101110011011101000110010100100000011101110110100101110100011010000010000001110100011010000111001001100101011001010010000001110001011101010110000101110010011101000110010101110010011100110010000001101111011001100010000001100001001000000111000001101001011011100111010000100000011011110110011000100000011000100110111101101001011011000110100101101110011001110010000001101110011001010111011100100000011011010110100101101100011010110010110000100000011100100110111101101100011011000010000001110110011001010111001001111001001000000111010001101000011010010110111000101100
1100001011011100110010000100000011000110111010101110100001000000110100101101110011101000110111100100000011101000110100001100101001000000111001101101001011110100110010100100000011110010110111101110101001000000110001101101000011011110110111101110011011001010011101100100000011100000111010101101110011000110110100000100000011001100111010101101100011011000010000001101111011001100010000001101000011011110110110001100101011100110010110000100000011000010110111001100100001000000110001001100001011010110110010100100000011011110110111000100000011101000110100101101110
111000001101100011000010111010001100101011100110010000001101001011011