10100100000011101000110111101110000001000000110111101100110001000000111011101101000011010010110001101101000
1110111011010010110110001101100001000000110101001110101011100110111010000100000011001100110100101110100001000000110100101110100001011000010000001101111011100100010000001101111011011100010000001100001001000000110100001101111011101000010000001101000011001010110000101110010011101000110100000101100001000000110000101101110011001000010000001110011011101000110100101110010001000000110100101110100001000000111010001101001011011000110110000100000011010010111010000100000011001110111001001101111011101110111001100100000011101000110100001101001011000110110101100101110
1010111011010000110010101101110001000000110001101101111011011000110010000101100001000000111000001110101011101000010000001110100011011110010000001100101011101100110010101110010011110010010000001110000011010010110111001110100001000000110111101101110011001010010000001110000011011110111010101101110011001000010000001100001011011100110010000100000011000010010000001101000011000010110110001100110001000000110111101100110001000000111001101110101011001110110000101110010001011000010000001110100011010000110010100100000011001100110100101101110011001010111001101110100
1100100011011110111010101100010011011000111100100100000011100100110010101100110011010010110111001100101011001000010110000100000011100000110111101110101011011100110010001100101011001000010000001100001011011100110010000100000011100110110100101100110011101000110010101100100001000000111010001101000011100100110111101110101011001110110100000100000011000010010000001101100011000010111011101101110001000000111001101101001011001010111011001100101001011000010000001110111011010000110100101100011011010000010000001101101011101010111001101110100001000000110001001100101
110001101101111011101100110010101110010011001010110010000100000011101110110100101110100011010000010000001100110011010010110111001100101001000000110110001101001011011100110010101101110001011000010000001110100011011110010000001110000011100100110010101110110011001010110111001110100001000000110100101110100011100110010000001110111011000010111001101110100011010010110111001100111001000000111011101101000011010010110110001100101001000000111001101101001011001100111010001101001011011100110011100101110001000000100001001100101011000010111010000100000011101000110100001100101
11100110111010101100111011000010111001000100000011000010110111001100100001000000110101001110101011010010110001101100101001000000111010001101111011001110110010101110100011010000110010101110010001000000111010001101000011100100110010101100101001000000110100001101111011101010111001001110011001000000110000101101110011001000010000001100001001000000110100001100001011011000110011000100000011010010110011000100000011000010010000001101100011000010111001001100111011001010010000001110001011101010110000101101110011101000110100101110100011110010010110000100000011000100111010101110100
11101000111011101101111001000000110000101101110011001000010000001100001001000000110100001100001011011000110011000100000011001100110111101110010001000000110110001100101011100110111001100111010001000000111010001101000011001010110111000100000011001000111001001101111011100000010000001101001011101000010000001101111011011100010000001110011011010000110010101100101011101000111001100100000011011110110011000100000011101110110100001101001011101000110010100100000011101000110100001101001011000110110101100100000011100000110000101110000011001010111001000101100
1110100011010000110010100100000011100110110100101111010011001010010000001101111011001100010000001110100011010000110010100100000011001000111001001101111011100000111001100100000011100110110111101101100011001000010000001101001011011100010000001110100011010000110010100100000011100110110100001101111011100000111001100101110
101001101101111011011010110010100100000011001100111001001110101011010010111010000100000011010010111001100100000011011100110111101110100001000000111001101101111001000000111001101101111011101010111001000101100001000000110000101101110011001000010000001110100011010000110010101101110001000000110110001100101011100110111001100100000011100110111010101100111011000010111001000100000011010010111001100100000011011100110010101100011011001010111001101110011011000010111001001111001001011100010000001010100011011110010000001101011011011100110111101110111001000000110100101100110
111010001101000011001010111001001100101001000000110001001100101001000000110010101101110011011110111010101100111011010000010110000100000011011010110100101111000001000000111010001101001011011000110110000100000011101110110010101101100011011000010000001101001011011100110001101101111011100100111000001101111011100100110000101110100011001010110010000101100001000000110000101101110011001000010000001110100011010000110010101101110001000000110010001110010011011110111000000111010001000000110100101100110001000000110100101110100001000000111001001110101011011100111001100101100
11101000110100001100101011100100110010100100000011010010111001100100000011011100110111101110100001000000110010101101110011011110111010101100111011010000010000001110011011101010110011101100001011100100010110000100000011000010110111001100100001000000110100101100110001000000110100101110100001000000110100101110011001000000111010001101111011011110010000001101101011101010110001101101000001000000110100101110100001000000111011101101001011011000110110000100000011000100110010100100000011100100110111101110101011001110110100000101110001000000100000100100000011001000111001001111001
111001001101111011011110110110100100000011101110110100101101100011011000010000001110011011101010110011001100110011010010110001101100101001000000111010001101111001000000110010001110010011110010010000001110100011010000110010101101101001011100010000001001110011011110010000001101101011001010111010001100001011011000010000001101101011101010111001101110100001000000111010001101111011101010110001101101000001000000111010001101000011001010010000001101010011101010110100101100011011001010010000001100010011101010111010000100000011101000110100001100101
11100000110111101101001011011100111010000100000011011110110011000100000011000010010000001101011011011100110100101100110011001010010110000100000011010100111010101110011011101000010000001110100011011110010000001110100011000010110101101100101001000000111010001101000011001010010000001100100011100100110111101110000001000000110111101100110011001100010000001110100011010000110010100100000011001010110111001100100001000000110111101100110001000000111010001101000011001010010000001110111011011110110111101100100011001010110111000100000011100110111000001101111011011110110111000101100
1100001011011100110010000100000011101000110100001100101011011100010000001100001011100110010000001101100011010010111010001110100011011000110010100100000011000010111001100100000011100000110111101110011011100110110100101100010011011000110010100101110
10111110100011101101001011011100110011101100101011100100010000001000100011100100110111101110000011100110010110000100000011000010010000001100111011011110110111101100100001000000101001101110100011011110110110101100001011000110110100001101001011000110010111001011111
10000100110010101100001011101000010000001110100011101110110111100100000011011110111010101101110011000110110010101110011001000000110111101100110001000000110011001110010011001010111001101101000001000000110001101100001011011100110010001101001011001010110010000100000011011110111001001100001011011100110011101100101001000000110100101101110001000000110000100100000011011010110111101110010011101000110000101110010001011000010000001110111011010010111010001101000001000000110000100100000011011000110100101110100011101000110110001100101
11100110111010101100111011000010111001000101100001000000111010001101111001000000110000100100000011100000110000101110011011101000110010100111011001000000111010001101000011001010110111000100000011011010110100101111000001000000110111101101110011001010010000001101111011101010110111001100011011001010010000001101111011001100010000001110000011011110111011101100100011001010111001000100000011011110110011000100000011101110110100001101001011101000110010100100000011001110110100101101110011001110110010101110010001000000111011101101001011101000110100000100000011011110110111001100101
1110000011011110111010101101110011001000010000001101111011001100010000001101100011011110110000101100110001000000111001101110101011001110110000101110010001011100010000001010111011001010111010000100000011101000110100001100101001000000111001101110101011001110110000101110010001000000111011101101001011101000110100000100000011000010010000001101100011010010111010001110100011011000110010100100000011101110110000101110100011001010111001000101100001000000110000101101110011001000010000001100010011011110110100101101100
110000101101100011101000110111101100111011001010111010001101000011001010111001000100000011101000110111100100000011000110110000101101110011001000111100100101100001000000110000101101110011001000010000001100100011100100110111101110000001000000110100101110100001000000110111101101110001000000111000001100001011100000110010101110010001000000111010001101000011001010010000001110011011010010111101001100101001000000110111101100110001000000110110101101001011011100111010000100000011001000111001001101111011100000111001100101110
1011111010100000110010101110000011100000110010101110010011011010110100101101110011101000010000001000100011100100110111101110000011100110010111001011111
101000001101111011101010110111001100100001000000110000101101110011001000010000001110011011010010110011001110100001000000110011001101111011101010111001000100000011011110111010101101110011000110110010101110011001000000110111101100110001000000110010001101111011101010110001001101100011110010010000001110010011001010110011001101001011011100110010101100100001000000111001101110101011001110110000101110010001011000010000001100010011001010110000101110100001000000110100101110100001000000111011101101001011101000110100000100000011101000110100001100101
11101110110100001101001011101000110010101110011001000000110111101100110001000000111010001110111011011110010000001100101011001110110011101110011001000000111010001101001011011000110110000100000011100000110010101110010011001100110010101100011011101000110110001111