101011001000111001100101100001000000110000101101110011001000010000001101010011101010110100101100011011001010011101100100000011101000110100001100101011011100010000001110000011010010110001101101011001000000111010001101000011001010010000001110011011001010110010101100100011100110010000001100001011011100110010000100000011100110110101101101001011011100010000001100110011100100110111101101101
111010001101000011001010010000001110000011101010110110001110000001011100010000001010010011101010110001000100000011101000110100001100101001000000110111101110010011000010110111001100111011001010111001100100000011101110110100101110100011010000010000001100001001000000110110001101001011101000111010001101100011001010010000001110011011000010110110001110100001011000010000001100001011011100110010000100000011011000110000101111001001000000111010001101000011001010110110100100000011010010110111000100000011101110110000101110100011001010111001000100000011001100110111101110010
11000010010000001110011011010000110111101110010011101000010000001110100011010010110110101100101001011100010000001011001011011110111010100100000011000010111001001100101001000000111010001101111001000000111001101100001011101100110010100100000011101000110100001100101001000000110001001101001011101000111001100100000011000110111010101110100001000000110111101110101011101000010111000100000010100110110010101110100001000000111010001101000011001010010000001100110011100100111010101101001011101000010000001101111011011100010000001110100011011110010000001100010011011110110100101101100
110100101101110001000000110011001110010011001010111001101101000001000000111011101100001011101000110010101110010001000000111010001101001011011000110110000100000011101000110100001100101011110010010000001100001011100100110010100100000011101000110010101101110011001000110010101110010001011000010000001110011011010000110100101100110011101000110100101101110011001110010000001110100011010000110010100100000011101110110000101110100011001010111001000100000011101000110111100100000011101000110000101101011011001010010000001101111011101010111010000100000011101000110100001100101
11000100110100101110100011101000110010101110010011011100110010101110011011100110010111000100000010010010110111000100000011101000110100001100101001000000110110101100101011000010110111000100000011101000110100101101101011001010010110000100000011011010110000101101011011001010010000001100001001000000111010001101000011010010110111000100000011100110111100101110010011101010111000000100000011101110110100101110100011010000010000001100110011010010110111001100101001000000111001101110101011001110110000101110010001011000010000001100001011011100110010000100000011100000111010101110100
111010001101000011001010010000001101111011100100110000101101110011001110110010101110011001000000110100101101110011101000110111100100000011010010111010000101100001000000110000101101110011001000010000001100010011011110110100101101100001000000111010001101000011001010110110100100000011101010111000000101100001000000111010001110101011100100110111001101001011011100110011100100000011101000110100001100101011011010010000001110010011011110111010101101110011001000010110000100000011101000110100001100001011101000010000001100101011000010110001101101000
1110000011000010111001001110100001000000110110101100001011110010010000001110000011000010111001001110100011000010110101101100101001000000110111101100110001000000111010001101000011001010010000001110011011110010111001001110101011100000010110000100000011000010111001100100000011101000110100001100101011100100110010100100000011011100110010101100101011001000010000001101110011011110111010000100000011000100110010100100000011001010110111001101111011101010110011101101000001000000111010001101111001000000110001101101111011101100110010101110010
11101000110100001100101011011010010110000100000011000010110111001100100001000000110110001100101011101000010000001110100011010000110010101101101001000000111001001100101011011010110000101101001011011100010000001101001011011100010000001101001011101000010000001101000011011110111010000100000011101000110100101101100011011000010000001110100011010000110010101111001001000000110000101110010011001010010000001110100011011110010000001100010011001010010000001110011011001010111001001110110011001010110010000101110001000000100000101100010011011110111010101110100
1101000011000010110110001100110001000000110000101101110001000000110100001101111011101010111001000100000011000100110010101100110011011110111001001100101001000000111100101101111011101010010000001110111011000010110111001110100001000000111010001101000011001010110110100101100001000000111000001110101011101000010000001110011011011110110110101100101001000000111001101110101011001110110000101110010001000000111010001101111001000000111010001101000011001010010000001110000011101010110110001110000001011000010000001100001011011100110010000100000011100110110010101110100
1101111011101100110010101110010001000000111010001101000011001010010000001100110011010010111001001100101001110110010000001101101011010010111100000100000011010010111010000100000011101110110010101101100011011000010110000100000011000010110111001100100001000000110110001100101011101000010000001101001011101000010000001100010011011110110100101101100001110110010000001110100011010000110010101101110001000000110000101100100011001000010000001100001001000000111001101110000011011110110111101101110011001100111010101101100001000000110111101100110
11101110110100001101001011101000110010100100000011101110110100101101110011001010010000001100110011011110111001000100000011001010111011001100101011100100111100100100000011011110111001001100001011011100110011101100101001011100010000001000111011010010111011001100101001000000110100101110100001000000110000100100000011000100110111101101001011011000010110000100000011000010110111001100100001000000111010001101000011001010110111000100000011100000111010101110100001000000110100101101110001000000110000100100000011000100110100101110100001000000110111101100110
110011001110010011001010111001101101000001000000110001001110101011101000111010001100101011100100010110000100000011000010110111001100100001000000111001101110100011010010111001000100000011010010111010000100000011011110111011001100101011100100010000001110100011010000110010100100000011001100110100101110010011001010010000001110100011011110010000001110100011010000110100101100011011010110110010101101110001011100010000001000110011010010110110001101100001000000111010001101000011001010010000001101111011100100110000101101110011001110110010101110011
11101110110100101110100011010000010000001101001011101000010110000100000011000010110111001100100001000000111001101100101011100100111011001100101001000000111010001101000011001010110110100100000011101110110100101110100011010000010000001110011011011110110110101100101001000000110111101100110001000000111010001101000011001010010000001110011011110010111001001110101011100000010000001101001011011100010000001110100011010000110010100100000011001000110100101110011011010000010111000100000010100000111010101110100001000000111010001101000011001010010000001100010011010010111010001110011
110111101101110001000000111010001101000011001010010000001110100011011110111000000101110
10111110100001001110101011101000111010001100101011100100110010101100100001000000100111101110010011000010110111001100111011001010010000001001010011101010110100101100011011001010010111001011111
10011010110100101111000001000000111010001101000011001010010000001101010011101010110100101100011011001010010000001101111011001100010000001110011011001010111011001100101011011100010000001010011011001010111011001101001011011000110110001100101001000000110111101110010011000010110111001100111011001010111001100100000011101110110100101110100011010000010000001100110011011110111010101110010001000000111001101110000011011110110111101101110011001100111010101101100011100110010000001101111011001100010000001110010011011110111001101100101
111011101100001011101000110010101110010001011000010000001100001011011100110010000100000011000010110010001100100001000000111010001101000011001010010000001110111011010000110111101101100011001010010000001110100011011110010000001110100011010000110010100100000011110010110010101101100011010110111001100100000011011110110011000100000011001010110100101100111011010000111010000100000011000010110111001100100001000000111011101101000011010010111010001100101011100110010000001101111011001100010000001100110011011110111010101110010001000000110010101100111011001110111001100101100
11101110110010101101100011011000010000001100010011001010110000101110100011001010110111000101110001000000101010001101000011001010110111000100000011100110111010001110010011000010110100101101110001000000111010001101000011001010010000001101100011010010111000101110101011011110111001000100000011101000110111100100000011010000110000101101100011001100010000001100001001000000111000001101111011101010110111001100100001000000110111101100110001000000111001101110101011001110110000101110010001000000111000001101111011101010110111001100100011001010110010000111011
11100110111010001101001011100100010000001101001011101000010000001101111011101100110010101110010001000000110000100100000011001110110010101101110011101000110110001100101001000000110011001101001011100100110010100101100001000000110000101101110011001000010000001110111011010000110010101101110001000000110100101110100001000000110001001100101011001110110100101101110011100110010000001110100011011110010000001110100011010000110100101100011011010110110010101101110001011000010000001110000011101010111010000100000011000010110001001101111011101010111010000100000011101000110100001100101
11100110110100101111010011001010010000001101111011001100010000001100001001000000111001101101101011000010110110001101100001000000111011101100001011011000110111001110101011101000010000001101111011001100010000001100010011101010111010001110100011001010111001000111010001000000110101101100101011001010111000000100000011010010111010000100000011011110111011001100101011100100010000001110100011010000110010100100000011001100110100101110010011001010010000001100001001000000110011001100101011101110010000001101101011010010110111001110101011101000110010101110011
110110001101111011011100110011101100101011100100010110000100000011101000110100001100101011011100010000001110