1000100000011000010010000001100011011011110110111101101100001000000110111101110110011001010110111000101110
10111110100001101110010011000010110001101101011011011100110010101101100011100110010111001011111
1001101011010010111100000100000011101110110100101110100011010000010000001100001001000000111000101110101011000010111001001110100001000000110111101100110001000000110011001101100011011110111010101110010001000000110100001100001011011000110011000100000011000010010000001101110011101010111010001101101011001010110011100100000011001110111001001100001011101000110010101100100001011000010000001110100011010000110010100100000011110010110010101101100011010110111001100100000011011110110011000100000011001100110111101110101011100100010000001100101011001110110011101110011
1100010011001010110000101110100011001010110111000100000011101110110100101110100011010000010000001100110011011110111010101110010001000000111001101110000011011110110111101101110011001100111010101101100011100110010000001101111011001100010000001110010011011110111001101100101011101110110000101110100011001010111001000101100001000000110100101101110011101000110111100100000011000010010000001110011011101000110100101100110011001100010000001110000011000010111001101110100011001010010110000100000011101110110100101110100011010000010000001100011011011110110110001100100
111011101100001011101000110010101110010001110110010000001110100011010000110010101101110001000000111001001101111011011000110110000100000011010010110111000100000011000010010000001110000011011110111010101101110011001000010000001101111011001100010000001100010011101010111010001110100011001010111001000101100001000000110000101101110011001000010000001101101011000010110101101100101001000000111010001101000011001010110110100100000011010010110111001110100011011110010000001100001001000000110001101110010011000010110001101101011011011100110010101101100
111001101101000011000010111000001100101001110110010000001110000011101010111010000100000011101000110100001100101011011010010000001101001011011100111010001101111001000000110000100100000011010110110010101110100011101000110110001100101001000000110111101100110001000000110001001101111011010010110110001101001011011100110011100100000011101110110000101110100011001010111001000101100001000000110000101101110011001000010000001100010011011110110100101101100001000000111010001101000011001010110110100100000011101000110100101101100011011000010000001110100011010000110010101111001
11100110111011101101001011011010010110000100000011101000110100001100101011011100010000001110100011000010110101101100101001000000110111101110101011101000010110000100000011000010110111001100100001000000111000001110101011101000010000001110100011010000110010101101101001000000110100101101110011101000110111100100000011000110110111101101100011001000010000001110111011000010111010001100101011100100011101100100000011101110110100001100101011011100010000001101000011000010111001001100100011001010110111001100101011001000010110000100000011011000110000101111001
11101000110100001100101011011010010000001101111011101010111010000100000011101000110111100100000011001000111001001111001001011000010000001100001011011100110010000100000011000100110000101101011011001010010000001110100011010000110010101101101001000000110111101101110001000000111010001101001011011100010000001110000011011000110000101110100011001010111001100101110
10111110101001001101001011000110110010100100000010000110110000101101011011001010010111001011111
10011010110100101111000001000000111010001100101011011100010000001101111011101010110111001100011011001010111001100100000011011110110011000100000011001110111001001101111011101010110111001100100001000000111001001101001011000110110010100101100001000000111010001101000011100100110010101100101001000000110111101110101011011100110001101100101011100110010000001101111011001100010000001100110011011000110111101110101011100100010110000100000011001010110100101100111011010000111010000100000011011110111010101101110011000110110010101110011001000000110111101100110
1110000011011110111010101101110011001000110010101100100001000000111001101110101011001110110000101110010001110110010000001110100011010000110010101101110001000000111001101101001011001100111010000100000011000100111100100100000011001000110010101100111011100100110010101100101011100110010000001101001011011100111010001101111001000000110010101101001011001110110100001110100001000000111100101100101011011000110101101110011001000000110000101101110011001000010000001110011011010010111100000100000011101110110100001101001011101000110010101110011001000000110111101100110
11001010110011101100111011100110010110000100000011000010110111001100100001000000111010001101000011001010010000001110000011001010110010101101100001000000110111101100110001000000110000100100000011011000110010101101101011011110110111000100000011100110110100001110010011001010110010000100000011100110110111100100000011001100110100101101110011001010010000001110100011010000110000101110100001000000110100101110100001000000110100101110011001000000111000101110101011010010111010001100101001000000110110101100001011100110110100001100101011001000010111000100000010011010110100101111000
11101000110100001100101001000000111011101101000011011110110110001100101001000000111011101100101011011000110110000100000011010010110111000100000011000010010000001110100011010010110111000100000011100110111010001100101011101110111000001100001011011100010000001101111011101100110010101110010001000000110000100100000011101100110010101110010011110010010000001110011011011000110111101110111001000000110011001101001011100100110010100100000011101110110100101110100011010000010000001100001001000000111011101101000011010010111001101101011001011000010000001110100011010000110010101101110
11100000111010101110100001000000110100101110100001000000110100101101101011011010110010101100100011010010110000101110100011001010110110001111001001000000110100101101110011101000110111100100000011101000110100001100101001000000110111101110110011001010110111000100000011010010110111000100000011101000110100001100101001000000111001101100001011011010110010100101100001000000110000101101110011001000010000001100010011000010110101101100101001000000110011001101111011100100111010001111001001000000110110101101001011011100111010101110100011001010111001100101110
101111101000001011011100110111101110100011010000110010101110010001000000101001001101001011000110110010100100000010000110110000101101011011001010010111001011111
10000100110010101100001011101000010000001110100011101110110010101101100011101100110010100100000011110010110010101101100011010110111001100100000011000010110111001100100001000000111001101101001011110000010000001110111011010000110100101110100011001010111001100100000011011110110011000100000011001010110011101100111011100110010000001110111011010010111010001101000001000000111010001101000011001010010000001110000011001010110010101101100011100110010000001101111011001100010000001110100011101110110111100100000011011000110010101101101011011110110111001110011
1100111011100100110000101110100011001010110010000101110001000000100110101101001011110000010000001101111011011100110010100100000011100000110111101110101011011100110010000100000011011110110011000100000011001100110110001101111011101010111001000100000011011110110011000100000011100100110100101100011011001010010110000100000011001010110100101100111011010000111010000100000011011110111010101101110011000110110010101110011001000000110111101100110001000000110011001101100011011110111010101110010001011000010000001100001011011100110010000100000011011110110111001100101
11100000110111101110101011011100110010000100000011011110110011000100000011100110111010101100111011000010111001000100000011100000110111101110101011011100110010001100101011001000010000001100001011011100110010000100000011100110110100101100110011101000110010101100100001110110010000001110100011010000110010101101110001000000110001001100101011000010111010000100000011010010111010000100000011101110110010101101100011011000010000001110111011010010111010001101000001000000111010001101000011001010010000001100101011001110110011101110011001000000110001001111001
11001000110010101100111011100100110010101100101011100110010110000100000011001100110111101110010001000000110000101101110001000000110100001101111011101010111001000101100001000000111011101101001011101000110100000100000011000010010000001110111011011110110111101100100011001010110111000100000011100110111000001101111011011110110111000101110001000000100001001110101011101000111010001100101011100100010000001100001001000000111000001100001011011100010000001110111011001010110110001101100001110110010000001100001011011100110010000100000011100000111010101110100001000000110100101110100
11010010110111000100000011000010111010000100000011101000110100001100101001000000110111101110110011001010110111000100000011011010110111101110101011101000110100000101110
1000001001000000110011101100101011011100111010001101100011001010010000001101111011101100110010101101110001000000111011101101001011011000110110000100000011000100110000101101011011001010010000001101001011101000010000001101001011011100010000001100001011011100010000001101000011011110111010101110010001000000110000101101110011001000010000001100001001000000110100001100001011011000110011000101110
101111101010011011100000110111101101110011001110110010100100000010000110110000101101011011001010010111001011111
101011101100101011010010110011101101000001000000111010001100101011011100010000001100101011001110110011101110011001011000010000001100001011011100110010000100000011101000110100001100101011010010111001000100000011101110110010101101001011001110110100001110100001000000110100101101110001000000111011001100101011100100111100100100000011001100110100101101110011001010010000001110011011101010110011101100001011100100010110000100000011000010110111001100100001000000111010001101000011000010111010000100000011011110110011000100000011100110110100101111000001000000110100101101110
11001100110110001101111011101010111001000111011001000000110001001100101011000010111010000100000011101000110100001100101001000000111100101100101011011000110101101110011001000000111011101101001011101000110100000100000011101000110100001100101001000000110011001101100011011110111010101110010001011000010000001100001011011100110010000100000011101