100000110010101110010011100110010111000100000010011000110000101111001001000000110100101101110001000000110000100100000011001100110010101110111
110001001100001011110010110110001100101011000010111011001100101011100110010110000100000011100000111010101110100001000000110100101110100001000000110001101101100011011110111001101100101001000000110100101101110001000000110000100100000011100000110000101101110001011000010000001100001011011100110010000100000011000110110111101110110011001010111001000100000011010010111010000100000011011110111011001100101011100100010000001110111011010010111010001101000001000000110001001110101011101000111010001100101011100100010110000100000011000010110111001100100
110001001100001011010110110010100100000011010010111010000101110001000000101011101101000011001010110111000100000011101110110010101101100011011000010000001100100011011110110111001100101001011000010000001100100011100100110000101101001011011100010000001101001011101000010000001100110011100100110111101101101001000000111010001101000011001010010000001100111011100100110000101110110011110010010110000100000011100000111010101110100001000000110100101110100001000000110100101101110001000000111010001101000011001010010000001110000011011110111010001110011001000000111010001101111
1101011011001010110010101110000001110110010000001100001011011100110010000100000011101110110100001100101011011100010000001100011011011110110110001100100001011000010000001100011011011110111011001100101011100100010000001110111011010010111010001101000001000000110001101101100011000010111001001101001011001100110100101100101011001000010000001100010011101010111010001110100011001010111001000101110
10101000110100001110101011100110010000001111001011011110111010100100000011011010110000101111001001000000110010001101111001000000110000101101110011110010010000001100110011010010111001001101101001000000110011001101001011100110110100000101110
1011111010100110110000101101100011011010110111101101110001000000111010001101111001000000110010001110010011110010010111001011111
10000110111010101110100001000000111010001101000011001010010000001100110011010010111001101101000001000000110010001101111011101110110111000101100001000000111010001100001011010110110010100100000011011110111010101110100001000000111010001101000011001010010000001101001011011100111001101101001011001000110010100100000011000010110111001100100001000000111001001101111011001010010111000100000010100100111010101100010001000000111010001101000011001010010000001110111011010000110111101101100011001010010000001110111011010010111010001101000
1100011011011110110110101101101011011110110111000100000011100110110000101101100011101000010110000100000011000010110011001110100011001010111001000100000011100110110001101100001011011000110100101101110011001110010000001101001011101000011101100100000011011000110010101110100001000000110100101110100001000000110100001100001011011100110011100100000011101000110111100100000011001000111001001100001011010010110111000100000011101000111011101100101011011100111010001111001001000000110011001101111011101010111001000100000011010000110111101110101011100100111001100101110
10100000110111101110101011011100110010000100000011101000110100001110010011001010110010100100000011011110111001000100000011001100110111101110101011100100010000001101111011101010110111001100011011001010111001100100000011011110110011000100000011100110110000101101100011101000111000001100101011101000111001001100101001011000010000001100001011000110110001101101111011100100110010001101001011011100110011100100000011101000110111100100000011101000110100001100101001000000111001101101001011110100110010100100000011011110110011000100000011101000110100001100101
11001100110100101110011011010000010110000100000011101000111011101101111001000000110111101110101011011100110001101100101011100110010000001101111011001100010000001100010011000010111100100100000011100110110000101101100011101000010110000100000011000010110111001100100001000000111010001110111011011110010000001101111011101010110111001100011011001010111001100100000011011110110011000100000011000110110111101100001011100100111001101100101001000000111001101110101011001110110000101110010001110100010000001110010011101010110001000100000011101000110100001100101011100110110010100101100
11101110110100001100101011011100010000001101101011010010111100001100101011001000010000001110111011001010110110001101100001011000010000001101001011011100111010001101111001000000111010001101000011001010010000001010011011000010110110001101101011011110110111000101100001000000110000101101110011001000010000001101100011000010111100100100000011010010111010000100000011011110110111000100000011000010010000001101100011000010111001001100111011001010010000001100100011010010111001101101000001000000110111101110010001000000111010001110010011000010111100100100000011101000111011101101111
1100100011000010111100101110011001011000010000001110100011010000110010101101110001000000111001001110101011000100010000001101001011101000010000001110111011001010110110001101100001000000111011101101001011101000110100000100000011000110110111101101101011011010110111101101110001000000111001101100001011011000111010000101100001000000110000101101110011001000010000001101001011011100010000001110100011101110110010101101110011101000111100100100000011001100110111101110101011100100010000001101000011011110111010101110010011100110010000001101101011011110111001001100101
1101001011101000010000001110111011010010110110001101100001000000110001001100101001000000110011001101001011101000010000001110100011011110010000001100100011100100111100100111010001000000110001001110101011101000010000001111001011011110111010100100000011011010111010101110011011101000010000001100100011100100111100100100000011010010111010000100000011101110110010101101100011011000010000001100001011001100111010001100101011100100010000001100100011100100110000101101001011011100110100101101110011001110010111000100000010001010110100101110100011010000110010101110010
1101000011000010110111001100111001000000110100101101110001000000110000100100000011101110110111101101111011001000010000001100011011010000110100101101101011011100110010101111001001011000010000001101111011100100010000001101001011011100010000001100001001000000110010001110010011110010010000001110000011011000110000101100011011001010010110000100000011010110110010101100101011100000110100101101110011001110010000001101001011101000010000001101111011100000110010101101110001000000111011101101001011101000110100000100000011101000111011101101111
1110011011011010110000101101100011011000010000001110011011101000110100101100011011010110111001100101110
10111110100110001101111011000100111001101110100011001010111001001110011001000000111010001101111001000000111000001101111011101000010111001011111
1000010011011110110100101101100001000000111010001101000011001010110110100100000011010000110000101101100011001100010110000100000011100000110100101100011011010110010000001101111011101010111010000100000011101000110100001100101001000000110110101100101011000010111010000101100001000000110001101110101011101000010000001101001011011100111010001101111001000000111001101101101011000010110110001101100001000000110001001101001011101000111001100111010001000000111001101100101011000010111001101101111011011100010000001110111011010010111010001101000
1101101011000010110001101100101001011000010000001110111011010000110100101110100011001010010000001110000011001010111000001110000011001010111001000101100001000000110111001110101011101000110110101100101011001110010110000100000011000010110111001100100001000000111001101100001011011000111010000111010001000000111000001110010011001010111001101110011001000000110001101101100011011110111001101100101001000000110100101101110011101000110111100100000011000010010000001110000011011110111010000100000011000010110111001100100001000000110001101101111011101100110010101110010
11101110110100101110100011010000010000001100010011101010111010001110100011001010111001000111010001000000110001001100001011010110110010100100000011010000110000101101100011001100010000001100001011011100010000001101000011011110111010101110010001110100010000001110000011101010111010000100000011101000110100001100101001000000111001101110000011000010111011101101110001000000110100101101110001011100010000001010111011010000110010101101110001000000110001101101111011011000110010000101100001000000111010001100001011010110110010100100000011101000110100001100101
110110001101111011000100111001101110100011001010111001000100000011011110111010101110100001011000010000001100001011011100110010000100000011101110110100101110100011010000010000001100001001000000110110001101001011101000111010001101100011001010010000001101111011001100010000001110100011010000110010100100000011000100111010101110100011101000110010101110010001000000111000001110101011101000010000001101001011101000010000001101001011011100111010001101111001000000111010001101000011001010010000001110000011011110111010001110011001011100010000001000010011001010110000101110100
11101000110100001100101001000000110111101110100011010000110010101110010001000000110001001110101011101000111010001100101011100100010000001101001011011100010000001100001001000000110110101101111011100100111010001100001011100100010000001110111011010010111010001101000001000000111001101101111011011010110010100100000011011110110011000100000011101000110100001100101001000000111001101110000011000010111011101101110001110110010000001110100011010000110010101101110001000000110110101101001011110000010000001110100011010000110000101110100
11000110110111101101100011011110111010101110010011001010110010000100000011000100111010101110100011101000110010101110010001000000111011101101001011101000110100000100000011000010111001100100000011011010111010101100011011010000010000001100001011100110010000001110111011010010110110001101100001000000110001001100101001000000111001101110101011001100110011001101001011000110110100101100101011011100111010000100000011101000110111100100000011000110110111101110110011001010111001000100000011101000110100001100101001000000111000001101111011101000111001100101100
110000101101110011001000010000001110011011101000111001001100001011010010110111000100000011010010111010000101110001000000100001101100001011110010110010101101110011011100110010100100000011011010110000101111001001000000110001001100101001