01100010011001010110000101110100001000000110001001111001001000000110010001100101011001110111001001100101011001010111001100100000011101000110111100100000011101000110100001100101001000000111100101100101011011000110101100100000011011110110011000100000011000010110111000100000011001010110011101100111001011000010000001100001011011100110010000100000011000010110010001100100011010010110111001100111001000000110000100100000011000100110100101110100001000000110111101100110
1100010011101010111010001110100011001010111001000101100001000000111010001101000011001010010000001110011011010010111101001100101001000000110111101100110001000000110000100100000011011100111010101110100011011010110010101100111001011000010000001110011011101000110100101110010001000000110100101110100001000000110000101101100011101000110111101100111011001010111010001101000011001010111001000101100001000000110001001110101011101000010000001100100011011110010000001101110011011110111010000100000011011000110010101110100001000000110100101110100
11000100110111101101001011011000010111000100000010001110111001001100001011101000110010100100000011000010010000001100010011010010111010000100000011011110110011000100000011001100111001001100101011100110110100000100000011011000110010101101101011011110110111001110000011001010110010101101100001000000110100101101110011101000110111100100000011010010111010000101110
1011111010000010110111001101111011101000110100001100101011100100010111001011111
100001001101111011010010110110000100000011101000111011101101111001000000110001101100001011011000110011011100010100000001001100101110011001000000110011001100101011001010111010000101100001000000111010001110111011011110010000001101111011101010110111001100011011001010111001100100000011011110110011000100000011101100110010101100001011011000010110000100000011000010110111001100100001000000111010001110111011011110010000001101111011001100010000001100010011001010110010101100110001011000010000001110100011010000110010100100000011000100110111101110100011101000110111101101101001000000110111101100110
1100001001000000111000001100101011011100110111001111001001000000110110001101111011000010110011000101100001000000111010001110111011011110010000001101111011100100010000001110100011010000111001001100101011001010010000001100010011011000110000101100100011001010111001100100000011011110110011000100000011011010110000101100011011001010010110000100000011010000110000101101100011001100010000001100001001000000110111001110101011101000110110101100101011001110010000001110011011011000110100101100011011001010110010000101100001000000110000101101110011001000010000001100001
110110001101001011101000111010001101100011001010010000001110011011000010110110001110100001011000010000001101001011011100010000001110100011010000111001001100101011001010010000001110001011101010110000101110010011101000111001100100000011011110110011000100000011101110110000101110100011001010111001000101100001000000111010001101111001000000111010001101000011100100110010101100101001000000111000001101001011011100111010001110011001110110010000001110011011101000111001001100001011010010110111000101100001000000110000101101110011001000010000001110100011000010110101101100101
11011110110011001100110001000000111010001101000011001010010000001100110011000010111010000101110
1011111010100000110000101101110011000010110010001100001001110110010000001101101011000010110010001100101001000000110100101101110001000000110011001101001011101100110010100100000011011010110100101101110011101010111010001100101011100110010111001011111
1010011011001010111010000100000011000010010000001101100011010010111010001110100011011000110010100100000011101110110000101110100011001010111001000100000011011110110111000100000011101000110100001100101001000000110011001101001011100100110010100100000011101110110100101110100011010000010000001100001001000000110011101101100011000010111001101110011001000000110111101100110001000000111011101101000011010010111010001100101001000000111011101101001011011100110010100101100001000000111001101101111011011010110010100100000011100110111010101100111011000010111001000101100
110000101101110011001000010000001100001001000000111001101100011011100100110000101110000011001010010000001101111011001100010000001101110011101010111010001101101011001010110011100100000011000010110111001100100001000000110110001100101011011010110111101101110011100000110010101100101011011000011101100100000011011010110010101100001011011100111011101101000011010010110110001100101001000000110011101110010011000010111010001100101001000000111001101101111011011010110010100100000011000110111001001110101011011010110001001110011001000000110111101100110
11000100111001001100101011000010110010000101110001000000101010001101000011001010010000001101101011011110110110101100101011011100111010000100000011101000110100001100101001000000110110101101001011110000111010001110101011100100110010100100000011000100110111101101001011011000111001100100000011101010111000000101100001000000110101101100101011001010111000001101001011011100110011100100000011010010111010000100000011100110111010001101001011011000110110000100000011011110110111000100000011101000110100001100101001000000110011001101001011100100110010100101100
1110000011101010111010000100000011101000110100001100101001000000110001101110010011101010110110101100010011100110010000001101001011011100010110000100000011000010110111001100100001000000110110001100101011101000010000001101001011101000010000001100010011011110110100101101100001000000110000101110011001000000110011001100001011100110111010000100000011000010111001100100000011010010111010000100000011000110110000101101110001011100010000001010111011010000110010101101110001000000110111101100110001000000110000100100000011100000111001001101111011100000110010101110010
1110100011010000110100101100011011010110110111001100101011100110111001100100000011010100111010101110011011101000010000001110100011011110010000001100100011100100110100101101110011010110010110000100000011101000110000101101011011001010010000001101001011101000010000001101111011001100110011000101110
1011111010000010110111001101111011101000110100001100101011100100010111001011111
100000101110011001000000110000101100010011011110111011001100101001011000010000001100010011101010111010000100000011010010110111001110011011101000110010101100001011001000010000001101111011001100010000001100001001000000110011101101100011000010111001101110011001000000110111101100110001000000111011101101001011011100110010100101100001000000111000001110101011101000010000001101001011011100010000001100001001000000111001101110000011011110110111101101110011001100111010101101100001011000010000001100001
111010001100101011000010111001101110000011011110110111101101110011001100111010101101100001000000110111101100110001000000111001001110101011011010010110000100000011000010110111001100100001000000110000100100000011000100110100101110100001000000110111101100110001000000110001001110101011101000111010001100101011100100011101100100000011100110111010101100111011000010111001000100000011000010111001100100000011000010110001001101111011101100110010100101110
101010001101000011010010111001100100000011010010111001100100000011000010010000001101101011011110111001101110100001000000111000001101100011001010110000101110011011000010110111001110100001000000110110101100101011100110111001100101110
1011111010000010110111001101111011101000110100001100101011100100010111001011111
101000001110101011101000010000001110100011011110010000001110100011010000110010100100000011101110110000101110100011001010111001000100000011000010010000001100010011010010111010000100000011011110110011000100000011011000110010101101101011011110110111001110000011001010110010101101100001011000010000001101101011010010111100000100000011101000110100001100101001000000110001101110010011101010110110101100010011100110010000001101001011011100010110000100000011000010110111001100100001000000111011101101000011001010110111000100000011011100110010101100001011100100110110001111001
1100010011011110110100101101100011001010110010000100000011001010110111001101111011101010110011101101000001011000010000001110000011101010111010000100000011100110110111101101101011001010010000001101100011001010110110101101111011011100010000001101111011100100010000001101111011100100110000101101110011001110110010100100000011100110111100101110010011101010111000000101110
1001111011000100111001101100101011100100111011001100101001000000111010001101111001000000110001001101111011010010110110000100000011000010110110001101100001000000111010001101000011001010010000001101001011011100110011101110010011001010110010001101001011001010110111001110100011100110011101100100000011001100110111101110010001000000110100101100110001000000110000101101110011110010010000001100010011001010010000001100001011001000110010001100101011001000010000001100001011001100111010001100101011100100010110000100000011101000110100001100101
11100000110000101101110011000010110010001100001001000000111011101101001011011000110110000100000011000100111001001100101011000010110101100101100001000000110000101101110011001000010000001101110011011110111010000100000011010100110010101101100011011000111100100101110
101111101000010011000010111001001101100011001010111100101110111011000010111010001100101011100100010111001011111
100001001101111011010010110110000100000011000010110111000100000011011110111010101101110011000110110010100100000011011110110011000100000011100000110010101100001011100100110110001100010011000010111001001101100011001010111100100100000011000010010000001100110011001010111011100100000011011010110100101101110011101010111010001100101011100110010000001110100011011110010000001100011011011000110010101100001011011100111001101100101001011000010000001110100011010000110010101101110001000000111000001110101011101000010000001101111011011100010000001101001011101000010000001100001
111000101110101011000010111001001110100001000000110111101100110001000000111011101100001011101000110010101110010001011000010000001110011011010010110110101101101011001010111001000100000011000010110111000100000011010000110111101110101011100100011101100100000011101110110100001100101011011100010000001101000011000010110110001100110001000000110010001101111011011100110010100101100001000000111000001110101011101000010000001101001011011100111010001101111001000000110100101110100