101111011011100111001100101100001000000110000101101100011011000010000001101111011001100010000001110111011010000110100101100011011010000010000001100001011100100110010100100000011000110110111101101110011001100110100101110010011011010110010101100100001000000110000101110011001000000110111001101111011101000010000001110000011100100110111101110100011001010110001101110100011001010110010000100000011000100111100100100000011000110110111101110000011110010111001001101001011001110110100001110100001000000110100101101110
11101000110100001100101001000000101010100101110010100110010111000100000011101010110111001101100011001010111001101110011001000000110000100100000011000110110111101110000011110010111001001101001011001110110100001110100001000000110111001101111011101000110100101100011011001010010000001101001011100110010000001101001011011100110001101101100011101010110010001100101011001000010111000100000010101000110100001110101011100110010110000100000011101110110010100100000011001000110111100100000011011100110111101110100
11011100110010101100011011001010111001101110011011000010111001001101001011011000111100100100000011010110110010101100101011100000010000001100101010000100110111101101111011010110111001100100000011010010110111000100000011000110110111101101101011100000110110001101001011000010110111001100011011001010010000001110111011010010111010001101000001000000110000101101110011110010010000001110000011000010111001001110100011010010110001101110101011011000110000101110010001000000111000001100001011100000110010101110010
110010101100100011010010111010001101001011011110110111000101110
1001101011011110111001101110100001000000111000001100101011011110111000001101100011001010010000001110011011101000110000101110010011101000010000001100001011101000010000001101111011101010111001000100000011101110110010101100010011100110110100101110100011001010010000001110111011010000110100101100011011010000010000001101000011000010111001100100000011101000110100001100101001000000110110101100001011010010110111000100000010100000100011100100000011100110110010101100001011100100110001101101000
11001100110000101100011011010010110110001101001011101000111100100111010001000000111011101110111011101110010111001100111011101010111010001100101011011100110001001100101011100100110011100101110011011110111001001100111
1010100011010000110100101110011001000000111011101100101011000100111001101101001011101000110010100100000011010010110111001100011011011000111010101100100011001010111001100100000011010010110111001100110011011110111001001101101011000010111010001101001011011110110111000100000011000010110001001101111011101010111010000100000010100000111001001101111011010100110010101100011011101000010000001000111011101010111010001100101011011100110001001100101011100100110011100101101011101000110110100101100
110100101101110011000110110110001110101011001000110100101101110011001110010000001101000011011110111011100100000011101000110111100100000011011010110000101101011011001010010000001100100011011110110111001100001011101000110100101101111011011100111001100100000011101000110111100100000011101000110100001100101001000000101000001110010011011110110101001100101011000110111010000100000010001110111010101110100011001010110111001100010011001010111001001100111001000000100110001101001011101000110010101110010011000010111001001111001
10000010111001001100011011010000110100101110110011001010010000001000110011011110111010101101110011001000110000101110100011010010110111101101110001011000010000001101000011011110111011100100000011101000110111100100000011010000110010101101100011100000010000001110000011100100110111101100100011101010110001101100101001000000110111101110101011100100010000001101110011001010111011100100000011001010100001001101111011011110110101101110011001011000010000001100001011011100110010000100000011010000110111101110111001000000111010001101111
111001101110101011000100111001101100011011100100110100101100010011001010010000001110100011011110010000001101111011101010111001000100000011001010110110101100001011010010110110000100000011011100110010101110111011100110110110001100101011101000111010001100101011100100010000001110100011011110010000001101000011001010110000101110010001000000110000101100010011011110111010101110100001000000110111001100101011101110010000001100101010000100110111101101111011010110111001100101110
