11101101000011001010110111000100000011011100110111101110100
11100000111001001101111011100000110010101110010011011000111100100100000011000100110111101101001011011000110010101100100001011000010000001110100011010000110000101110100001000000110100101110011001011000010000001101100011011110110111001100111001000000110010101101110011011110111010101100111011010000010110000100000011000100111010101110100001000000110111001101111011101000010000001110001011101010110100101100011011010110010110000100000011010000110010101100001011101000010000001101101011000010110101101100101011100110010000001110100011010000110010101101101
1100110011001010111001001101101011001010110111001110100001011000010000001100001011011100110010000100000011001000110000101101101011100000010000001100011011000010111010101110011011001010111001100100000011101000110100001100101011011010010000001110100011011110010000001100111011100100110111101110111001000000110110101101111011101010110110001100100011110010010111000100000010101000110100001100101011110010010000001110011011010000110111101110101011011000110010000100000011000100110010100100000011011000110111101101111011010110110010101100100001000000110000101110100
1110100011101110110111100100000011011110111001000100000011101000110100001110010011001010110010100100000011101000110100101101101011001010111001100100000011010010110111000100000011101000110100001100101001000000110011001101001011100100111001101110100001000000111010001110111011011110010000001101101011011110110111001110100011010000111001100101100001000000111010001101000011000010111010000100000011101000110100001100101011110010010000001101101011000010111100100100000011000100110010100100000011001110110010101101110011101000110110001111001
11000100110111101101001011011000110010101100100001000000110000101100111011000010110100101101110001011000010000001101001011001100010000001101110011011110111010000100000011011000110100101101011011001010110110001111001001000000111010001101111001000000110101101100101011001010111000000101110
100100101110100001000000110100101110011001000000110111001100101011000110110010101110011011100110110000101110010011110010010000001110100011011110010000001101111011000100111001101100101011100100111011001100101001011000010000001110100011010000110000101110100001000000111001101110101011001110110000101110010001000000110001001100101011010010110111001100111001000000110001001101111011010010110110001100101011001000010000001101101011011110111001001100101001000000110111101110010001000000110110001100101011100110111001100101100
110001101101111011011100111001101110100011010010111010001110101011101000110010101110011001000000111010001101000011001010010000001100011011010000110100101100101011001100010000001100001011100100111010000100000011011110110011000100000011101000110100001100101001000000110001101101111011011100110011001100101011000110111010001101001011011110110111001100101011100100011101100100000011000010110111001100100001000000111010001101000011011110111001101100101001000000111011101101000011011110010000001100001011100100110010100100000011011100110111101110100
11100000111001001100001011000110111010001101001011100110110010101100100001000000110100101101110001000000111010001101000011010010111001100100000011010110110111001101111011101110110110001100101011001000110011101100101001011000010000001100001011011100110010000100000011011110110111001101100011110010010000001110000011100100110010101110011011001010111001001110110011001010010000001101001011011100010000001100001001000000111000001101100011000010110100101101110001000000111011101100001011110010010000001100110011011110111001000100000011001100110000101101101011010010110110001111001
111010101110011011001010010110000100000011000010111001001100101001000000110111001101111011101000010000001100001011101110110000101110010011001010010000001110100011010000110000101110100001011000010000001101001011011100010000001110100011101110110111100100000011011110111001000100000011101000110100001110010011001010110010100100000011011010110100101101110011101010111010001100101011100110010110000100000011000010010000001110011011110010111001001110101011100000010000001101111011101100110010101110010001000000111010001101000011001010010000001100110011010010111001001100101
1110111011010010110110001101100001000000111000001100001011100110111001100100000011001100111001001101111011011010010000001101111011011100110010100100000011001110111001001100001011001000110000101110100011010010110111101101110001000000111010001101111001000000110000101101110011011110111010001101000011001010111001000101100001000000110001101100001011011000110110001100101011001000010110000100000011000100111100100100000011101000110100001100101001000000110001101101111011011100110011001100101011000110111010001101001011011110110111001100101011100100111001100101100
110010001100101011001110111001001100101011001010111001100100000011011110110011000100000011000100110111101101001011011000110100101101110011001110010110000100000011011110110011000100000011101110110100001101001011000110110100000100000011101000110100001100101011100100110010100100000011000010111001001100101001000000111001101101001011110000010110000100000011000010110111001100100001000000111010001101000011011110111001101100101001000000111001101110101011000100110010001101001011101100110100101100100011001010110010000101110001000000100001001110101011101000010000001001001
110000101101101001000000110111001101111011101000010000001110110011001010111001001110011011001010110010000100000011010010110111000100000011101000110100001100101001000000110110101101001011011100111010101110100011010010110000100111011001000000110000101101110011001000010000001101111011011100110110001111001001000000110110101100001011010110110010100100000011101000110100001100101001000000110111101100010011100110110010101110010011101100110000101110100011010010110111101101110001000000111010001101111001000000110011101110101011000010111001001100100
11000010110011101100001011010010110111001110011011101000010000001110101011011100110010001100101011100100010000001100010011011110110100101101100011010010110111001100111001011000010000001110111011010000110100101100011011010000010000001110000011100100110010101110110011001010110111001110100011100110010000001110011011101110110010101100101011101000110110101100101011000010111010001110011001000000110011001110010011011110110110100100000011010110110010101100101011100000110100101101110011001110011101100100000011000010110111001100100001000000111000101110101011010010110001101101011
11000100110111101101001011011000110100101101110011001110010000001100001011011100110010000100000011011000110111101101110011001110010110000100000011101110110100001101001011000110110100000100000011000100111001001101001011011100110011101110011001000000111010001101000011001010110110100100000011101000110111100100000011000110110000101101110011001000111100100101110
100000101110100011101000110010101101110011101000110100101101111011011100010110000100000011101110110100101110100011010000110111101110101011101000010000001101101011101010110001101101000001000000111000001110010011000010110001101110100011010010110001101100101001011000010000001110111011010010110110001101100001000000110010101101110011000010110001001101100011001010010000001100001001000000111000001100101011100100111001101101111011011100010000001110100011011110010000001100100011011110010000001100001011011100111100100100000011011110110011000100000011101000110100001100101
110011001101111011011000110110001101111011101110110100101101110011001110010000001110011011011110111001001110100011100110010000001101111011001100010000001110011011101110110010101100101011101000110110101100101011000010111010001110011001011000010000000100110011000110010111000100000011000010110111001100100001000000111010001101000011001010111100100100000011000010111001001100101001000000110000101110011001000000110110101110101011000110110100000100000011000010111001100100000011010010111001100100000011101110110000101101110011101000110010101100100001000000110100101101110
110000100100000011100000111001001101001011101100110000101110100011001010010000001100110011000010110110101101001011011000111100100111011001000000110000101101110011001000010000001110100011010000110010100100000011010000110100101100111011010000110010101110010001000000110000101110010011101000110100101100011011011000110010101110011001000000110111101100110001000000111000001110010011001010111001101100101011100100111011001100101011001000010000001100110011100100111010101101001011101000111001100100000011011010110000101111001001000000110001001100101
11000100110111101110101011001110110100001110100001000000110000101110100001000000110110001100101011100110111001100100000011001010111100001110000011001010110111001110011011001010010000001110100011010000110000101101110001000000110110101100001011001000110010100101110
100000100100000011100000110000101101110001000000111001101101000011011110111010101101100011001000010000001100010011001010010000001101011011001010111000001110100001000000110011001101111011100100010000001110100011010000110010100100000011100000111010101110010011100000110111101110011011001010010000001101111011001100010000001110000011100100110010101110011011001010111001001110110011010010110111001100111001011000010000001101111011001100010000001100100011011110111010101100010011011000110010100100000011000100110110001101111011000110110101101110100011010010110111000101110
1000001001000000110001001101111011101110010000001101000011000010110111001100100011011000110010100100000011011110111000001110000011011110111001101101001011101000110010100100000011101000110100001100101001000000111001101110100011100100110000101101001011001110110100001110100001000000110111101101110011001010010110000100000011001100110111101110010001000000111001101100001011001100110010101110100011110010010110000100000011101110110100101101100011011000010000001100100011011110010000001110110011001010111001001111001001000000111011101100101011011000110110000111011
11000010110111001100100001011000010000001101001011001100010000001110000011101010111010000100000011000100111100100100000011011100110100101100011011001010110110001111001001000000110001101101100011001010110000101101110011001010110010000101100001000000110100101101110001000000110000100100000011001000111001001111001001000000111000001101100011000010110001101100