01110111011000010111010001100101011100100010000001110100011011110010000001101111011011100110010100101110001000000100110101101001011110000010000001110111011010010111010001101000001000000110000101101110001000000110010101110001011101010110000101101100001000000111000101110101011000010110111001110100011010010111010001111001001000000110111101100110
1101110011001010111011100100000011011010110100101101100011010110010110000100000011101110110100001100101011011100010000001110100011000010110101101100101011011100010110000100000011101000111011101101001011000110110010100100000011000010010000001100100011000010111100100101110
10111110100001001110101011101000111010001100101011100100110110101101001011011000110101100101100001000000111011101101001011101000110100000100000010000100111001001100101011000010110010000100000011011110111001000100000011101110110100101110100011010000110111101110101011101000010111001011111
10010010111010000100000011010010111001100100000011011010110111101110011011101000010000001110111011010000110111101101100011001010111001101101111011011010110010100100000011101110110100001100101011011100010000001110011011011110111010101110010001011000010000001100001011100110010000001100010011001010110100101101110011001110010000001101100011001010111001101110011001000000110110001101001011010110110010101101100011110010010000001110100011011110010000001100010011001010010000001101000011001010110000101110110011110010010110000100000011000100111010101110100
1101101011011110111001101110100001000000110000101100111011100100110010101100101011000010110001001101100011001010010000001110111011010000110010101101110001000000110110101100001011001000110010100100000011011110110011000100000011100110111011101100101011001010111010000100000011000110111001001100101011000010110110100101110
1011111010001000111001000101110001000000100001001101111011001010111001001101000011000010110000101110110011001011110001010000000100110010111001100100000011100110111011101100101011001010111010000100000010000100111010101110100011101000110010101110010011011010110100101101100011010110010111001011111
10101000110000101101011011001010010000001110100011010000110010100100000011011010110100101101100011010110010000001100110011100100110111101101101001000000111010001101000011001010010000001100011011011110111011100100000011010010110111001110100011011110010000001100001001000000111001101101101011000010110110001101100001000000110001101101000011101010111001001101110001011000010000001101111011001100010000001100001011000100110111101110101011101000010000001110011011010010111100000100000011100110110100001101001011011000110110001101001011011100110011101110011
11100000111001001101001011000110110010100111011001000000110100101101110001000000110000101100010011011110111010101110100001000000111010001100101011011100010000001101101011010010110111001110101011101000110010101110011001000000110001001100101011001110110100101101110001000000110001101101000011101010111001001101110011010010110111001100111001011000010000001100001011011100110010000100000011000110110111101101110011101000110100101101110011101010110010100100000011101000110100101101100011011000010000001110100011010000110010100100000011001100110110001100001011010110110010101110011
11011110110011000100000011000100111010101110100011101000110010101110010001000000111001101110111011010010110110100100000011000010110001001101111011101010111010000100000011100000111001001100101011101000111010001111001001000000111010001101000011010010110001101101011001011000010000001100001011011100110010000100000011101000110100001100101001000000110110101101001011011000110101100100000011010010111001100100000011001000110100101110011011000110110100001100001011100100110011101100101011001000010000001101111011001100010000001100001011011000110110000100000011101000110100001100101
110011101110010011001010110000101110011011110010010000001110000011000010111001001110100011010010110001101101100011001010111001100101100001000000110000101101110011001000010000001100001011100000111000001100101011000010111001001110011001000000111010001101000011010010110111000100000011000010110111001100100001000000110001001101100011101010110010100101110001000000101001101110100011100100110000101101001011011100010000001101001011101000010000001110100011010000111001001101111011101010110011101101000001000000110000100100000011100110110100101100101011101100110010100101100
11000010110111001100100001000000110010001110010011010010110111001101011001000000110100101110100001000000110000101110011001000000110011001110010011001010111000101110101011001010110111001110100011011000111100100100000011000010111001100100000011100000110111101110011011100110110100101100010011011000110010100101110
1001001011101000010000001110011011010000110111101110101011011000110010000100000011001100110111101110010011011010010000001110100011010000110010100100000011101110110100001101111011011000110010100100000011011110110011000100000011101000110100001100101001000000111000001100001011101000110100101100101011011100111010011100010100000001001100101110011001000000110010001110010011010010110111001101011001011000010000001100001011011100110010000100000011101000110100001100101001000000110011001101111011011110110010000100000011100110110100001101111011101010110110001100100001000000110001001100101
11000100110100101110011011000110111010101101001011101000010000001100001011011100110010000100000011100100111010101110011011010110111001100101100001000000110100101101110001000000110010101110110011001010111001001111001001000000111011101100001011110010010000001100001011011100110010000100000011100110110111101110010011101000011101100100000011100100110100101110000011001010010000001100001011011100110010000100000011001000111001001101001011001010110010000100000011001100111001001110101011010010111010001110011001000000110111101100110
11101100110000101110010011010010110111101110101011100110010000001101011011010010110111001100100011100110010110000100000011101110110100001100101011011100010000001100001001000000110010001100101011000110110110001101001011011100110010100100000011010010111001100100000011000010111000001110000011100100110010101101000011001010110111001100100011001010110010000101110
10000100110000101101011011001010110010000100000011000010110111001100100001000000110010001110010011010010110010101100100001000000110011001110010011101010110100101110100011100110010110000100000011100100110000101101001011100110110100101101110011100110010000001101001011011100010000001110000011000010111001001110100011010010110001101110101011011000110000101110010001011000010000001101101011000010110101101100101001000000110010101111000011000110110010101101100011011000110010101101110011101000010000001110011011101010111000001110000011001010111001001110011
11001100110111101110010001000000110100101101110011101100110000101101100011010010110010001110011001011000010000001110111011010010111010001101000001000000110001001101001011100110110001101110101011010010111010000100000011011110111001000100000011000110110111101101101011011010110111101101110001000000110001101100001011010110110010100101110
101111101010111011010000110010101101110001000000111010001101000011001010010000001010011011101000110111101101101011000010110001101101000001000000111011101101001011011000110110000100000011011100110111101110100001000000111001001100101011000110110010101101001011101100110010100100000010011010110010101100001011101000010111001011111
10011110110111000100000011000010110111000100000011001010111100001110100011100100110010101101101011001010010000001101000011011110111010000100000011100000110110001100001011101000110010100100000011100000111010101110100001000000111010001110111011011110010000001101111011100100010000001110100011010000111001001100101011001010010000001110011011010010111000001110000011001010111010001110011001000000110111101100110001000000110001001110010011001010110000101100100001011000010000001100001011011100110010000100000011100000110111101110101011100100010000001101111011101100110010101110010
11101000110100001100101011011010010000001110011011011110110110101100101001000000110011101110010011000010111011001111001001000000110011001110010011011110110110100100000011000100110010101100101011001100010110000100000011011010111010101110100011101000110111101101110001011000010000001101111011100100010000001110110011001010110000101101100001011000010000001101001011001100010000001110100011010000110010101110010011001010010000001101001011100110010000001101110011011110010000001100010011101010111010001110100011001010111001000100000011010010110111000100000011101000110100001100101
1100100011010010111001101101000001011100010000001010011011100000111001001101001011011100110101101101100011001010010000001100001001000000110110001101001011101000111010001101100011001010010000001110011011000010110110001110100001000000110111101110110011001010111001000101110
101010001101000011010010111001100100000011010010111001100100000011011010111010101100011011010000010000001101100011010010110011101101000011101000110010101110010001000000111010001101000011000010110111000100000011011010110010101100001011101000010110000100000011000010110111001100100001000000110001101101111011011100111011001100101011110010111001100100000011000010010000001100111011100100110010101100001011101000010000001100100011001010110000101101100001000000110111101100110001000000110111001101111011101010111001001101001011100110110100001101101011001010110111001110100
1101001011011100010000001100001001000000111001101101101011000010110110001101100001000000110011001101111011100100110110100101110
1010100011011110110000101110011011101000010000001101000011000010111001001100100001000000110000101101110011001000010000001100100011100100111100100100000011000010010000001110100011010000110100101101110001000000110001001101001011101000010000001101111011001100010000001100010011100100110010101100001011001000010110000100000011100110110111101100001011010110010000001101001011101000010000001101001011011100010000001110111011000010111010001100101011100100010110000100000011011110111001000100000011100000110111101110010011101000010000001110111011010010110111001100101
11000010110111001100100001000000111011101100001011101000110010101110010001011000010000001110100011000010110101101100101001000000110100101110100001000000110111101110101011101000010000001100001011011100110010000100000