101100011011110111011001100101011100110010110000100000011011110110111001100101
11011100111010101110100011011010110010101100111001011000010000001101000011000010110110001100110001000000110000101101110001000000110111101110101011011100110001101100101001000000110111101100110001000000111000001101001011011010110010101101110011101000110111100101100001000000110000101101110011001000010000001110100011010000111001001100101011001010010000001101000011000010110111001100100011001100111010101101100011100110010000001101111011001100010000001100011011011110110110101101101011011110110111000100000011100110110000101101100011101000010110000100000011000010110110001101100
11010010110111000100000011101000110100001100101001000000110011001101001011011100110010101110011011101000010000001110000011011110111011101100100011001010111001000101110
10101000110100001100101001000000110001001100101011001010110011000100000011100110110100001101111011101010110110001100100001000000110100001100001011011100110011100100000011101000111011101101111001000000110111101110010001000000111010001101000011100100110010101100101001000000110010001100001011110010111001100101100001000000111010001101000011001010110111000100000011100100111010101100010001000000111010001101000011001010010000001100001011000100110111101110110011001010010000001110111011001010110110001101100001000000110100101101110011101000110111100100000011010010111010000101110
1010100011101010111001001101110001000000110000101101110011001000010000001110010011101010110001000100000011010010111010000100000011001000110000101101001011011000111100100100000011001100110111101110010001000000111010001110111011011110010000001101111011100100010000001110100011010000111001001100101011001010010000001110111011001010110010101101011011100110010111000100000010101000110100001100101001000000110001001101111011011100110010100100000011011010111010101110011011101000010000001100010011001010010000001110010011001010110110101101111011101100110010101100100
11000010111010000100000011001100110100101110010011100110111010000101110001000000101011101101000011001010110111000100000011101000110111100100000011000100110010100100000011001000111001001100101011100110111001101100101011001000010110000100000011001000110100101110000001000000110100101110100001000000110100101101110001000000110001101101111011011000110010000100000011101110110000101110100011001010111001000100000011101000110111100100000011101000110000101101011011001010010000001101111011001100110011000100000011101000110100001100101001000000110110001101111011011110111001101100101
11100110111000001101001011000110110010100111010001000000110001001101001011011100110010000100000011010010111010000100000011101010111000000100000011101000110100101100111011010000111010000100000011101110110100101110100011010000010000001110100011000010111000001100101001110100010000001110000011101010111010000100000011010010111010000100000011010010110111001110100011011110010000001100001001000000111000001100001011011100010110000100000011000010110111001100100001000000110000100100000011101000110010101100001011000110111010101110000001000000110111101100110
1110111011000010111010001100101011100100010000001100001011101000010000001100010011011110111010001110100011011110110110100111010001000000111000001110101011101000010000001101111011101100110010101110010001000000111010001101000011001010010000001110000011000010110111000100000011000010010000001100010011100100110111101110111011011100010000001100011011100100111010101110011011101000010000001100001011011100110010000100000011100000110000101110000011001010111001000101100001000000110000101101110011001000010000001100010011000010110101101100101001000000110100101110100
1100110011010010111011001100101001000000110111101110010001000000111001101101001011110000010000001101000011011110111010101110010011100110010111000100000010101110110100001100101011011100010000001100011011011110110110001100100001011000010000001110010011001010110110101101111011101100110010100100000011101000110100001100101001000000111000001100001011100110111010001100101001000000110000101101110011001000010000001100110011010010110110001101100011001010111010000101110
10101000110100001100101001000000110011101110010011000010111011001111001001000000110100101110011001000000111011001100101011100100111100100100000011001100110100101101110011001010010110000100000011000010110111001100100001000000110000100100000011011000110100101110100011101000110110001100101001000000110111101100110001000000110100101110100001000000110000101100100011001000111001100100000011001110111001001100101011000010111010001101100011110010010000001110100011011110010000001110100011010000110010100100000011001100110110001100001011101100110111101110010001000000110111101100110
1100001011011100111100100100000011010000110000101110011011010000010110000100000011100110110111101110101011100000010110000100000001001100110001100101110
10000100110111101110100011010000010000001100111011100100110000101110110011110010010000001100001011011100110010000100000011000100110010101100101011001100010000001110111011010010110110001101100001000000110101101100101011001010111000000100000011100110110111101101101011001010010000001110100011010010110110101100101001011100010000001010100011010000110010100100000011011000110000101110100011101000110010101110010001000000111001101101000011011110111010101101100011001000010000001100010011001010010000001100011011101010111010000100000011101110110100101110100011010000010000001100001
111011001100101011100100111100100100000011100110110100001100001011100100111000000100000011010110110111001101001011001100110010100101100001000000110000101101110011001000010000001110001011101010110100101110100011001010010000001110011011011010110111101101111011101000110100000101100001000000111010001101111001000000111000001110010011001010111011001100101011011100111010000100000011101110110000101110011011101000110010100101110
1011111010000110110111101101100011011000110000101110010011001010110010000100000010000100110010101100101011001100010111001011111
1000011011010000110111101101111011100110110010100100000011101000110100001100101001000000111010001101000011010010110111000100000011001010110111001100100001000000110111101100110001000000111010001101000011001010010000001100110011011000110000101101110011010110010000001101111011001100010000001100110011010010110111001100101001000000110110101100101011011000110110001101111011101110010000001100010011001010110010101100110001011000010000001100010011101010111010000100000011011100110111101110100001000000111010001101111011011110010000001100110011000010111010000101110
10011000110000101111001001000000110100101110100001000000110100101101110001000000110000100100000011001000110100101110011011010000010000001110111011010010111010001101000001000000111001101100001011011000111010000101100001000000110000101101110011001000010000001110011011000010110110001110100011100000110010101110100011100100110010100101110001000000101010001110101011100100110111000100000011000010110111001100100001000000111001001110101011000100010000001101001011101000010000001100101011101100110010101110010011110010010000001100100011000010111100100100000011001100110111101110010
1100001001000000111011101100101011001010110101100101100001000000110000101101110011001000010000001101011011001010110010101110000001000000110100101110100001000000110001101101111011011110110110000101110001000000101010001101000011001010110111000100000011101000110000101101011011001010010000001101111011101010111010000100000011001010111011001100101011100100111100100100000011000100110111101101110011001010010000001100001011011100110010000100000011001110111001001101001011100110111010001101100011001010011101100100000011100100110010101101101011011110111011001100101
11101000110100001100101001000000111001101101011011010010110111000100000011011110110011000100000011101000110100001100101001000000110100101101110011100110110100101100100011001010010000001110000011000010111001001110100001011000010000001100001011011100110010000100000011000110110111101110110011001010111001000100000011010010111010000100000011101000110100001101001011000110110101100100000011101110110100101110100011010000010000001110100011010000110010100100000011001100110111101101100011011000110111101110111011010010110111001100111
111001101100101011000010111001101101111011011100110100101101110011001110010000001100011011101010111010000100000011100110110110101100001011011000110110000111010001000000110000100100000011011000110000101110010011001110110010100100000011010000110000101101110011001000110011001110101011011000010000001101111011001100010000001110000011000010111001001110011011011000110010101111001001011000010000001110100011010000110010100100000011100110110000101101101011001010010000001101111011001100010000001110011011000010110011101100101001011000010000001110011011011110110110101100101
111010001101000011110010110110101100101001011000010000001101101011000010111001001101010011011110111001001110101011011010010110000100000011100000110010101101110011011100111100101110010011011110111100101100001011011000010110000100000011100000110010101110000011100000110010101110010001011000010000001110011011000010110110001110100001000000110000101101110011001000010000001110000011010010110110101100101011011100111010001101111001011100010000001010010011011110110110001101100001000000111010001101000011001010010000001101101011001010110000101110100001000000111010101110000
1100001011100110010000001110100011010010110011101101000011101000010000001100001011100110010000001110000011011110111001101110011011010010110001001101100011001010010110000100000011000010110111001100100001000000110001001101001011011100110010000100000011010010111010000111011001000000111010001101000011001010110111000100000011000100110111101101001011011000010000001101001011101000010000001100111011001010110111001110100011011000111100100100000011001100110111101110010001000000111001101100101011101100110010101101110001000000110111101110010
11001010110100101100111011010000111010000100000011010000110111101110101011100100111001100101110001000000100000100100000011000110110110001101111011101000110100000100000011011010111010101110011011101000010000001100010011001010010000001110000011101010111010000100000011100100110111101110101011011100110010000100000011000100110010101100110011011110111001001100101001000000111010001