10100101110100011010000010000001100011011011110110110101101101011011110110111000100000011100110110000101101100011101000010110000100000011000010110111001100100001000000110001101101111011101100110010101110010001000000110100101110100001000000111011101101001011101000110100000100000011101110110000101110100011001010111001000100000011001100110111101110101011100100010000001100100011000010111100101110011001000000110100101101110
11000010010000001110011011011010110000101101100011011000010000001110000011000010110111000101110001000000100010001110010011110010010000001101001011101000010000001110111011010010111010001101000001000000110000100100000011000110110110001101111011101000110100000101100001000000110000101101110011001000010000001110011011001010110000101110011011011110110111000100000011101110110100101110100011010000010000001110000011001010111000001110000011001010111001000111010001000000110110001100001011110010010000001101001011101000010000001101001011011100111010001101111001000000110000101110011
111001101101101011000010110110001101100001000000110000100100000011100000110000101101110001000000110000101110011001000000111011101101001011011000110110000100000011010000110111101101100011001000010000001101001011101000011101100100000011000110110111101110110011001010111001000100000011010010111010000100000011101110110100101110100011010000010000001100011011011110110000101110010011100110110010100100000011100000110000101110011011101000110010100101100001000000110000101101110011001000010000001100010011000010110101101100101001000000110100101110100
1100110011010010111011001100101001000000110100001101111011101010111001001110011001000000110100101101110001000000110000100100000011101100110010101110010011110010010000001100011011011110110111101101100001000000110111101110110011001010110111000101110001000000101000001110101011101000010000001101110011011110010000001101100011010010111000101110101011011110111001000100000011010010110111000101110
101011101101000011001010110111000100000011000110110111101101100011001000010110000100000011100000110100101100011011010110010000001101111011101010111010000100000011101000110100001100101001000000111001101110100011100100110100101101110011001110111001100100000011000010110111001100100001000000110011001100001011101000011101100100000011000100110010101100001011101000010000001110100011010000110010100100000011011010110010101100001011101000010000001110110011001010111001001111001001000000110011001101001011011100110010100100000011101110110100101110100011010000010000001100001
111000101110101011000010111001001110100011001010111001000100000011011110110011000100000011000010010000001110000011011110111010101101110011001000010000001101111011001100010000001100110011010010110111001100101001000000110001001110101011101000111010001100101011100100010000001101010011101010111001101110100001000000111011101100001011100100110110100101100001000000110001001110101011101000010000001101110011011110111010000100000011011110110100101101100011001010110010000101100001000000110000101101110011001000010000001100001011100110010000001101101011101010110001101101000
110111101100110001000000111010001101000011001010010000001100111011100100110000101110110011110010010000001100001011100110010000001110111011010010110110001101100001000000110110101100001011010110110010100100000011010010111010000100000011010010110111001110100011011110010000001100001001000000111000001100001011100110111010001100101001011100010000001010000011101010111010000100000011010010111010000100000011010010110111001110100011011110010000001110110011001010111001001111001001000000111001101101101011000010110110001101100001000000111000001101111011101000111001100101100
1100001011011100110010000100000011000110110111101110110011001010111001000100000011101000110100001100101011011010010000001110111011010010111010001101000001000000110110101100101011011000111010001100101011001000010000001100010011101010111010001110100011001010111001000101110
101111101000001011011100110111101110100011010000110010101110010001000000111011101100001011110010010111001011111
101010001100001011010110110010100100000011000100110010101100101011001100010000001110100011010000110000101110100001000000110100001100001011100110010000001100010011001010110010101101110001000000110010001110010011001010111001101110011011001010110010000101100001000000110010101101001011101000110100001100101011100100010000001100010011011110110100101101100011001010110010000100000011011110111001000100000011100100110111101100001011100110111010001100101011001000011101000100000011000100110010101100001011101000010000001101001011101000010000001101001011011100010000001100001
110110101101111011100100111010001100001011100100010000001110111011010010111010001101000001000000111001101101111011011010110010100100000011100000110010101110000011100000110010101110010001011000010000001110011011000010110110001110100001011000010000001100001001000000110011001100101011101110010000001100011011011000110111101110110011001010111001100101100001000000110011101110010011000010111010001100101011001000010000001101110011101010111010001101101011001010110011100101100001000000110000100100000011011000110100101110100011101000110110001100101
1100110011010010110111001100101001000000110001001110101011101000111010001100101011100100010000001101010011101010111001101110100001000000111011101100001011100100110110100101110
1010100011010000110100101110011001000000110010101100001011101000111001100100000011000010111001100100000011101110110010101101100011011000010110000100000011000100111010101110100001000000111010001101000011001010010000001100011011011110110110001101111011101010111001000100000011010010111001100100000011011100110111101110100001000000111001101101111001000000110011001101001011011100110010100101110
101111101001000011001010111001101110011011010010110000101101110001000000101001101101111011101010111000000100000011000010110111001100100001000000101001001100001011001110110111101110101011101000010111001011111
1000011011011000110010101100001011011100010000001110100011010000110010100100000011100100110111101101111011101000010000001101111011001100010000001100001001000000111010001101111011011100110011101110101011001010010000001110110011001010111001001111001001000000110111001101001011000110110010101101100011110010010110000100000011000010110111001100100001000000110100001100001011011000110011000100000011000010110111000100000011011110111100000100000011010000110010101100001011001000010110000100000011101110110100101110100011010000010000001110011011000010110110001110100
11000010110111001100100001000000111011101100001011101000110010101110010001011000010000001100001011011100110010000100000011100110110111101100001011010110010000001110100011010000110010101101101001000000110000101100110011101000110010101110010011101110110000101110010011001000111001100100000011010010110111000100000011100000110110001100001011010010110111000100000011101110110000101110100011001010111001000111011001000000111010001101000011001010110111000100000011100110111010001100101011101110010000001110100011010000110010101101101001000000110100101101110
11001100110100101110110011001010010000001101111011100100010000001110011011010010111100000100000011100010111010101100001011100100111010001110011001000000110111101100110001000000111011101100001011101000110010101110010001000000111010001101001011011000110110000100000011101000110111101101100011001010111001001100001011000100110110001111001001000000111010001100101011011100110010001100101011100100010111000100000010011000110010101110100001000000111010001101000011001010010000001110011011011110111010101110000001000000111001101110100011000010110111001100100001000000111010001101111
11000100110010100100000011000110110111101101100011001000011101000100000011101000110000101101011011001010010000001101111011001100110011000100000011101000110100001100101001000000110001101100001011010110110010100100000011011110110011000100000011001100110000101110100001011000010000001110111011010000110100101100011011010000010000001110111011010010110110001101100001000000110110101100001011010110110010100100000011001110110111101101111011001000010000001110000011000010111001101110100011001010010000001100110011011110111001000100000011010000110111101110100
110110101100101011000010111010000100000011100000110100101100101011100110010110000100000011011110111001000100000011100110110010101110010011101100110010100100000011101000110111100100000011000100110000101110011011101000110010100101110001000000101000001110101011101000010000001110100011011110010000001110100011010000110010100100000011100110110111101110101011100000010000001100001001000000111000001101001011011100111010000100000011011110110011000100000011100110111000001101100011010010111010000100000011100000110010101100001011100110010000001101111011100100010000001100001
111000101110101011000010111001001110100001000000110111101100110001000000111011101101000011011110110110001100101001011000010000001110100011101110110010101101100011101100110010100100000011000110110000101110010011100100110111101110100011100110010110000100000011100110110100101111000001000000111010001110101011100100110111001101001011100000111001100101100001000000111001101101001011110000010000001110000011011110111010001100001011101000110111101100101011100110010110000100000011100110110100101111000001000000110110001100001011100100110011101100101
110111101101110011010010110111101101110011100110010110000100000011000010010000001100010011101010110111001100011011010000010000001101111011001100010000001110011011101110110010101100101011101000010000001101000011001010111001001100010011100110010110000100000011000010110111001100100001000000111010001110111011011110010000001101000011001010110000101100100011100110010000001101111011001100010000001100011011001010110110001100101011100100111100100101110001000000101001101101001011011010110110101100101011100100010000001110100011010000110010101101101
1110111011010010111010001101000011011110111010101110100001000000111010001101000011001010010000001101101011001010110000101110100001011000010000001110100011010010110110001101100001000000111010001101000011001010010000001110110011001010110011101100101011101000110000101100010011011000110010101110011001000000110000101110010011001010010000001100100011011110110111001100101001000000110010101101110011011110111010101100111011010000010000001