1100010000001100010011101010111010001110100011001010111001000100000011000010111001100100000011011000110000101110010011001110110010100100000011000010111001100100000011000010010000001110111011000010110110001101110011101010111010000111010001000000111001101101001011011010110110101100101011100100010000001110111011010010111010001101000011011110111010101110100
110001001101111011010010110110001101001011011100110011100101100001000000110000101101110011001000010000001110000011011110111010101110010001000000111010001101111001000000110000101101110011001000010000001100110011100100110111101101101001000000111010001101000011001010010000001110011011000010111010101100011011001010111000001100001011011100010110000100000011101000110100101101100011011000010000001101111011001100010000001100001001000000111000001110010011011110111000001100101011100100010000001110100011010000110100101100011011010110110111001100101011100110111001100101100
110000101101110011001000010000001110000011101010111010000100000011010010110111000100000011101000110100001100101001000000110010001101001011100110110100000101110
1011111010100100110100101100011011001010010000001010000011010010110010101100011011100100111010101110011011101000010111001011111
100001101101100011001010110000101101110001011000010000001100001011011100110010000100000011100000111010101110100001000000111001101101111011011010110010100100000011100100110100101100011011001010010110000100000011101110110100101110100011010000010000001100001011011100010000001101111011011100110100101101111011011100010000001100001011011100110010000100000011000010010000001101100011010010111010001110100011011000110010100100000011101110110000101110100011001010111001000100000011000010110111001100100001000000110110101101001011011000110101100101100001000000110111101110010
11011010110100101101100011010110010000001101111011011100110110001111001001011000010000001101001011011100111010001101111001000000110000100100000011100110110000101110101011000110110010101110000011000010110111000101100001000000110000101101110011001000010000001110011011010010110110101101101011001010111001000100000011101000110100101101100011011000010000001101001011101000010000001110011011101110110010101101100011011000010111000100000010100000111010101110100001000000111001101100101011000010111001101101111011011100110010101100100001000000110001101101000011011110111000001110011
1101001011011100111010001101111001000000110000100100000011001000110100101110011011010000010110000100000011000010110111001100100001000000110001101101111011101100110010101110010001000000110100101110100001000000111011101101001011101000110100000100000011101000110100001100101001000000111001001101001011000110110010100101110
1010010011000010110001001100010011010010111010001110011001000000110011001110010011010010110001101100001011100110111001101100101011001010110010000101100001000000110000101101110011001000010000001100011011011110111011001100101011100100110010101100100001000000111010001101000011101010111001100101100001000000110000101110010011001010010000001110110011001010111001001111001001000000110011101101111011011110110010000101110
1011111010100000110111101110100011000010111010001101111011001010010000001010000011101010110010001100100011010010110111001100111001000000111011101101001011101000110100000100000010011010110010101100001011101000010111001011111
10000100110111101101001011011000010000001110100011010000110010101101101001000000111010001101001011011000110110000100000011001100110100101110100001000000111010001101111001000000110110101100001011100110110100000111010001000000111001001110101011000100010000001110100011010000111001001101111011101010110011101101000001000000110000100100000011000110110111101101100011000010110111001100100011001010111001000100000011000010110111001100100001000000110110101100001011010110110010100100000011010010110111001110100011011110010000001100001001000000111010001101000011010010110001101101011
11000100110000101110100011101000110010101110010001011000010000001110111011010010111010001101000001000000110110101101001011011000110101100100000011000010110111001100100001000000111010001110111011011110010000001100101011001110110011101110011001011100010000001001100011000010111100100100000011100110110111101101101011001010010000001110011011001010110000101110011011011110110111001100101011001000010000001110011011101000110010101100001011010110111001100100000011010010110111000100000011000010010000001100100011010010111001101101000001011000010000001110100011010000110010101101110
1110011011011110110110101100101001000000110001001100001011101000111010001100101011100100011101100100000011000010110111001100100001000000110111101110110011001010111001000100000011101000110100001100101001000000110110001100001011100110111010000100000011011000110000101111001011001010111001000100000011100000110111101110101011100100010000001110100011010000110010100100000011100100110010101101101011000010110100101101110011001000110010101110010001000000110111101100110001000000111010001101000011001010010000001100010011000010111010001110100011001010111001000101110
10000100110000101101011011001010010000001100001001000000110011001101001011011100110010100100000011000100111001001101111011101110110111000101110
10111110101001101110100011001010110000101101011001011000010000001101111011100100010000001001011011010010110010001101110011001010111100100100000010100000111010101100100011001000110100101101110011001110010111001011111
10010010110011000100000011010110110100101100100011011100110010101111001001011000010000001110011011100000110110001101001011101000010110000100000011000010110111001100100001000000111001101101111011000010110101100100000011010010111010000101100001000000110000101101110011001000010000001110011011001010110000101110011011011110110111000100000011101000110100001100001011101000010000001101111011100100010000001110100011010000110010100100000011011010110010101100001011101000010111000100000010011010110000101101011011001010010000001100001001000000111000001100001011100110111010001100101
1101111011001100010000001110011011101010110010101110100001011000010000001100110011011000110111101110101011100100010110000100000011000010110111001100100001000000110110101101001011011000110101100111010001000000111001001101111011011000110110000100000011010010111010000101100001000000110000101101110011001000010000001101100011010010110111001100101001000000110000100100000011000100110000101110011011011110110111000100000011101110110100101110100011010000010000001110011011011110110110101100101001110100010000001110000011101010111010000100000011101000110100001100101
1101011011010010110010001101110011001010111100100100000011011110111001000100000011100110111010001100101011000010110101101110011001000000110100101101110001011000010000001100011011011110111011001100101011100100010000001110111011010010111010001101000001000000111000001100001011100110111010001100101001011000010000001100001011011100110010000100000011100000110100101101110011000110110100000100000011100100110111101110101011011100110010000100000011101000110100001100101001000000110010101100100011001110110010100101110001000000100001101101111011101100110010101110010
1110111011010010111010001101000001000000110000100100000011000110110110001101111011101000110100000101100001000000110000101101110011001000010000001100010011011110110100101101100001000000110000100100000011000110110111101101110011100110110100101100100011001010111001001100001011000100110110001100101001000000111010001101001011011010110010100101110
1011111010100110111010101100101011101000010000001010000011101010110010001100100011010010110111001100111011100110010111001011111
10100110110100001110010011001010110010000100000011000010010000001110000011011110111010101101110011001000010000001101111011001100010000001110011011101010110010101110100001110110010000001101101011010010111100000100000011101110110100101110100011010000010000001100001001000000111000001101111011101010110111001100100001000000110000101101110011001000010000001100001001000000111000101110101011000010111001001110100011001010111001000100000011011110110011000100000011001100110110001101111011101010111001000101100001000000111010001101000011100100110010101100101
1100101011001110110011101110011001000000110001001100101011000010111010001100101011011100010000001110011011001010111000001100001011100100110000101110100011001010110110001111001001011000010000001100001001000000110110001101001011101000111010001101100011001010010000001110011011000010110110001110100001011000010000001100001011011100110010000100000011000010111001100100000011011000110100101110100011101000110110001100101001000000110110101101001011011000110101100100000011000010111001100100000011101110110100101101100011011000010000001101101011000010110101101100101
1101001011101000010111000100000010000100110111101101001011011000010000001100110011010010111011001100101001000000110100001101111011101010111001001110011001011100010000001001001011101000010000001100101011000010111010001110011001000000111011101100101011011000110110000100000011011100110010101111000011101000010000001100100011000010111100100101100001000000110001101110101011101000010000001101001011011100010000001110011011011000110100101100011011001010111001100100000011000010110111001100100001000000110001001110010011011110110100101101100011001010110010000101110
101111101010011011101010110010101110100001000000100010001110101011011010111000001101100011010010110111001100111011100110010111001011111
10011010110000101101011011001010010000001100001011100110010000001100001011000100110111101110110011001010010110000100000011000010110111001100100001000000110010001110010011011110111000000100000011010010110111001110100011011110010000001100010011011110110100101101100011010010110111001100111001000000111011101100001011101000110010101110010001011000010000001101111011100100010000001101001011011100111010001101111001000000111010001101000011001010010000001100010011011110110100101101100011010010110111001100111001000000110111101100110001000000110001001100101011001010110011000111011
11011110111001000100000011110010110111101110101001000000110110101100001011110010010000001100010011011110110100101101100001000000110100101101110001000000110000100100000011000110110110001101111011101000110100000101110
101111101000001011100000111000001101100011001010010110000100000010000110111010101110