0111100100000011000100110010100100000011100000110000101110101011011100110001101101000011001010110010000100000011010010110111000100000011101000110100001100101001000000110011001101001011001010110110001100100001011000010000001100001011100110010000001110100011010000110010101111001
1101011011001010110010101110000001000000110110001101111011011100110011101100101011100100010110000100000011000010110111001100100001000000110010101100001011101000010000001101101011101010110001101101000001000000110001001100101011101000111010001100101011100100010000001110111011010010111010001101000011011110111010101110100001011100010000001000010011101010111010000100000011101000110100001100001011101000010000001101001011100110010000001110011011001010110110001100100011011110110110100100000011010010110111000100000011101000110100001100101
1100011011011110110111101101011111000101000000010011001011100110010000001110000011011110111011101100101011100100010000001110100011011110010000001100111011101010110000101110010011001000010000001100001011001110110000101101001011011100111001101110100001011100010000001010011011010000110010100100000011100110110100001101111011101010110110001100100001000000111010001100001011010110110010100100000011011110111010101110100001000000111010001101000011001010010000001101100011010010111011001100101011100100010000001100001011011100110010000100000011010000110010101100001011100100111010000101100
110000101101110011001000010000001110000011000010111001001100010011011110110100101101100001000000111010001101000011001010010000001100110011011110111001001101101011001010111001000100000011101000110111100100000011010110110010101100101011100000010000001100110011011110111001000100000011100110111010001110101011001100110011001101001011011100110011100101100001000000111011101101001011100000110010100100000011101000110100001100101001000000110100101101110011100110110100101100100011001010010000001100101011101100110010101110010011110010010000001100100011000010111100100101100
11100010111010101101001011101000110010100100000011001000111001001111001001011000010000001110000011101010111010000100000011000010010000001100010011101010110111001100011011010000010000001101111011001100010000001110000011000010111001001110011011011000110010101111001001011000010000001101111011100100010000001110011011011110110110101100101001000000111000001100101011100000111000001100101011100100010110000100000011011110111001000100000011000100110111101110100011010000011101100100000011101000110100001110101011100110010000001101001011101000010000001110111011010010110110001101100
110101101100101011001010111000000100000011011000110111101101110011001110010110000100000011001010111001101110000011001010110001101101001011000010110110001101100011110010010000001101001011001100010000001110100011010000110010100100000011100110110010101100001011100110110111101101110011010010110111001100111001000000110001001100101001000000111001001110101011000100110001001100101011001000010000001100101011000010111001001101100011110010010000001101111011011100010000001110100011010000110010100100000011010010110111001110011011010010110010001100101001000000111010001101111
11100000111001001100101011101100110010101101110011101000010000001100001011011100111100100100000011011010111010101110011011101000110100101101110011001010111001101110011001000000110111101100110001000000111010001100001011100110111010001100101001011000010000001110111011010000110100101100011011010000010000001101111011001100111010001100101011011100010000001101001011100110010000001100011011011110110110101101101011101010110111001101001011000110110000101110100011001010110010000100000011101000110111100100000011101000110100001100101
1110011011101000111010101100110011001100110100101101110011001110010000001100010011110010010000001110100011010000110100101110011001000000110111101101101011010010111001101110011011010010110111101101110001011000010000001100001011011100110010000100000011101110110000101101110011101000010000001101111011001100010000001100101011110000111010001110010011001010110110101100101001000000110111001101001011000110110010101110100011110010010000001101001011011100010000001110111011000010111001101101000011010010110111001100111001000000110100101110100001000000110100101101110
11101110110000101110100011001010111001000100000011000010110111001100100001000000111011001101001011011100110010101100111011000010111001000100000011000100110010101100110011011110111001001100101001000000110100101110100001000000110001001100101001000000110010001110010011001010111001101110011011001010110010000101100001000000111011101101000011010010110110001100101001000000111010001101000011001010010000001101111011101010111010001110011011010010110010001100101001000000110100001100001011100110010000001100010011001010110010101101110
11100000111001001100101011100110110010101110010011101100110010101100100001000000110011001110010011001010111001101101000001000000110001001111001001000000111010001101000011001010010000001110011011010110110100101101110001011100010000001001001011001100010000001101111011011000110010000101100001000000110000100100000011010000110000101110010011001010010000001110011011010000110111101110101011011000110010000100000011000100110010100100000011010110110010101110000011101000010000001100001011100110010000001101100011011110110111001100111001000000110000101110011
11100000110111101110011011100110110100101100010011011000110010100101100001000000110010101111000011000110110010101110000011101000010000001100110011011110111001000100000011100110110111101110101011100000010110000100000011011110111001000100000011010100111010101100111011001110110100101101110011001110011101100100000011000010110111001100100001000000110000101100110011101000110010101110010001000000111001101101111011000010110101101101001011011100110011100101100001000000110100101101110001000000111011001101001011011100110010101100111011000010111001000101100001000000110001001100101
11101110110010101101100011011000010000001101100011000010111001001100100011001010110010000101110
1000110011100100110010101110011011010000111011101100001011101000110010101110010001000000110011001101001011100110110100000100000011010000110000101110011001000000110111101100110011101000110010101101110001000000110000100100000011011010111010101100100011001000111100100100000011101000110000101110011011101000110010100111011001000000111010001101111001000000111010001100001011010110110010100100000011011110110011001100110001000000111011101101000011010010110001101101000001011000010000001110011011011110110000101101011001000000110100101110100001000000110100101101110
1110011011101000111001001101111011011100110011100100000011100110110000101101100011101000010000001100001011011100110010000100000011101110110000101110100011001010111001000101100001000000110111101110010001011000010000001101001011001100010000001101111011001100010000001100001001000000111001101101001011110100110010100100000011101000110111100100000011000100110010101100001011100100010000001101001011101000010110000100000011001110110100101110110011001010010000001101001011101000010000001100001001000000111001101100011011000010110110001100100001000000110100101101110
11101000110100001100101001000000111001101100001011011010110010100101100001000000110000101100110011101000110010101110010001000000110010101111000011101000111001001100101011011010110010101101100011110010010000001100111011011110110111101100100001000000110001101101100011001010110000101101110011010010110111001100111001000000110000101101110011001000010000001110111011000010111001101101000011010010110111001100111001011100010000001010100011010000110010100100000011011000110000101110100011101000110010101110010001000000110011001101111011100100010000001100011011000010111001001110000
110111101110010001000000110010101100101011011000111001100101110
10101000111010101110010011000100110111101110100001000000111011101101001011011000110110000100000011010000110000101101110011001110010000001110100011010000111001001100101011001010010000001101111011100100010000001100110011011110111010101110010001000000110010001100001011110010111001100101100001000000110100101100110001000000110110001101001011001110110100001110100011011000111100100100000011100100111010101100010011000100110010101100100001000000111011101101001011101000110100000100000011100110110000101101100011101000010110000100000011000010110111001100100001000000110001001100101
1101001011011100010000001110001011101010110100101110100011001010010000001100001011100110010000001100111011100100110010101100001011101000010000001110000011001010111001001100110011001010110001101110100011010010110111101101110001000000110000101110011001000000111010001101000011001010010000001100110011010010111001001110011011101000010000001100100011000010111100100101110
10001100110100101110011011010000010000001101101011000010111100100100000011100110110111101101101011001010111010001101001011011010110010101110011001000000110001001100101001000000110001001101111011101010110011101101000011101000010000001110010011001010110000101110011011011110110111001100001011000100110110001111001001000000110001001111001001000000111010001100001011010110110100101101110011001110010000001101101011011110111001001100101001000000111010001101000011000010110111000100000011000110110000101101110001000000110001001100101
11001000111001001100101011100110111001101100101011001000010000001100001011101000010000001101111011011100110001101100101001110110010000001110111011010000110010101101110001000000111001001100101011000110110111101110101011100100111001101100101001000000110110101100001011110010010000001100010011001010010000001101000011000010110010000100000011101000110111100100000011100000110100101100011011010110110110001101001011011100110011100101100001000000111000001101111011101000111010001101001011011100110011100101100001000000110111101110010
11001100111001001111001011010010110111001100111001011000010000001110100011011110010000001101011011001010110010101110000001000000110011001101111011100100010000001110011011101000110010101110111011010010110111001100111001000000110000100100000011100110111010101100011011000110110010101100101011001000110100101101110011001110010000001100100011000010111100100101110
10101110110100001100101011011100010000001110100011010000111010101101110011001000110010101110010001000000110111101110010001000000110100001101111011101000010000001110111011