00001100001011001110110000101101001011011100111001101110100001000000110011001101111011101010111001000100000011100000110111101110101011011100110010001110011001000000110111101100110001000000111000101110101011010010110111001100011011001010111001100100000011000010111001001100101001000000111010001101111011011000110010101110010011000010110001001101100011110010010000001110100011001010110111001100100011001010111001000100000011000100111100100100000011101000110100001100101
110011001101111011011000110110001101111011101110110100101101110011001110010000001101101011011110110010001100101001110100010000001101100011000010111100100100000011101000110100001100101011011010010000001101001011011100111010001101111001000000110000100100000011100110111010001101111011011100110010101101010011000010111001000101100001000000111011101101001011101000110100000100000011000010010000001110100011001010110000101100011011101010111000000100000011011110110011000100000011101110110000101110100011001010111001000100000011000010111010000100000011101000110100001100101
11000100110111101110100011101000110111101101101001011000010000001100001011011100110010000100000011100000110000101100011011010110010000001110100011010000110010101101101001000000111011101101001011101000110100000100000011000010010000001101100011010010111010001110100011011000110010100100000011100110111010101100111011000010111001000100000011100110111010001110010011001010111011101100101011001000010000001100010011001010111010001110111011001010110010101101110001110110010000001100011011011110111011001100101011100100010000001110100011010000110010100100000011010100110000101110010
110001101101100011011110111001101100101001011000010000001100001011011100110010000100000011100110110010101110100001000000110100101110100001000000110111101101110001000000110000100100000011100110111010001101111011101100110010100100000011011110111001000100000011000110110111101101111011011000010000001101111011101100110010101101110001011000010000001100001011011100110010000100000011011000110010101110100001000000111010001101000011001010110110100100000011100110110111101100110011101000110010101101110001000000111010001101001011011000110110000100000011101000110100001100101
110001101101111011011000110111101110101011100100010000001100010011001010110001101101111011011010110010100100000011100100110010101100100001011000010000001110100011010000110010101101110001000000111000001101111011101010111001000100000011101000110100001100101001000000110011001110010011101010110100101110100001011000010000001110011011110010111001001110101011100000010110000100000011000010110111001100100001000000110000100100000011100010111010101100001011100100111010000100000011011110110011000100000011100010111010101101001011011100110001101100101
11010100111010101101001011000110110010100100000011010010110111001110100011011110010000001100001001000000111000001110010011001010111001101100101011100100111011001101001011011100110011100100000011100000110000101101110001011000010000001100001011011100110010000100000011000100110111101101001011011000010000001100001011011000110110000100000011101000110111101100111011001010111010001101000011001010111001000100000011101000110100101101100011011000010000001110100011010000110010100100000011011010110000101110010011011010110000101101100011000010110010001100101001000000110001001100101
110001101101111011011010111000001101100011001010111010001100101011001000010110000100000011000100111001001100101011000010110101101101001011011100110011100100000011101000110100001100101001000000110110001110101011011010111000001110011001000000110111101100110001000000110011001110010011101010110100101110100001000000111011101101001011101000110100000100000011101000110100001100101001000000111000001110010011001010111001101100101011100100111011001101001011011100110011100100000011011000110000101100100011011000110010100101110
10101000110100001101001011100110010000001100110011100100111010101101001011101000010000001101001011100110010000001110011011011110010000001101000011000010111001001100100001011000010000001110100011010000110000101110100001000000110100101100110001000000110100101110100001000000110001001100101001000000110111001101111011101000010000001100100011011110110111001100101001000000110000101110011001000000110000101100010011011110111011001100101001011000010000001101001011101000010000001110010011001010111000101110101011010010111001001100101011100110010000001100001
1100111011100100110010101100001011101000010000001100100011001010110000101101100001000000110111101100110001000000111010001101001011011010110010100101110
100111000101110001000000100001000101110001000000101001101110100011001010111011101101001011011100110011100100000011100010111010101101001011011100110001101100101011100110010000001101001011011100010000001100001001000000110101001100001011100100010110000100000011000010110111001100100001000000111010001101000011001010110111000100000011100110111000101110101011001010110010101111010011010010110111001100111001000000111010001101000011001010110110100100000011101000110100001110010011011110111010101100111011010000010000001100001
110001101101000011001010110010101110011011001010110001101101100011011110111010001101000001011000010000001101001011100110010000001110100011010000110010100100000011000100110010101110011011101000010000001101101011001010111010001101000011011110110010000100000011011110110011000100000011011110110001001110100011000010110100101101110011010010110111001100111001000000111010001101000011001010010000001101010011101010110100101100011011001010010000001110100011011110010000001100001011001000110010000100000011000010111001100100000011000010110001001101111011101100110010100101110
101111101010100011011110010000001100100011100100111100100100000010000110110100001100101011100100111001001101001011001010111001100111011001000000111010001101000011001010010000001100010011001010111001101110100001000000111011101100001011110010010111001011111
10101000110111100100000011001010111011001100101011100100111100100100000011001100110100101110110011001010010000001110000011011110111010101101110011001000111001100100000011011110110011000100000011000110110100001100101011100100111001001101001011001010111001100100000011100110111010001101111011011100110010101100100001011000010000001110111011001010110100101100111011010000010000001101111011011100110010100100000011011110110011000100000011100110111010101100111011000010111001000100000011001000110111101110101011000100110110001111001
111001001100101011001100110100101101110011001010110010000101110001000000101000001110101011101000010000001110100011010000110010100100000011001100111001001110101011010010111010000100000011010010110111001110100011011110010000001110100011010000110010100100000011100000111001001100101011100110110010101110010011101100110100101101110011001110111000001100001011011100010000001110111011010010111010001101000001000000101111101110110011001010111001001111001010111110010000001101100011010010111010001110100011011000110010100100000011101110110000101110100011001010111001000101100
11000100110111101110100011010000010000001101101011000010110010001100101001000000111001101100011011000010110110001100100011010010110111001100111001000000110100001101111011101000011101100100000011101000110000101101011011001010010000001110100011010000110010100100000011001100111001001110101011010010111010000100000011010010110110101101101011001010110010001101001011000010111010001100101011011000111100100100000011011110111010101110100001000000110000101101110011001000010000001100100011100100111100100100000011101000110100001100101011011010010110000100000011100000111010101110100
111010001101000011001010110110100100000011010010110111001110100011011110010000001110100011010000110010100100000011100000110000101101110001000000110000101100111011000010110100101101110001011000010000001110011011101000111001001100101011101110110100101101110011001110010000001110100011010000110010100100000011100110111010101100111011000010111001000100000011000100110010101110100011101110110010101100101011011100010000001100101011000010110001101101000001000000110110001100001011110010110010101110010001000000110111101100110
1100011011010000110010101110010011100100110100101100101011100110011101100100000011011000110010101110100001000000110100101110100001000000111001101110100011000010110111001100100001000000111010001101111001000000110110101100101011011000111010000101100001000000111010001101000011001010110111000100000011100110110010101110100001000000111010001101000011001010010000001110000011000010110111000100000011011110110111000100000011101000110100001100101001000000110011001101001011100100110010100101100001000000110000101101110011001000010000001101101011000010110101101100101
110100101110100001000000111001101100011011000010110110001100100011010010110111001100111001000000110100001101111011101000010000001100001011100110010000001100010011001010110011001101111011100100110010100111011001000000111010001100001011010110110010100100000011010010111010000100000011011110110011001100110001011000010000001100001011011100110010000100000011100100110010101110000011001010110000101110100001000000111010001101000011010010111001100100000011101000110100001110010011010010110001101100101001000000111011101101001011101000110100000100000011101000110100001100101
111001101110101011001110110000101110010001011100010000001000100011100100110000101101001011011100010000001110100011010000110010101101101001000000110011001110010011011110110110100100000011101000110100001100101001000000111001101111001011100100111010101110000001011000010000001100001011011100110010000100000011011000110000101111001001000000111010001101000011001010110110100100000011100110110100101101110011001110110110001111001001000000111010001101111001000000110010001110010011110010010000001101111011011100010000001100100011010010111001101101000011001010111001100101100
1101001011011100010000001110100011010000110010100100000011100110111010101101110001000000110111101110010001000000110111101101110001000000110000100100000011100110111010001101111011101100110010100101110001000000101011101101000011001010110111000100000011001000111001001111001001011000010000001110000011101010111010000100000011101000110100001100101011011010010000001101001011011100111010001101111001000000110000100100000011100110110100101100101011101100110010100101100001000000110010001101