00011100000110000101110011011101000110010100100000011000010111001100100000011000010110001001101111011101100110010100100000011101000110100001101001011000110110101100100000011101010111000001101111011011100010000001101001011101000010110000100000011100000111010101110100
1101001011101000010000001101001011011100111010001101111001000000110000100100000010001000111010101110100011000110110100000100000011011110111011001100101011011100010110000100000011000110110111101110110011001010111001001100101011001000010000001110111011010010111010001101000001000000110000100100000011001000110100101110011011010000010000001110100011010010110110001101100001000000110100001101111011101000010000001110100011010000111001001101111011101010110011101101000001011000010000001110010011001010110110101101111011101100110010100100000011101000110100001100101
110010001101001011100110110100000101100001000000110000101101110011001000010000001101100011001010111010000100000011101000110100001100101001000000110001101101000011001010110010101110011011001010010000001100010011100100110111101110111011011100010000001100001001000000101111101101100011010010111010001110100011011000110010101011111001011100010000001010011011001010111001001110110011001010010000001100001011100110010000001101000011011110111010000100000011000010111001100100000011100000110111101110011011100110110100101100010011011000110010100101110
1011111010101000110111100100000011100000110111101100001011000110110100000100000010001010110011101100111011100110010111001011111
101001101100101011101000010000001100001001000000111001101110100011001010111011101110000011000010110111000100000011011110110011000100000011101110110000101110100011001010111001000100000011011110110111000100000011101000110100001100101001000000110011001101001011100100110010100111011001000000111011101101000011001010110111000100000011000100110111101101001011011000110100101101110011001110010110000100000011100110110110001101001011100000010000001100001011011100010000001100101011001110110011100101100
111000001110010011001010111011001101001011011110111010101110011011011000111100100100000011000100111001001101111011010110110010101101110001000000110100101101110011101000110111100100000011000010010000001100011011101010111000000101100001000000110100101101110011101000110111100100000011101000110100001100101001000000111011101100001011101000110010101110010001110110010000001110111011010000110010101101110001000000111010001101000011001010010000001110111011010000110100101110100011001010010000001101100011011110110111101101011011100110010000001100100011011110110111001100101
110010101101110011011110111010101100111011010000010110000100000011100110110110001101001011001000110010100100000011000010110111000100000011001010110011101100111001000000111001101101100011010010110001101100101001000000111010101101110011001000110010101110010001000000111010001101000011001010010000001100101011001110110011100101100001000000110000101101110011001000010000001101100011000010111100100100000011010010111010000100000011011110110111000100000011101000110111101100001011100110111010000100000011000010110111001100100
1100010011101010111010001110100011001010111001000101100001000000110111101110010001000000111001101110000011010010110111001100001011000110110100000101110001000000100000101110011001000000111001101101111011011110110111000100000011000010111001100100000011001010110111001101111011101010110011101101000001000000110000101110010011001010010000001100100011011110110111001100101001011000010000001110011011001010111001001110110011001010010000001101000011011110111010000101110
1010100010000000100000001000000010000000100000001000000010000000101010001000000010000000100000001000000010000000100000001000000010101000100000001000000010000000100000001000000010000000100000001010100010000000100000001000000010000000100000001000000010000000101010
10101000110100001100101001000000111001101100101011100100111011001100001011011100111010001110011001000000110111101100110001000000110010101100001011000110110100000100000011000110110111101110101011011100111010001110010011110010010000001100001011100100110010100100000011001110110010101101110011001010111001001100001011011000110110001111001001000000110000101100011011100010111010101100001011010010110111001110100011001010110010000100000011101110110100101110100011010000010000001110100011010000110010100100000011000100110010101110011011101000010000001101101011011110110010001100101
110111101100110001000000110110101100001011011100110000101100111011010010110111001100111001000000111010001101000011001010010000001100010011101010111010001110100011001010111001000100000011000010110111001100100001000000110001101101000011001010110010101110011011001010010000001101111011001100010000001110100011010000110000101110100001000000110001101101111011101010110111001110100011100100111100100111011001000000110001001110101011101000010000001110100011010000110010100100000011001100110111101101100011011000110111101110111011010010110111001100111
11010000110100101101110011101000111001100100000011011010110000101111001001000000110111001101111011101000010000001100010011001010010000001110101011011100110000101100011011000110110010101110000011101000110000101100010011011000110010100100000011101000110111100100000011001110110100101110110011001010010000001101001011011100110011001101111011100100110110101100001011101000110100101101111011011100010000001110100011011110010000001110100011010000110010100100000010011010110100101110011011101000111001001100101011100110111001100101110
10001000100000101001001010100100101100100101110
101010001101000011001010010000001100111011100100110010101100001011101000110010101110011011101000010000001110000011011110111001101110011011010010110001001101100011001010010000001100001011101000111010001100101011011100111010001101001011011110110111000100000011011010111010101110011011101000010000001100010011001010010000001110000011000010110100101100100001000000111010001101111001000000110001101101100011001010110000101101110011011000110100101101110011001010111001101110011001011100010000001000001011011000110110000100000011101000110100001100101
111010101110100011001010110111001110011011010010110110001110011001000000110110101110101011100110111010000100000011000100110010100100000011001000110000101101001011011000111100100100000011100110110001101100001011011000110010001100101011001000010000001100001011011100110010000100000011000100111001001110101011100110110100001100101011001000010110000100000011101110110000101110011011010000110010101100100001000000110100101101110001000000111000001101100011001010110111001110100011110010010000001101111011001100010000001100011011011110110110001100100
11101110110000101110100011001010111001000101100001000000110010001110010011010010110010101100100001000000111011101101001011101000110100000100000011000110110110001100101011000010110111000100000011000110110110001101111011101000110100001110011001011000010000001100001011011100110010000100000011101000111010101110010011011100110010101100100001000000111010101110000001000000110100101101110001000000111010001101000011001010010000001100001011010010111001000101110
101010001101000011001010010000001100100011000010110100101110010011110010010000001110011011010000110111101110101011011000110010000100000011000100110010100100000011010110110010101110000011101000010000001110000011001010111001001100110011001010110001101110100011011000111100100100000011000110110110001100101011000010110111000100000011000010110111001100100001000000110001101101111011011110110110000101110
100100101101110001000000110110101101001011011000110101101101001011011100110011100101100001000000110100101100110001000000111010001101000011001010010000001100011011011110111011101110011001000000110001001100101001000000110111001101111011101000010000001101100011001010110011001110100001000000111000001100101011100100110011001100101011000110111010001101100011110010010000001100100011100100111100100101100001000000111010001101000011001010010000001110001011101010110000101101110011101000110100101110100011110010010000001110111011010010110110001101100001000000110001001100101
11001000110010101100011011100100110010101100001011100110110010101100100001011100010000001010100011010000110010100100000011100010111010101100001011011100111010001101001011101000111100100100000011001000110010101110000011001010110111001100100011100110010000001101111011011100010000001110100011010000110010100100000011001110110111101101111011001000110111001100101011100110111001100100000011011110110011000100000011001000110100101100110011001100110010101110010011001010110111001110100001000000110001101101111011101110111001100101100001000000110111101101110
1110100011010000110010100100000011100000110000101110011011101000111010101110010011001010010110000100000011000010110111001100100001000000110111101101110001000000111010001101000011001010010000001101100011001010110111001100111011101000110100000100000011011110110011000100000011101000110100101101101011001010010000001100110011100100110111101101101001000000110001101100001011011000111011001101001011011100110011100101110001000000100000100100000011011010110100101100100011001000110110001101001011011100110011100100000011000110110111101110111
11001110110100101110110011001010111001100100000011000010010000001110000011011110111010101101110011001000010000001101111011001100010000001100010011101010111010001110100011001010111001000100000011000010010000001100100011000010111100100100000011001100110111101110010001000000110011001101001011101100110010100100000011011110111001000100000011100110110100101111000001000000111011101100101011001010110101101110011001011000010000001100001011011100110010000100000011100110110111101101101011001010111010001101001011011010110010101110011
1101100011011110110111001100111011001010111001000101110001000000101011101101000011001010110111000100000011101000110100001100101001000000110110101101001011011000110101100100000011001000110010101100011011100100110010101100001011100110110010101110011001011000010000001100001001000000110001101101000011000010110111001100111011001010010000001100101011101100110010101101110001000000111010001101111001000000110000100100000011101110110111101110010011100110110010100100000011100000110000101110011011101000111010101110010011001010010000001110111011010010110110001101100
1100101011001100110011001100101011000110111010