01111001010111110010110000100000001100100011010100110111
10111110101011101101000011001010111100101011111001011000010000001110111011010000110100101110100011001010010000001110111011010010110111001100101001000000110011001101111011100100010000001110100011010000110010100100000011100110110100101100011011010110010110000100000001100100011010100110111
1110110011010010110111001100101011001110110000101110010001000000110000101101110011001000010000001101100011001010110110101101111011011100010110000100000001100100011010100110111
1011111010101110110100001101001011101000110010101011111001011000010000001110100011011110010000001110011011101000110000101101001011011100010000001101010011001010110110001101100011010010110010101110011001011000010000001101001011000110110010101110011001011000010000001101111011100100010000001100011011000010110101101100101011100110010110000100000001100100011000000110011
101100001000000110100001101111011001110111001100100000011100000111010101100100011001000110100101101110011001110111001100101100001000000011011000110110
1110011011000010111010101100011011001010010110000100000001100010011000000110100
101111101010111011010010110010001100111011001010110111101101110010111110010110000100000011101000110111100100000011100100110111101100001011100110111010000101100001000000011100000110011
1011111010101110110100101101110011001010101111100101100001000000111010001101111001000000111001001100101011001100110100101101110011001010010110000100000001100100011001100111000
11100100110111101101100011011000010110000100000001100010011011100110000
101100001000000110110101110101011011000110110001100101011001000010110000100000001100100011011000110010
11000010010000001110010011010010110001101101000001000000110000101101110011001000010000001110000011011000110010101100001011100110110000101101110011101000010110000100000001100100011010000110100
10100110110010101110110011001010111001001100001011011000010000001110011011011110111001001110100011100110010000001101111011001100010000001101101011000010110010001100101001000000111011101101001011011100110010100100000011000010111001001100101001000000111010101101110011001000110010101110010001000000111010001101000011001010010000001100100011010010110011001100110011001010111001001100101011011100111010000100000011011100110000101101101011001010111001100111011001000000110000101110011
1011111010000110111010101110010011100100110000101101110011101000101111100100000011101110110100101101110011001010010110000100000001001100110001100101110
101100100101110
10111110101100101100101011000010111001101110100010111110010110000100000011101000110111100100000011011010110000101101011011001010010110000100000001100100011001000111001
1100001011011100110111101110100011010000110010101110010001000000111011101100001011110010010110000100000001100100011001000111001
1011000010000001110100011011110010000001110000011100100110010101110011011001010111001001110110011001010010110000100000001100100011001100110000
1101111011100100010000001010011011101010110011001100110011011110110110001101011001000000110010001110101011011010111000001101100011010010110111001100111011100110010110000100000001100010011010100111000
1011111010110010110010101101100011011000110111101110111010111110010110000100000011101000110111100100000011100110111010001100001011010010110111000100000011010100110010101101100011011000110100101100101011100110010110000100000011010010110001101100101011100110010000001101111011100100010000001100011011000010110101101100101011100110010110000100000001100100011000000110011
10111110101100101101111011100100110101101110011011010000110100101110010011001010101111100100000011000110110000101101011011001010010110000100000001100100011001000111000
11100000111010101100100011001000110100101101110011001110010110000100000001100010011010100111000
101010001001000010001010010000001000101010011100100010000101110
1011010010110100101101001011010010110100101101001011010010110100101101001011010010110100101101001011010010110100101101001011010010110100101101001011010010110100101101001011010010110100101101001011010010110100101101001011010010110100101101001011010010110100101101001011010010110100101101001011010010110100101101001011010010110100101101001011010010110100101101001011010010110100101101001011010010110100101101001011010010110100101101001011010010110100101101001011010010110100101101001011010010110100101101001011010010110100101101001011010010110100101101001011010010110100101101
1011111010010100111010101110011011101000010000001110000011101010110001001101100011010010111001101101000011001010110010000101100001000000110000101101110011001000010000001100110011011110111001000100000011100110110000101101100011001010010000001100010011110010010000001010111001011100010000001000001010011100100010001010010010001010101011101010011001011000010000001001110011011110010111000100000001100010010110000100000010000110110111101110010011011100110100001101001011011000110110001011111001011000010000001000010011011110111001101110100011011110110111000101100
1001010010011110100100001001110010100110100111101001110111000101000000010011001010100110010000001000100010010010100001101010100010010010100111101001110010000010101001001011001
10011110100011000100000010101000100100001000101
10111110100010101001110010001110100110001001001010100110100100000100000010011000100000101001110010001110101010101000001010001110100010100101100001000000100100101001110001000000100110101001001010011100100100101000001010101000101010101010010010001010101111100101110
101010001101111001000000111011101101000011010010110001101101000001000000110000101110010011001010010000001100001011001000110010001100101011001000010110000100000011000010110111000100000011000010110110001110000011010000110000101100010011001010111010001101001011000110110000101101100001000000110000101100011011000110110111101110101011011100111010000100000011011110110011000100000011101000110100001100101
1001000010001010100000101010100010010000100010101001110001000000100010001000101010010010101010001001001010001010101001100101100
100000101001110010001000010000001000001
10000110100111101010000010010010100111101010101010100110010000001000011010010000101001001001111010011100100111101001100010011110100011101001001010000110100000101001100001000000101010001000001010000100100110001000101001000000100111101000110
1011111010100100110010101101101011000010111001001101011011000010110001001101100011001010010000001000101011101100110010101101110011101000111001100101100001000000100010001101001011100110110001101101111011101100110010101110010011010010110010101110011001011000010000001100001011011100110010000100000010010010110111001110110011001010110111001110100011010010110111101101110011100110101111100101110
10111110100001001111001001000000111010001101000011001010010000001010010011001010111011000101110010111110010000001001010010011110101001101000101010100000100100000100000010010000100000101001101010010010100110001010100010011110100111000101100001000000100110100101110001000000100000100101110
101111101010011010001010100001101001111010011100100010000100000010000010100110101000101010100100100100101000011010000010100111000100000010001010100010001001001010101000100100101001111010011100010111001011111
1000001010001000101011001000101010100100101010001001001010100110100010101001101010001010100111001010100
10101000100111100100000010101000100100001000101
10111110100010101001110010001110100110001001001010100110100100000100000010001010100010001001001010101000100100101001111010011100101111100101110
1010100011010000110010100100000011100100110000101110000011010010110010000100000011100110110000101101100011001010010000001101111011001100010000001110100011010000110010100100000011101000110100001101001011100100111010001100101011001010110111000100000011001100110111101110010011011010110010101110010001000000100010101100100011010010111010001101001011011110110111001110011001000000110111101100110001000000111010001101000011010010111001100100000010001000110100101100011011101000110100101101111011011100110000101110010011110010010110000100000011010000110000101110011
11010010110111001100100011101010110001101100101011001000010000001110100011010000110010100100000010001010110010001101001011101000110111101110010001000000111010001101111001000000110001101101111011011010111000001101100011110010010000001110111011010010111010001101000001000000111010001101000011001010010000001100100011001010111001101101001011100100110010101110011001000000110111101100110001000000111010001101000011001010010000001110000011101010110001001101100011010010110001100101100001000000110100101101110
11100000111001001100101011100000110000101110010011010010110111001100111001000000110000101101110011011110111010001101000011001010111001000100000011010010110110101110000011100100110010101110011011100110110100101101111011011100010000001100110011011110111001000100000011101000110100001100101001000000111000001110010011001010111001101110011001011100010000001010100011011110010000001100011011011110111000001111001001000000111010001101000011001010010000001100010011001010111001101110100001000000110010101111000011000010110110101110000011011000110010101110011001000000110100101110011
1101110011011110111010000100000011011110110111001101100011110010010000001110100011010000110010100100000011011100110010101100011011001010111001101110011011000010111001001111001001000000111001001100101011100110110111101110101011100100110001101100101001000000110111101100110001000000111010001101000011001010010000001110111011100100110100101110100011001010111001001110011001000000110111101100110001000000111010001101000011001010010000001110000011100100110010101110011011001010110111001110100001000000110000101100111011001010010110000100000011000100111010101110100
11010010111010000100000011001010111100001101000011010010110001001101001011101000111001100101100001000000110000101110100001000000111010001101000011001010010000001110011011000010110110101100101001000000111010001101001011011010110010100101100001000000110000100100000011100000111001001101111011011110110011000100000011011110110011000100000011101000110100001100101011010010111001000100000011011010110111101100100011001010111001101110100011110010010000001100001011011100110010000100000011001000110100101110011011000110110010101110010011011100110110101100101011011100111010000101110
1010100011010000110