0101101011011001010010000001101001011101000010000001101001011011100010000001100001
11100010111010101101001011000110110101100100000011011110111011001100101011011100010111000100000010010110110010101100101011100000010000001101001011101000010000001100100011100100111100100100000011010010110111000100000011000010010000001100011011011110111011001100101011100100110010101100100001000000110010101100001011100100111010001101000011001010110111000100000011101100110010101110011011100110110010101101100001011000010000001100001011011100110010000100000011010010111010000100000011101110110100101101100011011000010000001100010011001010010000001100111011011110110111101100100
1100110011011110111001000100000011100110110111101101101011001010010000001101101011011110110111001110100011010000111001100101110
101111101001110011011110111010001100101001011100101111100100000010010010110011000100000011000110110000101101011011001010010000001101111011100100010000001100010011010010111001101100011011101010110100101110100001000000110001001100101001000000110101101100101011100000111010000100000011010010110111000100000011100000110000101110000011001010111001000100000011011110111001000100000011000010010000001100100011100100110000101110111011001010111001000101100001000000111010001101000011001010010000001110100011000010111001101110100011001010010000001110111011010010110110001101100
11000100110010100100000011001000110100101110011011000010110011101110010011001010110010101100001011000100110110001100101001011100010000001000001001000000111000001100001011011100010000001100001011011100110010000100000011000110110111101110110011001010111001000101100001000000110111101110010001000000111010001110101011100100110010101100101011011100010110000100000011101110110100101101100011011000010000001110000011100100110010101110011011001010111001001110110011001010010000001110100011010000110010101101101001000000110110001101111011011100110011100100000011000010110111001100100
11011010110111101101001011100110111010000101110001000000100111101110010001011000010000001101001011001100010000001110100011011110010000001100010011001010010000001100011011100100110100101110011011100000010110000100000011011000110000101111001011010010110111001100111001000000111010001101000011001010110110100100000011000100110010101100110011011110111001001100101001000000111010001101000011001010010000001100110011010010111001001100101001000000111011101101001011011000110110000100000011011010110000101101011011001010010000001110100011010000110010101101101
11100110110111100101110
101111101000001001000000110011101101111011011110110010000100000011100000110110001100001011010010110111000100000010000100111010101101110001011000010000001110100011010000110000101110100001000000110110101100001011110010010000001100010011001010010000001100101011000010111010001100101011011100010000001110111011010010111010001101000001000000110111101110010001000000111011101101001011101000110100001101111011101010111010000100000011101000110111101100001011100110111010001101001011011100110011100100000011000010110111001100100
100001001110101011101000111010001100101011100100010111001011111
10100100111010101100010001000000110011001101111011101010111001000100000011011110111010101101110011000110110010101110011001000000110111101100110001000000110001001110101011101000111010001100101011100100010000001101001011011100111010001101111001000000111010001110111011011110010000001110000011011110111010101101110011001000111001100100000011011110110011000100000011001100110110001101111011101010111001000101100001000000110011001101111011101010111001000100000011011110111010101101110011000110110010101110011001000000110111101100110
1110011011101010110011101100001011100100010110000100000011000010010000001101110011101010111010001101101011001010110011100101100001000000110111101110010001000000110111001101111011101000010110000100000011000010111001100100000011110010110111101110101001000000110110001101001011010110110010100101100001000000110000100100000011001100110010101110111001000000100101001100001011011010110000101101001011000110110000100100000011100000110010101110000011100000110010101110010011100110010110000100000011000010010000001100100011001010111001101110011011001010111001001110100
1110011011100000110111101101111011011100110011001110101011011000010000001101111011001100010000001100011011000010111001001110010011000010111011101100001011110010111001100111011001000000111000001110101011101000010000001100001001000000111001101110000011011110110111101101110011001100111010101101100001000000110111101110010001000000111010001110111011011110010000001101111011001100010000001100011011100100110010101100001011011010010000001101001011011100111010001101111001000000110000100100000011000110111010101110000001000000110111101100110
111100101100101011000010111001101110100001011000010000001100001011011100110010000100000011000010111001100100000011011010111010101100011011010000010000001100111011011110110111101100100001000000110110101101001011011000110101100100000011000010111001100100000011101110110100101101100011011000010000001101101011000010110101101100101001000000111010001101000011001010010000001100001011000100110111101110110011001010010000001101001011011100111010001101111001000000110000100100000011011000110100101100111011010000111010000100000011100000110000101110011011101000110010100101110
101001101100101011101000010000001101001011101000010000001110100011011110010000001110010011010010111001101100101001000000110001001111001001000000110000100100000011001100110100101110010011001010010000001110100011010010110110001101100001000000111010001101000011001010010000001101111011101100110010101101110001000000110001001100101001000000111001001100101011000010110010001111001001011100010000001010100011010000110010101111001001000000111011101101001011011000110110000100000011100010111010101101001011000110110101101101100011110010010000001100010011000010110101101100101
110111101101110001000000111010001101001011011100111001100101110
101111101010010011010010110001101101000011001010111001000100000010000100111010101101110011100110010111001011111
100110101101001011110000010000001101111011011100110010100100000011100000110111101110101011011100110010000100000011000010110111001100100001000000110000100100000011010000110000101101100011001100010000001101111011001100010000001100100011100100110100101100101011001000010000001100110011011000110111101110101011100100010110000100000011101110110100101110100011010000010000001101000011000010110110001100110001000000110000100100000011100000110111101110101011011100110010000100000011011110110011000100000011100110111010101100111011000010111001000111011
11011010110010101101100011101000010000001100001001000000111000001101111011101010110111001100100001000000110000101101110011001000010000001110100011101110110111100100000011011110111010101101110011000110110010101110011001000000110111101100110001000000110001001110101011101000111010001100101011100100010000001101001011011100010000001100001001000000110110001101001011101000111010001101100011001010010000001110111011000010111001001101101001000000111011101100001011101000110010101110010001110110010000001100001011001000110010000100000011100110110100101111000
111001101110000011011110110111101101110011001100111010101101100011100110010000001101111011001100010000001110010011011110111001101100101011101110110000101110100011001010111001000101100001000000110000101101110011001000010000001101011011011100110010101100001011001000010000001110100011010000110010100100000011000010110001001101111011101100110010100100000011010010110111001110100011011110010000001100001001000000110110001101001011001110110100001110100001000000110010001101111011101010110011101101000001011000010000001110111011010010111010001101000
1101000011000010110110001100110001000000110000100100000011100000110100101101110011101000010000001101111011001100010000001111001011001010110000101110011011101000011101100100000011101000110100001100101011011100010000001101101011010010111100000100000011001100110100101110110011001010010000001101111011101010110111001100011011001010111001100100000011011110110011000100000011000110110000101110010011100100110000101110111011000010111100100100000011000110110111101101101011001100110100101110100011100110010000001101001011011100010110000100000011000010110111001100100
111000001110101011101000010000001110011011011110110110101100101001000000110111101101110001000000111010001101000011001010110110100101110
1011111010011010111010101100110011001100110100101101110011100110010111001011111
100110101101001011110000010000001110100011101110110111100100000011100000110111101110101011011100110010001110011001000000110111101100110001000000110011001101100011011110111010101110010001000000111011101101001011101000110100000100000011101000111011101101111001000000110010101100111011001110111001100101100001000000111010001110111011011110010000001101111011101010110111001100011011001010111001100100000011011110110011000100000011000100111010101110100011101000110010101110010001000000110110101100101011011000111010001100101011001000010000001101001011011100010000001100001
1110000011010010110111001110100001000000110111101100110001000000110110101101001011011000110101100101100001000000110000101101110011001000010000001100110011011110111010101110010001000000110111101110010001000000110011001101001011101100110010100100000011100110111000001101111011011110110111001100110011101010110110001110011001000000110111101100110001000000111100101100101011000010111001101110100001110110010000001100010011001010110000101110100001000000110100101110100001000000111010001101000011011110111001001101111011101010110011101101000011011000111100100101100
1100001011011100110010000100000011100110110010101110100001000000110100101110100001000000111010001101111001000000111001001101001011100110110010100100000011101000111011101101111001000000110111101110010001000000111010001101000011100100110010101100101001000000110100001101111011101010111001001110011001011100010000001000010011000010110101101100101001000000110111101101110001000000110000100100000011010000110111101110100001000000110100001100101011000010111001001110100011010000010000001101001011011100010000001100110011011000110000101110100
1100011011000010110101101100101011100110010111000100000010101110110100001100101011011100010000001100100011011110110111001100101001000