100100001000000101001001100001011000100110001001101001011101000010111001011111
1000011011101010111010000100000011101010111000000100000011000010110111001100100001000000111001101100101011000010111001101101111011011100010000001110100011010000111001001100101011001010010000001101111011100100010000001100110011011110111010101110010001000000110000101100110011101000110010101110010001000000111011101100001011100110110100001101001011011100110011100100000011101000110100001100101011011010010111000100000010101000110100001100101001000000111001101100101011000010111001101101111011011100110100101101110011001110010000001101101011101010111001101110100
11000100110010100100000011011010110000101100011011001010010110000100000011100000110010101110000011100000110010101110010001011000010000001110011011000010110110001110100001011000010000001100001001000000110110001101001011101000111010001101100011001010010000001000011011000010111100101100101011011100110111001100101001011000010000001100001011011100110010000100000011000010010000001100110011001010111011100100000011100000110100101101101011001010110111001110100011011110111001100100000011010010110111000100000011001100110100101101110011001010111001101110100
1110000011011110111011101100100011001010111001000101110001000000101000001100001011000110110101100100000011101000110100001100101011011010010000001100001011100110010000001100011011011000110111101110011011001010010000001100001011100110010000001110000011011110111001101110011011010010110001001101100011001010010000001101001011011100010000001100001001000000111001101101101011000010110110001101100001000000111000001100001011011100010110000100000011000010110111001100100001000000110110101100001011010110110010100100000011101000110100001100101
11100110111010101110010011001100110000101100011011001010010000001110011011011010110111101101111011101000110100000101110001000000100101101100101011001010111000000100000011011110111010101110100001000000111010001101000011001010010000001100011011000010111001001100011011000010111001101110011011001010111001100101100001000000110100001100001011101100110100101101110011001110010000001110100011000010110101101100101011011100010000001100001011011000110110000100000011101000110100001100101001000000110110101100101011000010111010000100000011011110110011001100110
111010001101000011001010110110100101100001000000110000101101110011001000010110000100000011100000111010101110100011101000110100101101110011001110010000001100001001000000110011101101111011011110110010000100000011001000110010101100001011011000010000001101111011001100010000001100010011101010111010001110100011001010111001000100000011011110111011001100101011100100010000001110100011010000110010100100000011100100110000101100010011000100110100101110100011100110010110000100000011000100110000101101011011001010010000001110100011010000110010101101101
11001110110010101101110011101000110110001111001001011100010000001001100011001010111010000100000011101000110100001100101011011010010000001110010011001010110110101100001011010010110111000100000011000010010000001100100011000010111100100100000011011110111001000100000011101000111011101101111001011000010000001110100011010000110010101101110001000000111001001100101011011010110111101110110011001010010000001101001011011100111010001101111001000000111000001101111011101000111010001101001011011100110011100100000011100000110000101101110011100110011101100100000011000010110111001100100
110000101100100011001000010000001110011011011110110110101100101001000000110011001110010011001010111001101101000001000000110001001110101011101000111010001100101011100100010000001110100011011110010000001110100011010000110000101110100001000000111011101101000011010010110001101101000001000000110000101101100011100100110010101100001011001000111100100100000011000110110111101110110011001010111001001110011001000000111010001101000011001010110110100101110
10100110100111101010101010100000101001100101110
101111101000111011010010110001001101100011001010111010000100000010100110110111101110101011100000010111001011111
10100110110001101100001011011000110010000100000011000010110111001100100001000000110001101101100011001010110000101101110001000000111010001101000011100100110010101100101001000000110111101110010001000000110011001101111011101010111001000100000011100110110010101110100011100110010000001101111011001100010000001100111011011110110111101110011011001010010000001101111011100100010000001100100011101010110001101101011001000000110011101101001011000100110110001100101011101000111001100111011001000000111010001101000011001010110111000100000011100110110010101110100
111010001101000011001010110110100100000011011110110111000100000011101000110111100100000011100110111010001100101011101110010000001110111011010010111010001101000001000000110000100100000011100110110001101110010011000010110011100100000011011110110011000100000011011010111010101110100011101000110111101101110001011000010000001101111011100100010000001100001001000000111000001101111011101010110111001100100001000000110111101100110001000000110011101110010011000010111011001111001001000000110001001100101011001010110011000101100001000000110111101110010
110001001101111011011100110010100100000011011110110011000100000011010110110111001110101011000110110101101101100011001010010000001101111011001100010000001110110011001010110000101101100001011000010000001100001011011100010000001101111011110000111010001100001011010010110110000101100001000000110111101110010001000000111001101101111011011010110010100100000011100110110100001100001011011100110101101100010011011110110111001100101011100110010000001101111011001100010000001101101011101010111010001110100011011110110111000111011001000000111010001101000011100100110010101100101
1101111011011100110100101101111011011100111001100101100001000000110000100100000011000100110110001100001011001000110010100100000011011110110011000100000011011010110000101100011011001010010110000100000011101000110010101101110001000000111000001100101011100000111000001100101011100100110001101101111011100100110111001110011001011000010000001110100011101110110111100100000011000110110110001101111011101100110010101110011001011000010000001100001001000000110001001110101011011100110001101101000001000000110111101100110001000000111001101110111011001010110010101110100
11010000110010101110010011000100111001100101100001000000110000101101110011001000010000001110100011101110110111100100000011100010111010101100001011100100111010001110011001000000110111101100110001000000111011101100001011101000110010101110010001011100010000001010011011010010110110101101101011001010111001000100000011101000110100101101100011011000010000001110100011010000110010100100000011001110110100101111010011110100110000101110010011001000111001100100000011000010111001001100101001000000111000101110101011010010111010001100101
1110100011001010110111001100100011001010111001000101100001000000111011101101000011010010110001101101000001000000110110101110101011100110111010000100000011000100110010100100000011000110111010101110100001000000110100101101110001000000111010001101000011100100110010101100101001000000110111101110010001000000110011001101111011101010111001000100000011100000110000101110010011101000111001100111011001000000111010001101000011001010110111000100000011100000111010101110100001000000110100101101110001000000110000100100000011011000110100101110100011101000110110001100101
1100011011100100110010101100001011011010010110000100000011000010010000001110011011100000110111101101111011011100110011001110101011011000010000001101111011001100010000001100110011011000110111101110101011100100010000001110010011101010110001001100010011001010110010000100000011100110110110101101111011011110111010001101000001000000111011101101001011101000110100000100000011010010111010000101100001000000110000101101110011001000010000001100001001000000111001101110000011011110110111101101110011001100111010101101100001000000110111101100110
110110101110101011100110110100001110010011011110110111101101101001000000110001101100001011101000111001101110101011100000011101100100000011011110111001000100000011101000111011101101111001000000110011101101100011000010111001101110011011001010111001100100000011011110110011000100000011100110110100001100101011100100111001001111001001000000110111101110010001000000100110101100001011001000110010101101001011100100110000100100000011101110110100101101110011001010010000001101001011011100111001101110100011001010110000101100100001000000110111101100110
11000110111001001100101011000010110110100101100001000000110000101101110011001000010000001110011011011110110110101100101001000000100001101100001011110010110010101101110011011100110010100101110
101111101010100011101010111001001101110011010010111000000100000010100110110111101110101011100000010111001011111
101001101110100011001010111011100100000011001000110111101110111011011100010000001100001001000000110101101101110011101010110001101101011011011000110010100100000011011110110011000100000011101100110010101100001011011000011101000100000011100110111010001110010011000010110100101101110001011000010000001100001011011100110010000100000011011000110010101110100001000000111010001101000011001010010000001100010011100100110111101110100011010000010000001110011011101000110000101101110011001000010000001110011011101000110100101101100011011000010000001101110011001010111100001110100
1100100011000010111100100111011001000000111010001100001011010110110010100100000011011110110011001100110001000000111010001101000011001010010000001100110011000010111010000100000011000010110111001100100001000000111001101100101011001000110100101101101011001010110111001110100001011000010000001100001011011100110010000100000011101110110000101110010011011010010000001101001011101000010110000100000011000010110010001100100011010010110111001100111001000000111010001110101011100100110111001101001011100000111001100100000011000110111010101110100001000000110100101101110
1110011011011010110000101101100011011000010000001100100011010010110001101100101001110100010000001110011011101000110010101110111001000000111010001101001011011000110110000100000011101000110100001100101011110010010000001100001011100100110010100100000011101000110010101101110011001000110010101110010001110100010000001110000011101010111010000100000011000010010000001100010011010010111010000100000011011110110011000