0100110111101110100011010000010000001110100011011110110011101100101011101000110100001100101011100100010000001110100011011110010000001100001001000000111000001100001011100110111010001100101001011000010000001100001011011100110010000100000011101000110100001100101011011100010000001100001011001000110010000100000011101000110100001100101001000000110101001110101011010010110001101100101
110000101101110011001000010000001110000011101010110110001110000001000000110111101100110001000000111010001101000011001010010000001100110011100100111010101101001011101000010110000100000011000010110111001100100001000000111010001101000011001010010000001110011011010010111101001100101001000000110111101100110001000000110000100100000011101110110000101101100011011100111010101110100001000000110111101100110001000000110011001110010011001010111001101101000001000000110001001110101011101000111010001100101011100100010110000100000011000010110111001100100
11000100110010101100001011101000010000001100001011011000110110000100000011101000110111101100111011001010111010001101000011001010111001000101110001000000100001101101000011011110110111101110011011001010010000001100001001000000111011001100101011100100111100100100000011100110110100001100001011011000110110001101111011101110010000001100100011010010111001101101000001011000010000001101100011010010110111001100101001000000110100101110100001000000111011101101001011101000110100000100000011000010010000001101100011010010110011101101000011101000010000001110000011101010110011001100110
1100011011100100111010101110011011101000010110000100000011000010110111001100100001000000110110001100001011110010010000001110100011010000110010100100000011100000110000101110011011101000110010100100000011011110110011000100000011011110111001001100001011011100110011101100101001000000110100101101110001000000110100101110100001011100010000001011001011011110111010100100000011011010110000101111001001000000110100101100011011001010010000001101001011101000010111000100000010100110110010101100101001000000101111101010000011000010111001101110100011001010101111100101110
101111101000011011011110110010001101100011010010110111000100000010101000110000101110010011101000010111001011111
10100110110001101100001011011000110010000100000011101000110100001100101001000000110011001110010011101010110100101110100001011000010000001100001011100110010000001100100011010010111001001100101011000110111010001100101011001000010000001110101011011100110010001100101011100100010000001110100011010000110000101110100001000000110000101110010011101000110100101100011011011000110010100111011001000000111011101101000011001010110111000100000011100100110010101100001011001000111100100101100001000000111010001100001011010110110010100100000011011110110011001100110
11101000110100001100101001000000111010001101000011010010110111000100000011100110110101101101001011011100010110000100000011000010110111001100100001000000110110001100001011110010010000001110100011010000110010101101101001000000111011101101000011011110110110001100101001000000110100101101110001000000110000100100000011001000110100101110011011010000010110000100000011100000111010101110100001000000110000100100000010111110110110001101001011101000111010001101100011001010101111100100000011011110110011000100000011101000110100001100101001000000111011101100001011101000110010101110010
111010001101000011000010111010000100000011101000110100001100101001000000110000101110000011100000110110001100101011100110010000001110111011001010111001001100101001000000110001001101111011010010110110001100101011001000010000001101001011011100010000001100001011101000010000001100010011011110111010001110100011011110110110100101100001000000110000101101110011001000010000001110011011101000111001001100101011101110010000001110100011010000110010101101101001000000110111101110110011001010111001000100000011101110110100101110100011010000010000001101100011101010110110101110000
111001101110101011001110110000101110010001000000110111101110010001000000110011001101001011011100110010100100000010011000110100101110011011000100110111101101110001110110010000001110111011010000110010101101110001000000110001101101111011011000110010000101100001000000111000001110101011101000010000001100001001000000111000001100001011100110111010001100101001000000111001001101111011101010110111001100100001000000111010001101000011001010010000001100101011001000110011101100101011100110010110000100000011000010110111001100100001000000110111101110110011001010111001000101110
1011001011011110111010100100000011011010110000101111001001000000111011101100101011101000010000001101001011101000010000001110111011010010111010001101000001000000111011101101000011010010111010001100101001000000110111101100110001000000110010101100111011001110010110000100000011000010110111001100100001000000111001101110100011100100110010101110111001000000111001101110101011001110110000101110010001000000110111101110110011001010111001000101100001000000111011101101000011010010110001101101000001000000110110001101111011011110110101101110011
111011101100101011011000110110000111010001000000110111101110010001011000010000001100011011101010111010000100000011101000110100001100101001000000110110001101001011001000010000001101001011011100010000001110001011101010110000101110010011101000110010101110010011100110010110000100000011101110110100101110100011010000110111101110101011101000010000001110100011011110111010101100011011010000110100101101110011001110010000001110100011010000110010100100000011100000110000101110011011101000110010100100000011011110110111000100000011101000110100001100101
1100101011001000110011101100101001000000110111101100110001000000111010001101000011001010010000001100100011010010111001101101000001110110010000001100001011011100110010000100000011001010110100101110100011010000110010101110010001000000111000001110101011101000010000001110100011010000110010100100000011000100111001001101111011000010110010000100000011001010110111001100100001000000110010001101111011101110110111001110111011000010111001001100100011100110010110000100000011000010110111001100100001000000110110101100001011010110110010100100000011101000110100001100101
1110000011011110110100101101110011101000010000001110011011101000110000101101110011001000010000001110101011100000010110000100000011011110111001000100000011100100110010101101101011011110111011001100101001000000111010001101000011001010010000001101100011010010110010000100000011000010110110001110100011011110110011101100101011101000110100001100101011100100010111000100000010100000110111101110101011100100010000001100001001000000110011101101111011011110110010000100000011000110111010101110011011101000110000101110010011001000010000001101111011101100110010101110010
1101001011101000011101100100000011101110110100001100101011011100010000001100011011011110110110001100100001011000010000001110011011010010110011001110100001000000111001101110101011001110110000101110010001000000110111101110110011001010111001000100000011010010111010000101110
1001111011100100010000001101100011010010110111001100101001000000111010001101000011001010010000001100010011011110111010001110100011011110110110100100000011011110110011000100000011000010010000001110011011010000110000101101100011011000110111101110111001000000110010001101001011100110110100000100000011101110110100101110100011010000010000001110000011000010111001101110100011001010010110000100000011011000110000101111001001000000111010001101000011001010010000001100001011100000111000001101100011001010111001100100000011010010110111000100000011010010111010000101100
11100000111010101110100001000000111001101110101011001110110000101110010001000000110111101110110011001010111001000101100001000000110000101101110011001000010000001101100011000010111100100100000011011000110100101110100011101000110110001100101001000000111010001110111011010010111001101110100011100110010000001101111011001100010000001110000011000010111001101110100011001010010000001101111011101100110010101110010001000000110100101101110001000000110001001100001011100100111001100101110
10111110100001101101000011001010111001001110010011110010010000001010000011010010110010101011111
1010011011010000110111101110101011011000110010000100000011010000110000101110110011001010010000001100001001000000110110101101001011110000111010001110101011100100110010100100000011011110110011000100000011011110111010001101000011001010111001000100000011001100111001001110101011010010111010000111011001000000111001101110101011000110110100000100000011000010111001100100000011000110111010101110010011100100110000101101110011101000111001100100000011011110111001000100000011100100110000101110011011100000110001001100101011100100111001001101001011001010111001100101100
110111101110010001000000110001001101111011101000110100000101110
10111110101001001101000011101010110001001100001011100100110001000100000010101000110000101110010011101000010111001011111
100001101110101011101000010000001110100011010000110010100100000011100110111010001100001011011000110101101110011001000000110100101101110001000000110110001100101011011100110011101110100011010000111001100100000011011110110011000100000011001100110111101110101011100100010000001101111011100100010000001100110011010010111011001100101001000000110100101101110011000110110100001100101011100110010110000100000011000010110111001100100001000000111010001100001011010110110010100100000011011110110011001100110001000000111010001101000011001010010000001110100011010000110100101101110
111001101101011011010010110111000101110001000000100100101100110001000000111100101101111011101010010000001101000011000010111011001100101001000000110000100100000011010000110111101110100001000000110100001100101011000010111001001110100011010000010110000100000011011000110000101111001001000000111010001101000011001010110110100100000011010010110111000100000011000010010000001100100011010010111001101101000001011000010000001100001011011100110010000100000011100000111010101110100001000000110111101110110011001010111001000100000011000010010000001110100011010000110100101101110
1110011011110010111001001110101011100000010000001101111011001100010000001110011011101010110011101100001011100100010000001100001011011100110010000100000011101110110000101110100011001010111001000111010001000000110001101101111011101100110010101110010001000000111011101101001011101000110100000100000011000010110111001101