110111001110011011010010111011001100101001000000110000101110010011101000110100101100011011011000110010101110011001011000010000001100011011000010111001001100101001000000110100101101110
1110000011100100110010101110011011001010111001001110110011010010110111001100111001000000111010001101000011001010110110100100000011010010111001100100000011011100110010101100011011001010111001101110011011000010111001001111001001011100010000001001001011101000010000001100001011011100111001101110111011001010111001001110011001000000111010001101111001000000110101101100101011001010111000000100000011101000110100001100101011011010010000001110011011011110110110101100101001000000111010001101001011011010110010100100000011000100110010101100110011011110111001001100101
11101000110100001100101011110010010000001100001011100100110010100100000011101010111001101100101011001000010110000100000011001010110100101110100011010000110010101110010001000000110100001110101011011100110011100100000011101010111000000100000011010010110111000100000011000010010000001100100011100100111100100100000011000100110000101110010011011100010000001110111011010000110010101110010011001010010000001110100011010000110010101111001001000000111011101101001011011000110110000100000011010000110000101110110011001010010000001100001011010010111001000101100001000000110111101110010
110110001100001011010010110010000100000011001000110111101110111011011100010000001101001011011100010000001100001001000000111001101110000011000010111001001100101001000000111001001101111011011110110110100101110001000000101011101101000011001010110111000100000011101000110000101101011011001010110111000100000011101010111000000100000011001100110111101110010001000000111010001101000011001010010000001110111011010010110111001110100011001010111001000101100001000000111010001101000011001010111100100100000011100110110100001101111011101010110110001100100001000000110001001100101
1110010011011110110110001101100011001010110010000100000011100100110111101110101011011100110010000100000011000010010000001100011011000010111001001110000011001010111010000100000011100100110111101101100011011000110010101110010001011000010000001100001011011100110010000100000011011110110001001110011011001010111001001110110011001010010000001101110011011110111010000100000011101000110111100100000011000110111001001100001011000110110101100100000011101000110100001100101001000000111000001100001011010010110111001110100001000000110001001111001
1110100011101010111001001101110011010010110111001100111001000000111010001101000011001010010000001100101011001000110011101100101011100110010000001101001011011100010000001110100011011110110111100100000011000110110110001101111011100110110010100101110
1001111011011000110010000100000011000110110000101110010011100000110010101110100011100110010000001100001011011100111001101110111011001010111001000100000011001010111100001110100011100100110010101101101011001010110110001111001001000000111011101100101011011000110110000101100001000000111000001100001011010010110111001110100011001010110010000100000011000010110111001100100001000000111001101100101011000010111001101101111011011100110010101100100001000000111001101101111011011010110010100100000011011010110111101101110011101000110100001110011
110001001100101011001100110111101110010011001010010000001101100011000010110100101100100001000000110010001101111011101110110111000101110001000000100100101100110001000000110011001101111011100100010000001110000011000010111001101110011011000010110011101100101011100110010110000100000011101000110100001100101001000000111011101101001011001000111010001101000001000000110110101110101011100110111010000100000011000100110010100100000011001000110100101110010011001010110001101110100011001010110010000100000011101110110100001100101011011100010000001110100011010000110010101111001
11000010111001001100101001000000111001101100101011011100111010000100000011101000110111100100000011101000110100001100101001000000110110101100001011011100111010101100110011000010110001101110100011011110111001001111001001011000010000001100001011100110010000001110100011010000110010101111001001000000110001101110101011101000010000001100010011001010110011001101111011100100110010100100000011100000110000101101001011011100111010001101001011011100110011100101110
101111101010100011011110010000001100011011011000110010101100001011011100010000001000110011011000110111101101111011100100110001101101100011011110111010001101000011100110010111001011111
10100110111011101100101011001010111000000101100001000000111010001101000011001010110111000100000011101110110100101110000011001010010000001110100011010000110010101101101001000000111011101101001011101000110100000100000011000010010000001100110011011000110000101101110011011100110010101101100001110110010000001100001011011100110010000100000011101110110100001100101011011100010000001100001011011000110110000100000011001000111010101110011011101000010000001100001011011100110010000100000011100110111000001101111011101000111001100100000011000010111001001100101
11100100110010101101101011011110111011001100101011001000010110000100000011100100111010101100010001000000111011101101001011101000110100000100000011000010010000001110111011000010111100001100101011001000010000001100110011011000110000101101110011011100110010101101100001011000010000001100001011011100110010000100000011101000110100001100101011011100010000001110111011010010111010001101000001000000110000100100000011001000111001001111001001000000111000001101100011000010110100101101110001000000110111101101110011001010011101100100000011000100111010101110100
111010101110011011001010010000001101100011010010111010001110100011011000110010100100000011101110110000101111000001011000010000001100001011011100110010000100000011100100111010101100010001000000110111101101110011011000111100100100000011001010110111001101111011101010110011101101000001000000111011101101001011101000110100000100000011101000110100001100101001000000110110001100001011101000111010001100101011100100010000001110100011011110010000001100111011010010111011001100101001000000110000100100000011011000110100101110100011101000110110001100101
11100110110110101101111011011110111010001101000011011100110010101110011011100110010110000100000011011110111001000100000011010010111010000100000011011010110000101111001001000000110010101101110011001000110000101101110011001110110010101110010001000000110011001100001011011000110110001101001011011100110011100101110
10101110110000101110011011010000110100101101110011001110010000001101110011011110111011100100000011000010110111001100100001000000111010001101000011001010110111000100000011101110110100101110100011010000010000001101101011010010110110001101011001000000110000101100110011101000110010101110010001000000111010001101000011001010010000001100001011000100110111101110110011001010010000001110011011101110110010101100101011100000110100101101110011001110010110000100000011000010110111001100100001000000110010001110010011110010010000001110010011101010110001001100010011010010110111001100111
111010001101000011001010110110100101100001000000110011101101001011101100110010100100000011000010111001100100000011000100110010101100001011101010111010001101001011001100111010101101100001000000110000100100000011011000110111101101111011010110010110000100000011000010110111001100100001000000111010001101000011001010111100100100000011000010111001001100101001000000110110001100101011100110111001100100000011100110110110001101001011100000111000001100101011100100111100100101110
10111110101010001101111001000000111010001100001011010110110010100100000011101000110100001100101001000000110001001101100011000010110001101101011001000000110111101100110011001100010000001110100011010000110010100100000011000100111001001101001011001110110100001110100001000000110001001100001011100100111001100100000011011110110011000100000011100000110111101101100011010010111001101101000011001010110010000100000010100110111010001101111011101100110010101110011001000000110100101101110001000000110000100100000011001100110010101110111
11011010110100101101110011101010111010001100101011100110010111001011111
10100100111010101100010001000000111010001101000011001010110110100100000011101110110010101101100011011000010000001110111011010010111010001101000001000000111001101101111011011010110010100100000011011110110011000100000011101000110100001100101001000000110011001101111011011000110110001101111011101110110100101101110011001110010000001101101011010010111100001110100011101010111001001100101001000000110111101101110001000000110000100100000011000100110100101110100001000000110111101100110001000000110001001110010011011110110000101100100011000110110110001101111011101000110100000111011
11101110110100001100101011011100010000001110100011010000110010100100000011001000110100101110010011101000010000001101001011100110010000001110010011001010110110101101111011101100110010101100100001011000010000001110111011010010111000001100101001000000111010001101000011001010110110100100000011000110110110001100101011000010110111000101100001000000110000101101110011001000010000001110000011011110110110001101001011100110110100000100000011101110110100101110100011010000010000001100111011011000110000101110011011100110010110000100000011011100110111101110100
1110011011000010110111001100100011100000110000101110000011001010111001000101110
101111101010100011010000110010100100000011011010110100101111000011101000111010101110010011001010010111001011111
100001001101111011010010110110000100000011100110110110001101111011101110110110001111001001000000110111101101110011001010010000001110000011011110111010101101110011001000010000001101111011001100010000001110011011011110110011001110100001000000111001101101111011000010111000000100000011010010110111000100000011101000111011101101111001000000111000101110101011000010111001001110100011100110010000001101111011001100010000001110111011000010111010001100101011100100010000001110100011011110010000001101111011011100110010100101110001000000100111101100110
1110100011010000110100101110011001000000110101001100101011011000110110001111001001000000111010001100001011010110110010100100000011101000110100001110010011001010110010100100000011011110111001000100000011001100110111101110101011100100010000001110011011100000110111101101111011011100110011001110101011011000111001100101100001000000110000101101110011001000