10010101100001011011100010000001100001011100110010000001100001011000100110111101110110011001010010111000100000010001100110111101110010001000000111010001110111011011110010000001110100011011110110111001100111011101010110010101110011001011000010000001101111011011100110010100100000011011110111010101101110011000110110010100100000011011110110011000100000011100110110000101101100011101000111000001100101011101000111001001100101001011000010000001100001011011100110010000100000011011110110111001100101001000000110111101110101011011100110001101100101
11011110110011000100000011100110110000101101100001000000111000001110010011101010110111001100101011011000110110001100001001011100010000001010010011101010110001000100000011101000110100001100101011011010010000001110111011001010110110001101100001011100010000001001001011011100010000001110100011101110110111100100000011001000110000101111001011100110010110000100000011010000110000101110110011010010110111001100111001000000111011101100101011011000110110000100000011100100111010101100010011000100110010101100100001000000111010001101000011001010110110100101100
110001101101111011101100110010101110010001000000111010001101000011001010110110100100000011101110110100101110100011010000010000001100011011011110110110101101101011011110110111000100000011100110110000101101100011101000010111000100000010101000111010101110010011011100010000001110100011010000110010101101101001000000110010001100001011010010110110001111001001000000110011001101111011100100010000001110100011010000111001001100101011001010010000001110111011001010110010101101011011100110011101100100000011101000110100001100101011011100010000001100100011100100111100100101100
11100100111010101100010001000000110100101101110001000000110001001110010011000010110111000101100001000000110000101101110011001000010000001110000011000010111000001100101011100100010000001101111011100100010000001110011011011010110111101101011011001010010000001110100011010000110010101101101001011100010000001001001011011100010000001110100011001010110111000100000011001000110000101111001011100110010000001110100011010000110010101111001001000000111011101101001011011000110110000100000011000100110010100100000011001100110100101110100001000000111010001101111
110010101100001011101000010000001101001011001100010000001101110011011110111010000100000011001000111001001101001011001010110010000101110
1011111010000100110010101100101011001100010000001001000011001010110000101110010011101000010111001011111
101011101100001011100110110100000100000011101110110100101110100011010000010000001100011011000010111001001100101001011100010000001010011011101000111010101100110011001100010000001100001011100110010000001111001011011110111010100100000011001000110111100100000011010000110000101110010011001010010110000100000011000010110111001100100001000000111001101100101011100100111011001100101001000000111011101101001011101000110100000100000011100100110100101100011011010000010000001100111011100100110000101110110011110010010110000100000011000010110111001100100
1100011011101010111001001110010011000010110111001110100011010100110010101101100011011000111100100100000011100110110000101110101011000110110010100101110
1001000011000010111001101101000001000000111011101101001011101000110100000100000011101000110100001100101001000000111001101100001011011010110010100101100001000000110000101101110011001000010000001110000011011110111001001110100001000000111011101101001011011100110010100101110
101111101010100011100100110100101110000011001010010111001011111
10101000111001001101001011100000110010100100000011011010110000101111001001000000110001001100101001000000111001101100101011100100111011001100101011001000010000001101001011011100010000001100001001000000111010001110101011100100110010101100101011011100010111000100000010100110111010001100101011101110110010101100100001000000111011101101001011101000110100000100000011011010110100101101100011010110010000001100001011011100110010000100000011011110110111001101001011011110110111000100000011101000110100101101100011011000010000001110100011001010110111001100100011001010111001000101110
10011010110010101101100011101000110010101100100001000000110001001110101011101000111010001100101011100100010000001100110011011110111001000100000011100110110000101110101011000110110010100101110
100111101110010001011000010000001100110011100100110100101100101011001000010000001101001011011100010000001110011011011010110000101101100011011000010000001100010011010010111010001110011001000000110010001101001011100000111000001100101011001000010000001101001011011100010000001100010011101010111010001110100011001010111001000111010001000000110111101110010001000000111001101110100011001010111011100100000011101000110100001100101001000000111010001101000011010010110111000100000011100000110000101110010011101000010110000100000011000110111010101110100001000000110100101101110
1100010011010010111010001110011001011000010000001101001011011100010000001100111011100100110000101110110011110010010110000100000011000010110111001100100001000000111010001101000011010010110001101101011011001010110111000100000011101110110100101110100011010000010000001100110011011000110111101110101011100100010000001100001011011100110010000100000011000100111010101110100011101000110010101110010001011000010000001100001011011100110010000100000011000010110010001100100001000000110000100100000011011000110100101110100011101000110110001100101
11000110110000101110100011100110111010101110000001110100010000001101111011100100010000001100110011100100110100101100011011000010111001101110011011001010110010101100100001000000111011101101001011101000110100000100000011101110110100001101001011101000110010100100000011100110110000101110101011000110110010100101110
101111101000010011101010110001001100010011011000110010100100000011000010110111001100100001000000101001101110001011101010110010101100001011010110010111001011111
100001001101111011010010110110000101100001000000110001101101000011011110111000000101100001000000110000101101110011001000010000001100110011100100111100100101100001000000111011101101001011101000110100000100000011000010010000001101100011010010111010001110100011011000110010100100000011000100111010101110100011101000110010101110010001011000010000001110000011001010111000001110000011001010111001000101100001000000110000101101110011001000010000001110011011000010110110001110100001011000010000001110011011011110110110101100101
110001101100001011000100110001001100001011001110110010100101100001000000110000101101110011001000010000001101100011000010111100100100000011011110110111000100000011010010111010000100000011100110110110001101001011000110110010101110011001000000110111101100110001000000111001001100001011100100110010101100100011011110110111001100101001000000110001001100101011001010110011000101100001000000110110001101001011001110110100001110100011011000111100100100000011001100111001001101001011001010110010000101110
1001001011011100010000001100010011011110111010001101000001000000111010001101000011001010010000001100110011011110110110001101100011011110111011101101001011011100110011100100000011100100110010101100011011001010110100101110000011101000111001100101100001000000111010001101000011001010010000001110010011011110110111101110100011100110010000001101101011101010111001101110100001000000110001001100101001000000111010001100001011010110110010101101110001000000110111101100110011001100010000001110100011010000110010100100000011101000110111101101110011001110111010101100101
110001001100101011001100110111101110010011001010010000001110011011000010110110001110100011001010110010000101110
1011111010100110111010001100101011101110110010101100100001000000101010001101111011011100110011101110101011001010010111001011111
1010011011000010110110001110100001000000110000100100000011101000110111101101110011001110111010101100101001000000111011101101001011101000110100000100000011100110110000101101100011101000111000001100101011101000111001001100101001000000110000101101110011001000010000001100011011011110110110101101101011011110110111000100000011100110110000101101100011101000010000001100110011011110111001000100000011000010010000001110111011001010110010101101011001011000010000001110100011101010111001001101110011010010110111001100111001000000110100101110100
11001000110000101101001011011000111100100101110001000000100001001101111011010010110110000100000011010010111010000100000011101000110010101101110011001000110010101110010001000000110010101101110011011110111010101100111011010000010000001110100011011110010000001110000011001010110010101101100001011100010000001010111011010000110010101101110001000000110010001101111011011100110010100101100001000000111001101110100011001010111011100100000011010010111010000100000011010010110111000100000011000010010000001101101011011110110010001100101011100100110000101110100011001010110110001111001
11100110111010001110010011011110110111001100111001000000110011101110010011000010111011001111001001011100010000001010011011001010110000101110011011011110110111000100000011101110110100101110100011010000010000001110011011011110111100100101100001000000110110101110101011100110110100001110010011011110110111101101101001000000110001101100001011101000111001101110101011100000010110000100000010000110110000101111001011001010110111001101110011001010010110000100000011100000110111101110101011011100110010001100101011001000010000001100011011011000110111101110110011001010111001100101100
1100001011011100110010000100000011100110110000101101100011101000010000001101001011001100010000001101110011001010110001101100101011100110111001101100001011100100111100100101110
1010011011001010111001001110110011001010010000001110111011010010111010001101000001000000111010001110010011101010110011001100110011011000110010101110011001011000010000001101101011011110111001001100101011011000111001100101100001000000110000101101110011001000010000001101101011101010111001101101000011100100110111101101111011011010111001100101110
1011111010000010110111000100000011001010111100001100011011001010110110001101100011001010110111001110100001000000110110101101111011001000110010100100000011011110110011000100000011001000110111101101001011011100110011100100000010101000110111101101110011001110111010101100101011100110010000001110100011011110010000001100101011000010111010000100000011000110110111101101100011001000010111001