1000010000001101010011101010110100101100011011001010010000001101111011001100010000001100001001000000110110001100101011011010110111101101110001011100010000001010111011010000110010101101110001000000110001101101111011011010110100101101110011001110010000001110100011011110010000001100001
11010100110010101101100011011000111100100101100001000000110110001100101011101000010000001101001011101000010000001100111011100100110111101110111001000000110001101101111011011000110010000101100001000000110000101101110011001000010000001110000011101010111010000100000011010010111010000100000011011110110111000100000011000010110111001100100001000000110000101101101011011110110111001100111001000000111010001101000011001010010000001100001011100000111000001101100011001010111001100101100001000000110000101101110011001000010000001100011011101010111010000100000011101000110100001100101
11100000110010101100101011011000010000001101111011001100010000001110100011010000110010100100000011011000110010101101101011011110110111000100000011010010110111000100000011011100110000101110010011100100110111101110111001000000111001101110100011100100110100101110000011100110010110000100000011000010110111001100100001000000111000001110101011101000010000001100001011000110111001001101111011100110111001100100000011101000110100001100101001000000110010101111001011001010010000001101111011001100010000001110100011010000110010100100000011000010111000001110000011011000110010100101110
10011110110001001110011011001010111001001110110011001010010000001110100011010000110000101110100001000000111010001101000011001010010000001100011011011110110110001101111011101010111001000100000011000100110010100100000011001100110100101101110011001010010000001100110011100100110111101101101001000000111010001101000011001010010000001100110011010010111001001110011011101000010110000100000011011110111001000100000011101000110100001100101001000000110011001110010011101010110100101110100001000000111011101101001011011000110110000100000011011100110111101110100
11000010110011001110100011001010111001001110111011000010111001001100100001000000110011101100001011010010110111000100000011010010111010000101110
10111110100000101110000011100000110110001100101001000000110101001100101011011000110110001111001001011000010000001110100011011110010000001110011011001010111001001110110011001010010000001110100011011110010000001110100011000010110001001101100011001010010111001011111
1010000011100100110010101110000011000010111001001100101001000000111010001110111011001010110111001110100011110010010000001100111011011110110110001100100011001010110111000100000011100000110100101110000011100000110100101101110011100110011101000100000011000100110111101101001011011000010000001110100011010000110010101101101001000000110100101101110001000000110000100100000011100000110100101101110011101000010000001100001011011100110010000100000011000010010000001101000011000010110110001100110001000000110111101100110001000000111011101100001011101000110010101110010
110011001110010011011110110110100100000011101000110100001100101001000000111001101110000011100100110100101101110011001110010110000100000011101000110100101101100011011000010000001110001011101010110100101110100011001010010000001110100011001010110111001100100011001010111001000111011001000000111010001101000011001010110111000100000011100110111010001110010011000010110100101101110001000000111010001101000011001010010000001101100011010010111000101110101011011110111001000100000011101000110100001110010011011110111010101100111011010000010000001100001
110001101101111011011000110000101101110011001000110010101110010001011100010000001010100011011110010000001100101011101100110010101110010011110010010000001110000011010010110111001110100001000000111000001110101011101000010000001100001001000000111000001101111011101010110111001100100001000000110111101100110001000000110011001101001011011100110010100100000011100110111010101100111011000010111001000111011001000000110000101100100011001000010000001100111011100100110000101110100011001010110010000100000011011110111001001100001011011100110011101100101001000000110111101110010
1101100011001010110110101101111011011100010110000100000011101000110100001100101011011100010000001100010011011110110100101101100001000000111010001101111001000000110000100100000011010100110010101101100011011000111100100101110
1011111010000010110111001101111011101000110100001100101011100100010111001011111
1010000011100100110010101110000011000010111001001100101001000000110000101110000011100000110110001100101011100110010000001100001011100110010000001100010011001010110011001101111011100100110010100101100001000000110001001111001001000000110001001101111011010010110110001101001011011100110011100100000011000010110111001100100001000000111001101110100011100100110000101101001011011100110100101101110011001110011101000100000011010000110000101110110011001010010000001110010011001010110000101100100011110010010000001101000011000010110110001100110001000000110000101101110
110111101110101011011100110001101100101001000000110111101100110001000000110100101110011011010010110111001100111011011000110000101110011011100110010110000100000011000100110111101101001011011000110010101100100001000000110100101101110001000000110100001100001011011000110011000100000011000010010000001110000011010010110111001110100001000000110111101100110001000000111011101100001011101000110010101110010001000000111010001101111001000000110000100100000011010100110010101101100011011000111100100111010001000000111000001110101011101000010000001110100011010000110100101110011
11101000110111100100000011101000110100001100101001000000110000101110000011100000110110001100101001000000111011101100001011101000110010101110010001011000010000001100001011011100110010000100000011000010111000001110000011011000110010100100000011000010111001100100000011100110111010001110010011000010110100101101110011001010110010000100000011101000110100001110010011011110111010101100111011010000010000001100001001000000110001101101111011000010111001001110011011001010010000001110011011010010110010101110110011001010011101000100000011000010110010001100100
111001101110101011001110110000101110010001011000010000001100001001000000110110001101001011101000111010001101100011001010010000001101100011001010110110101101111011011100110101001110101011010010110001101100101001011000010000001100001011011100110010000100000011100000110010101100101011011000010111000100000010000100110111101101001011011000010000001100001011011000110110000100000011101000110111101100111011001010111010001101000011001010111001000101100001000000110000101101110011001000010000001110000011101010111010000100000011010010110111001110100011011110010000001100001
11001000110100101110011011010000010111000100000010101000110000101101011011001010010000001101111011101010111010000100000011101000110100001100101001000000111000001100101011001010110110000101110
10111110101010001101111001000000111000001110010011001010111000001100001011100100110010100100000010000010111000001110000011011000110010101110011001000000110011001101111011100100010000001010000011101010110011001100110011100110010111001011111
10100000110000101110010011001010010000001100001011011100110010000100000011000110110111101110010011001010010000001100001011100000111000001101100011001010111001100111011001000000110001101101111011101100110010101110010001000000111010001101000011001010110110100100000011101110110100101110100011010000010000001110111011000010111010001100101011100100010110000100000011000100111010101110100001000000111000001110101011101000010000001110100011010000110010101101101001000000110000101110011001000000110001101101100011011110111001101100101001000000110000101110011
1110000011011110111001101110011011010010110001001101100011001010010110000100000011101000110100001100001011101000010000001110100011010000110010101111001001000000110110101100001011110010010000001110100011000010110101101100101001000000110001001110101011101000010000001101100011010010111010001110100011011000110010100111010001000000110000101100100011001000010000001100001001000000110110001101001011101000111010001101100011001010010000001110000011011110111010101101110011001000110010101100100001000000110001101101001011011100110111001100001011011010110111101101110
110000101101110011001000010000001100001001000000110001101101100011011110111011001100101001110110010000001110100011011110010000001100101011101100110010101110010011110010010000001100100011011110111101001100101011011100010000001100001011100000111000001101100011001010111001100100000011101000111011101101111001000000111001101110000011011110110111101101110011001100111010101101100011100110010000001101111011001100010000001110010011011110111001101100101011101110110000101110100011001010111001000101100001000000110000101101110011001000010000001100001
110110001101001011101000111010001101100011001010010000001101100011001010110110101101111011011100111000001100101011001010110110000100000011001100110100101101110011001010110110001111001001000000111001101101000011100100110010101100100001011100010000001010011011101110110010101100101011101000110010101101110001000000110000101101110011001000010000001100011011011110110111101101100001000000110001001100101011001100110111101110010011001010010000001111001011011110111010100100000011011010110000101101011011001010010000001101001011101000010000001101001011011100111010001101111
11100000111010101100110011001100111001100101110
10111110101000001101001011100000111000001101001011011100010000001010100011000010111001001110100011100110010111001011111
101000001100001011100100110010100100000011101000110100001101001011011100010000001110100011101110110111100100000010100110110010101110110011010010110110001101100011001010010000001101111011100100010000001000011011010000110100101101110011000010010000001101111011100100110000101101110011001110110010101110011001110110010000001100010011011110110100101101100001000000111010001101000011001010010000001110000011001010110010101101100001000000111010001100101011011100110010001100101011100100010110000100000011000010110111001100100001000000111001101101000011100100110010101100100
110100101110100001000000110011001101001011011100110010100101110001000000101000001100001011100100110010100100000011000010110111001100100001000000110001101101111011100100110010100100000011101000111011101100101011011100111010001111