100011010000110111101110101011101000010000001010011011101010110011101100001011100100010111001011111
1010011011101000110111101101110011001010010000001100001011011100110010000100000011100110110010101110100001000000111010001101000011001010110110100100000011011110111011001100101011100100010000001110100011010000110010100100000011001100110100101110010011001010010000001101001011011100010000001110100011010000110010100100000011100000111001001100101011100110110010101110010011101100110100101101110011001110111000001100001011011100011101000100000011011000110010101110100001000000111010001101000011001010110110100100000011100110110100101101101011011010110010101110010
110100101101110001000000111010001101000011001010110100101110010001000000110111101110111011011100010000001101100011010010111000101110101011011110111001000101100001000000110000101101110011001000010000001110011011010000110000101101011011001010010000001110100011010000110010101101101001000000110100101101110001000000111010001101000011001010010000001110000011000010110111000101110001000000101000001110101011101000010000001110100011010000110010101101101001000000110001001111001001000000110100101101110001000000100001101101000011010010110111001100001
1100011011011110110110101101101011011110110111000100000011001000110100101110011011010000110010101110011001011100010000001001110011001010111100001110100001000000110010001100001011110010010000001100111011010010111011001100101001000000111010001101000011001010110110100100000011000010110111001101111011101000110100001100101011100100010000001110011011000110110000101101100011001000010110000100000011000010110111001100100001000000111000001110101011101000010000001110100011010000110010101101101001011000010000001110111011010000110010101101110
1100011011011110110110001100100001011000010000001101111011011100010000001110011011010010110010101110110011001010111001100100000011101000110111100100000011001000111001001111001001011000010000001101001011011100010000001100001011011100010000001101111011101100110010101101110001000000110111101100110001000000110000101110100001000000111010001100101011011010111000001100101011100100110010101100100001000000110100001100101011000010111010000100000011000010111001100100000011000010110001001101111011101100110010100101110001000000101010001110111011010010110001101100101
110100001100101011000010111010001101001011011100110011100101100001000000110000101101110001000000110100001101111011101010111001000100000011001010110000101100011011010000010000001110100011010010110110101100101001011000010000001110111011010010110110001101100001000000110010001101111001000000111010001101000011001010110110100101110
10100000111010101110100001000000111010001101000011001010110110100100000011010010110111000100000011000010010000001100010011011110111100000101100001000000111011101101001011101000110100000100000011000010010000001110000011000010111000001100101011100100010000001100010011001010111010001110111011001010110010101101110001000000110010101100001011000110110100000100000011011000110000101111001011001010111001000101110
1011111010001010111100001100011011001010110110001101100011001010110111001110100001000000101001101110111011001010110010101110100011011010110010101100001011101000111001100100000011001100110111101110010001000000101010001100001011100100111010001110011001011000010000001110111011010000110010101101110001000000100011001110010011101010110100101110100001000000110100101110011001000000111000001101100011001010110111001110100011010010110011001110101011011000010111001011111
10001000110100101110110011010010110010001100101001000000111010001110111011011110010000001110000011011110111010101101110011001000111001100100000011011110110011000100000011000010111000001110010011010010110001101101111011101000111001100100000011101110110100001100101011011100010000001101010011101010111001101110100001000000111001001101001011100000110010100101100001000000110000101101110011001000010000001110100011000010110101101100101001000000110111101110101011101000010000001100001011011100110010000100000011000100111001001100101011000010110101100100000011101000110100001100101
1110011011101000110111101101110011001010111001100101110001000000101000001110101011101000010000001110100011010000110010100100000011010110110010101110010011011100110010101101100011100110010000001110111011010010111010001101000011011110111010101110100001000000111010001101000011001010110100101110010001000000111001101101011011010010110111001110011001000000111010001101111001000000111010001101000011001010010000001100110011100100111010101101001011101000011101000100000011000010110010001100100001000000111010001101111001000000110100101110100
1110100011010000111001001100101011001010010000001110000011011110111010101101110011001000111001100100000011011110110011000100000011001110111001001100101011001010110111000100000011001110110000101100111011001010010000001110000011011000111010101101101011100110010110000100000011000010110111001100100001000000111010001110111011011110010000001110000011011110111010101101110011001000111001100100000011000010110111001100100001000000110000100100000011010000110000101101100011001100010000001101111011001100010000001101100011101010110110101110000
11100110111010101100111011000010111001000101110001000000101001101101001011011010110110101100101011100100010000001110101011011100111010001101001011011000010000001110100011010000110010100100000011001100111001001110101011010010111010000100000011000100110010100100000011000010010000001100011011011000110010101100001011100100010000001101010011000010110110100101110001000000101010001101000011001010010000001110011011101010110011101100001011100100010000001110011011010000110111101110101011011000110010000100000011000100110010100100000011000100111001001101111011010110110010101101110
11010010110111000100000011011000110000101110010011001110110010100100000011100000110100101100101011000110110010101110011001011000010000001100001011011100110010000100000011010100111010101110011011101000010000001100100011010010111000001110000011001010110010000100000011010010110111000100000011101110110000101110100011001010111001000101100001000000110000101101110011001000010000001100001011001000110010001100101011001000010000001110100011011110010000001110100011010000110010100100000011001100111001001110101011010010111010000100000011011110111011001100101011100100010000001100001
11100110110110001101111011101110010000001100110011010010111001001100101001011100010000001001111011000100111001101100101011100100111011001100101001000000111010001101000011000010111010000100000011010010111010000100000011001000110111101100101011100110010000001101110011011110111010000100000011000100110111101101001011011000010110000100000011000010110111001100100001000000111001101101011011010010110110100100000011010010111010000100000011101110110010101101100011011000010111000100000010010010110011000100000011101000110100001100101001000000111001101110101011001110110000101110010
110001001100101001000000110001101101100011000010111001001101001011001100110100101100101011001000010000001101001011101000010000001110111011010010110110001101100001000000110110101100001011010110110010100100000011101000110100001100101001000000110101001100001011011010010000001100010011001010111010001110100011001010111001000101110
101000001110101011101000010000001101001011101000010000001101001011011100111010001101111001000000111001101101101011000010110110001101100001000000111000001101111011101000111001100111011001000000110100101101110001000000111011101101000011010010110001101101000001011000010000001100001011011000110110000100000011100110111011101100101011001010111010001101101011001010110000101110100011100110010000001101011011001010110010101110000001000000110001001100101011100110111010000101110
101111101000011011101010111001001110010011000010110111001110100011010100110010101101100011011000111100100101100001000000111001001100101011001000010000001101111011100100010000001100010011011000110000101100011011010110010111001011111
101001101110100011100100110100101110000001000000111010001101000011001010010000001100110011100100111010101101001011101000010110000100000011000010110111001100100001000000110100101101110001000000110000100100000011100110111010001101111011011100110010101101010011000010111001000100000011100110111010001100101011101110010000001110100011010000110010101101101001000000110100101101110001000000110000100100000011100110110000101110101011000110110010101110000011000010110111000100000011011110110011000100000011101110110000101110100011001010111001000101100001000000110111101110010
110001001111001001000000110001001101111011010010110110001101001011011100110011100100000011010010111010000100000011011110110111000100000011101000110100001100101001000000110100001101111011101000010000001101000011001010110000101110010011101000110100000111011001000000111001101110100011100100110000101101001011011100010000001101111011001100110011000100000011101000110100001100101001000000110110001101001011100010111010101101111011100100010110000100000011000010110111001100100001000000111010001101111001000000110010101110110011001010111001001111001
11100000110100101101110011101000010000001110111011001010110100101100111011010000010000001100001001000000111000001101111011101010110111001100100001000000110111101100110001000000110110001101111011000010110011000100000011100110111010101100111011000010111001000101110001000000101000001110101011101000010000001110100011010000110010100100000011011000110000101110100011101000110010101110010001000000110100101101110001000000110110001100001011100100110011101100101001000000110110001110101011011010111000001110011001000000110100101101110011101000110111100100000011010010111010000101100
1101001011011100010000001100001001000000111001101110100011011110110111001100101001000000110111101110010001000000100001101101000011010010110111001100001001000000111011001100101011100110111001101100101011011000010110000100000011101000110100101101100011011000010000001101110011001010110000101110010011011000111100100100000011001000110100101110011011100110110111101101100011101100110010101100100001110110010000001110100011010000110010101101110001000000111000001110101011101000010000001101001011101000010000001101001011011100010000001100001
111000001110010011001010111001101100101011100100111011001101001011011100110011101110000011000010110111000101