11001101100001011011000111010000101100001000000110000101101110011001000010000001110111011010000110010101101110001000000110001101101111011011000110010000100000011100000111010101110100001000000110111101110110011001010111001000100000011101000110100001100101011011010010111000100000010101110110100001100101011011100010000001110100011011110010000001100010011001010010000001100100011100100110010101110011011100110110010101100100001011000010000001100100011100100111100100100000011101000110100001100101011011010010110000100000011001000110100101110110011010010110010001100101
111010001101000011001010010000001100110011001010110010101110100001000000110100101101110001000000111010001110111011011110010110000100000011000010110111001100100001000000111001101101100011010010110001101100101001000000111010001101000011001010010000001100101011000010111001001110011001110110010000001100110011100100111100100100000011000010110111001100100001000000111001101100101011100100111011001100101001000000111010001101000011001010110110100100000011101110110100101110100011010000010000001100010011101010111010001110100011001010111001000101100
110110101110101011100110111010001100001011100100110010000101100001000000110000101101110011001000010000001110110011010010110111001100101011001110110000101110010001011100010000001010100011010000110010101111001001000000110110101100001011110010010000001100010011001010010000001100100011011110110111001100101001000000110100101101110001000000110001001110101011101000111010001100101011100100010000001101111011100100010000001101111011011100110110001111001001000000110011001101100011011110111010101110010011001010110010000101110
10111110100011001100101011001010111010000100000011000010110111001100100001000000100010101100001011100100111001100100000010001100111001001101001011000110110000101110011011100110110010101100101011001000010111001011111
101000001110101011101000010000001101110011011110010000001110110011010010110111001100101011001110110000101110010001000000110100101101110001000000111010001101000011001010010000001110000011010010110001101101011011011000110010100101100001000000110100101100110001000000111010001101111001000000110001001100101001000000110010001110010011001010111001101110011011001010110010000100000011101110110100101110100011010000010000001100011011100100110010101100001011011010010111000100000010000110111010101110100001000000111010001101000011001010010000001100110011001010110010101110100
110000101101110011001000010000001100101011000010111001001110011001000000110100101101110011101000110111100100000011011100110010101100001011101000010000001100010011010010111010001110011001011000010000001100001011011100110010000100000011000100110111101101001011011000010000001110100011010000110010101101101001000000110100101101110001000000110000100100000011011000110100101110100011101000110110001100101001000000110110101101001011011000110101100111011001000000111010001101000011001010110111000100000011100000110111101110101011100100010000001110100011010000110000101110100
110011001110010011011110110110100100000011101000110100001100101011011010010110000100000011000010110111001100100001000000111001101101001011011010110110101100101011100100010000001101001011011100010000001100001001000000110110001101001011101000111010001101100011001010010000001110110011001010110000101101100001000000110001001110010011011110111010001101000001011000010000001110111011010010111010001101000001000000110000100100000011000100110100101110100001000000110111101100110001000000110111101101110011010010110111101101110001011000010000001101101011000010110001101100101
110000101101110011001000010000001101100011001010110110101101111011011100111000001100101011001010110110000101110001000000100001001100101011001100110111101110010011001010010000001111001011011110111010100100000011100110110010101110010011101100110010100101100001000000110000101100100011001000010000001100001001000000110110001101001011101000111010001101100011001010010000001100011011100100110010101100001011011010010110000100000011001100110110001101111011101010111001000101100001000000110001001110101011101000111010001100101011100100010110000100000011000010110111001100100
111001101100001011011000111010000101110
1011111010010100110010101101100011011000111100100100000011011110110011000100000010001100110010101100101011101000010000001100001011011100110010000100000010001010110000101110010011100110010111001011111
10000110110110001100101011000010110111000100000011000010110111001100100001000000111000001110010011001010111000001100001011100100110010100100000011000010111001100100000011010010110111000100000011101000110100001100101001000000110011001101111011100100110010101100111011011110110100101101110011001110010000001110010011001010110001101100101011010010111000001110100001110110010000001110100011010000110010101101110001000000110001001101111011010010110110000100000011010010110111000100000011000010010000001110110011001010111001001111001001000000111001101101101011000010110110001101100
111000101110101011000010110111001110100011010010111010001111001001000000110111101100110001000000111011101100001011101000110010101110010001000000111010101101110011101000110100101101100001000000110010101110110011001010111001001111001001000000110001001101111011011100110010100100000011000110110000101101110001000000110001001100101001000000111010001100001011010110110010101101110001000000110111101110101011101000011101100100000011101000110100001110010011011110111011100100000011010010110111000100000011010000110000101101100011001100010000001100001
110100001100001011011100110010001100110011101010110110000100000011011110110011000100000011000110110100001101111011100000111000001100101011001000010000001110011011000010110011101100101001011000010000001110100011010000110010100100000011100110110000101101101011001010010000001101111011001100010000001110000011000010111001001110011011011000110010101111001001011000010000001100001001000000111001101100101011000010111001101101111011011100110100101101110011001110010000001101111011001100010000001110000011001010111000001110000011001010111001000101100
111001101100001011011000111010000101100001000000110000101101110011001000010000001101101011000010110001101100101001011000010000001101001011011100010000001100110011010010110111001100101001000000111000001101111011101110110010001100101011100100011101100100000011100110110100101101101011011010110010101110010001000000111010001101001011011000110110000100000011101000110100001100101001000000110100001100101011100100110001001110011001000000110000101110010011001010010000001110011011000110110000101101100011001000110010101100100001011000010000001110100011010000110010101101110
11100000110111101110101011100100010000001110100011010000110010100100000011101110110100001101111011011000110010100100000011010010110111001110100011011110010000001100001001000000110110101100101011011000110111101101110001000000110011001101111011100100110110100101110
101111101010000011011110111001001101011001000000101001101110100011001010110000101101011011100110010111001011111
10000110111010101110100001000000111010001101000011001010110110100100000011001100111001001101111011011010010000001100001001000000110110001101111011010010110111000100000011011110111001000100000011011100110010101100011011010110010110000100000011011110110011000100000011011010110100101100100011001000110110001101001011011100110011100100000011101000110100001101001011000110110101101101110011001010111001101110011001110100010000001110000011001010111000001110000011001010111001000100000011000010110111001100100001000000110001001110010011011110110100101101100
11101000110100001100101011011010010110000100000011101000111010101110010011011100110100101101110011001110010000001101111011001100111010001100101011011100010111000100000010101110110100001100101011011100010000001101110011001010110000101110010011011000111100100100000011001000110111101101110011001010010110000100000011100000111010101110100001000000111010001101000011001010010000001110011011000010110110001110100001000000110111001100101011000110110010101110011011100110110000101110010011110010010110000100000011100100111010101100010001000000110000100100000011000100110100101110100
110111101100110001000000110001001110101011101000111010001100101011100100010000001101111011101100110010101110010001011000010000001100001011011100110010000100000011100110110010101110010011101100110010100100000011101000110100001100101001000000110110101101111011011010110010101101110011101000010000001110100011010000110010101111001001000000110000101110010011001010010000001110100011000010110101101100101011011100010000001101111011001100110011000100000011101000110100001100101001000000110011001101001011100100110010100111011001000000110000100100000011001100110010101110111
1100001011101000010000001100001001000000111010001101001011011010110010100101110
101111101010100011011110010000001100011011101010111001001100101001000000100100001100001011011010111001100101110001000000100011001101001011100100111001101110100001000000111011101100001011110010010111001011111
10010000110000101101110011001110010000001110100011010000110010101101101001000000110000100100000011001000110000101111001001000000110111101110010001000000111010001110111011011110011101100100000011101000110100001100101011011100010000001110011011100000111001001101001011011100110101101101100011001010010000001110111011010010111010001101000001000000110000100100000011011000110100101110100011101000110110001100101001000000111001101100001011011000111010000101100001000000110000101101110011001000010000001100100011100100110000101101001011011100010000001110100011010000110010101101101
11000010110111001101111011101000110100001100101011100100010000001100100011000010111100100101110001000000101000001101111011101010110111001100100001000000110000101101110001000000110111101110101011011100110001101100101001000000110000101101110011001000010000001100001001000000110100001100001011011000110011000100000011011110110011000100000011100110110000101101100011101000111000001100101011101000111001001100101001011000010000001100100011010010111010001110100011011110010000001110000011001010111010001110010011001010111001101100001011011000111010000101100
11010000110000101101100011001100010000001100001011011100010000001101111011101010110111001100011011001010010000001101111011001100010000001110011011000010110110000