0111001100111001000000111011101101001011101000110100000100000011011010110010101100001011101000010110000100000001100010011010100110000
11100000111010101100100011001000110100101101110011001110010110000100000011000010110111000100000011001010111100001100011011001010110110001101100011001010110111001110100001000000111000001101100011000010110100101101110001000000110111101101110011001010010110000100000001100010011010100110011
1110010011011110110110001101100011100110010110000100000001100100011001000111000
10111110101000001101111011101000111010001101001011011100110011101011111001000000110001001101001011100100110010001110011001011000010000001100001001000000111011001100101011100100111100100100000011001010110001101101111011011100110111101101101011010010110001101100001011011000010000001110111011000010111100100100000011011110110011000101100001000000011011100111000
11101000110111100100000011000110110110001100001011100100110100101100110011110010010000001100010011101010111010001110100011001010111001000100000011001100110111101110010001000000111000001101111011101000111010001100101011001000010000001110100011010000110100101101110011001110111001100101100001000000011011100111000
101000001001111010101010100110001010100010100100101100100101100001000000011011100110110001000000111010001101111001000000011100000111000
101111101010000011011110111010101101110011001000010000001100011011000010110101101100101010111110010110000100000011001110110111101101111011001000010110000100000001100100011000100110111
10111110101000001110010011000010111011101101110011100110101111100101100001000000110001101110101011100100111001001111001001000000110111101100110001011000010000000110111
11100110110111101110101011100000010110000100000001100010011000000110001
101111101010000011100100111010101101110011001010101111100100000011101000110000101110010011101000010110000100000001100010011011100111000
101000001010101010001000100010001001001010011100100011101010011001011000010000000110001001101000011001000100000011101000110111100100000001100010011010100111001
110111101100010011100110110010101110010011101100110000101110100011010010110111101101110011100110010000001101111011011100010000001101101011000010110101101101001011011100110011100100000011101000110100001100101011011010010110000100000001100010011010100111001
11000010010000001110001011101010110100101100011011010110010000001101101011000010110010001100101001000000110111101101110011001010010110000100000001100010011010100111000
1101001011011100010000001101000011000010111001101110100011001010010110000100000001100010011010000110110
1100001001000000110001101101000011001010110000101110000001000000110000101101110011001000010000001101110011011110111010000100000011101000111001001101111011101010110001001101100011001010111001101101111011011010110010100100000011011110110111001100101001011000010000001110100011011110010000001100111011010010111011001100101001000000110000101110111011000010111100100100000011101000110111100100000011100000110111101101111011100100010000001110011011010010110001101101011001000000110111101110010001000000111100101101111011101010110111001100111
1100110011000010110110101101001011011000110100101100101011100110010110000100000001100100011011000110100
10110000100000010011110111010001101000011001010111001001110011001000000110000101110010011001010010000001110101011011100110010001100101011100100010000001110100011010000110010100100000011011100110000101101101011001010111001100100000011011110110011000100000011101000110100001100101001000000111000001110010011010010110111001100011011010010111000001100001011011000010000001100001011100100111010001101001011000110110110001100101011100110010000001110100011010000110010101111001001000000110000101110010011001010010000001101101011000010110010001100101
11011110110011000101100001000000110111101110010001000000111010001101000011001010110100101110010001000000110011001101001011100100111001101110100001000000110111001100001011011010110010101110011001110110010000001100001011100110010000001011111010000100111001001100101011000010110010001011111001000000111000001110101011001000110010001101001011011100110011100101100001000000101111101001100011010010110011101101000011101000101111100100000011100000111010101100100011001000110100101101110011001110010110000100000001001100110001100101110
101111101010000011101010110011001100110010111110010000001110000011000010111001101110100011001010010110000100000011100100110100101100011011010000010110000100000001100010011001100111000
110110001100101011100110111001100100000011100100110100101100011011010000010110000100000001100010011001100111000
10001110110010101110010011011010110000101101110001011000010000001100001011011100110111101110100011010000110010101110010001000000111011101100001011110010010110000100000001100010011001100111000
101100001000000111010001101111001000000111000001110010011001010111000001100001011100100110010100100000011000010111000001110000011011000110010101110011001000000110011001101111011100100010110000100000001100010011011100110110
101100001000000110111101100110001000000110000101101110011110010010000001110011011011110111001001110100011100110010000001101111011001100010000001100110011100100111010101101001011101000010110000100000001100010011100000110000
1011000010000001100101011110000110001101100101011011000110110001100101011011100111010000100000011011000110100101100111011010000111010000100000011011110110111001100101011100110010110000100000001100010011010100110111
10110000100000011000110111010101110010011001000010110000100000001100010011010100110110
10111110101000001110101011011100110001101101000010111110010110000100000011011010110100101101100011010110010110000100000001100100011010000110110
10011100110111101110010011001100110111101101100011010110010110000100000001100100011010000110111
101000100101110
10111110101000101110101011001010110010101101110010111110010000001100011011000010110101101100101011100110010110000100000001100100011000100111000
1011000010000001100001011011100110111101110100011010000110010101110010001000000111011101100001011110010010110000100000001100100011000100111000
10111110101000101110101011010010110001101101011011011010110000101100100011001010101111100100000011100000111010101100100011001000110100101101110011001110010110000100000001100010011010100111000
101001000101110
1011111010100100110000101100010011000100110100101110100011100110101111100101100001000000011001000110010
1011000010000001110110011000010111001001101001011011110111010101110011001000000111011101100001011110010111001100101100001000000011100100110010
10110000100000011101000110111100100000011011010110000101101011011001010010000001110100011010000110010101101101001000000111010001100001011100110111010001100101001000000110110101110101011000110110100000100000011011000110100101101011011001010010000001100001001000000110100001100001011100100110010100101100001000000011100100110010
1110000011011110111010001110100011001010110010000101100001000000011100100110011
1010000111001001101111011000010111001101110100001010010010000001100001001000000111011001100101011100100111100100100000011001110110111101101111011001000010000001110011011000010111010101100011011001010010000001100110011011110111001000100000011101000110100001100101011011010010110000100000001100010011000000111001
101111101010010011000010110100101110011011001010110010001011111001000000110001101110010011101010111001101110100001000000110011001101111011100100010000001100011011101010111001101110100011000010111001001100100011100110010000001101111011100100010000001100110011100100111010101101001011101000010110000100000001100010011010000110000
1011000010000001100110011011110111001000100000011011010110010101100001011101000111000001101001011001010111001100100000011011110111001000100000011001100110111101110111011011000111001100101100001000000010011001100011001011100010110000100000001100010011010000110000
1110000011010010110010101110011001011000010000001110100011011110010000001110000011100100110010101110000011000010111001001100101001000000110110101100101011000010111010000100000011011110111001000100000011001100110111101110111011011000111001100100000011001100110111101110010001000000111010001101000011001010110110100101100001000000011100100110000
101111101010010011000010110100101110011011010010110111001110111011010010110111001100101010111110010110000100000011101110110100101110100011010000010000001100011011010010110010001100101011100100010110000100000001100100011010000110101
10110000100000011101110110100101110100011010000110111101110101011101000010000001100011011010010110010001100101011100100010110000100000001100100011010000110101
10111110101001001100001011011010110000101101011011010010110111001110011010111110010110000100000001100010011001100110111
101111101010010011000010111001101110000011000100110010101110010011100100111100101011111001000000110001001110010011000010110111001100100011110010010110000100000001100100011010000110110
1100011011000010110101101100101011100110010110000100000001100010011100100110100
1100011011100100110010101100001011011010010110000100000001100010011011100110010
110101001100001011011010010110000100000001100010011100100110011
1011000010000001100001011011100110111101110100011010000110010101110010001000000111011101100001011110010010110000100000001100010011100100110100
11010100110010101101100011011000111100100101100001000000110011001101111011100100010000001101001011000110110010101110011001000000110111101110010001000000110001101110010011001010110000101101101011100110010110000100000001100010011100100110100
11101100110100101101110011001010110011101100001011100100010110000100000001100100011010000110000
111011001101001011011100110010101100111011000010111001001110111011000010111010001100101011100100010110000100000001100100011010100110100
111011101100001011101000110010101110010001000000110100101100011011001010010110000100000001100100011000100110000
11101110110100101101110011001010010110000100000001100100011010000110001
1011000010000001100001011011100110111101110100011010000110010101110010001000000111011101100001011110010010110000100000001100100011010000110001
11000010110111001100100001000000110001101110101011100100111001001100001011011100111010000100000011101000110000101110010011101000010110000100000001100010011100000110000
1011111010100100110000101110100011000010110011001101001