11001010111001000101110001000000101010001101000011001010010000001101100011000010111001101110100001000000110100101110011001000000111010001101111
111000001110010011001010111011001100101011011100111010000100000011100100111010101110011011101000010110000100000011101110110100001101001011000110110100000100000011101000110100001100101001000000110001101101111011011110110101100100000011011010111010101110011011101000010000001100010011001010010000001100011011000010111001001100101011001100111010101101100001000000111010001101111001000000110011101110101011000010111001001100100001000000110000101100111011000010110100101101110011100110111010000100000011000100111100100100000011101110110100101110000011010010110111001100111
11001000111001001111001001011000010000001100001011011100110010000100000011100000111010101110100011101000110100101101110011001110010000001100010011110010010000001110100011010000110010100100000011001100110100101110010011001010010000001110111011010000110010101101110001000000111010001101000011001010111100100100000011000110110111101101101011001010010000001100110011100100110111101101101001000000111010001101000011001010010000001110000011000010111001001101100011011110111010101110010001110110010000001100110011011110111001000100000011010010110011000100000011000100111010101110100
110111101101110011000110110010100100000011010000111010101101110011001110010000001110101011100000010000001110111011010010111010001101000011011110111010101110100001011000010000001110100011010000110010100100000011100110111010001100101011000010110110100100000011101110110100101101100011011000010000001110010011101010111001101110100001000000111010001101000011001010010000001101001011011100111001101101001011001000110010100101110
1011111010101000110111100100000011101000110000101101011011001010010000001110010011101010111001101110100001000000110111101110101011101000010000001101111011001100010000001010011011101000110010101100101011011000010111001011111
100001101101111011101100110010101110010001000000111010001101000011001010010000001110011011101000110010101100101011011000010000001110111011010010111010001101000001000000111001101110111011001010110010101110100001000000110111101101001011011000010000001110111011001010110110001101100001000000111001001110101011000100110001001100101011001000010000001101111011011100010000001101001011101000010110000100000011000010110111001100100001000000110100101101110001000000110011001101111011100100111010001111001001000000110010101101001011001110110100001110100
110100001101111011101010111001001110011001000000111010101110011011001010010000001110101011011100111001101101100011000010110001101101011011001010110010000100000011011000110100101101101011001010010000001100110011010010110111001100101011011000111100100100000011100000110111101110111011001000110010101110010011001010110010000101100001000000110000101101110011001000010000001110010011101010110001000100000011101010110111001110100011010010110110000100000011000010110110001101100001000000111010001101000011001010010000001110010011101010111001101110100
110010001101001011100110110000101110000011100000110010101100001011100100111001100101110
1011111010101000110111100100000011000110110110001100101011000010110111000100000011100110111010001101111011011100110010100100000010100110111010001100001011010010111001001110011001000000110000101101110011001000010000001001000011000010110110001101100011100110010111001011111
10000100110111101101001011011000010000001100001001000000111000001101111011101010110111001100100001000000110111101100110001000000111000001101001011100000110010100100000011011010110000101101011011001010111001001110011001000000110001101101100011000010111100100100000011101110110100101110100011010000010000001100001001000000111000101110101011000010111001001110100001000000110111101100110001000000111011101100001011101000110010101110010001011000010000001100001001000000111000101110101011000010111001001110100001000000110111101100110001000000111001101101101011000010110110001101100
1100010011001010110010101110010001011000010000001100001011011100110010000100000011100000111010101110100001000000110100101101110001000000110000100100000011000100110100101110100001000000110111101100110001000000111001101110100011011110110111001100101001000000110001001101100011101010110010100101110001000000101011101100001011100110110100000100000011101110110100101110100011010000010000001110100011010000110100101110011001000000110110101101001011110000111010001110101011100100110010100101100001000000110000101101110011001000010000001110111011010000110010101101110
11001000111001001111001001011000010000001110010011101010110001000100000011101000110100001100101001000000111001101110100011011110110111001100101011100110010000001110111011010010111010001101000001000000110011001101100011000010110111001101110011001010110110000100000011000010110111001100100001000000110000100100000011000100111001001110101011100110110100000101110
1011111010101000110111100100000011000110110110001100101011000010111001000100000010100000110000101110000011001010111001001101000011000010110111001100111011010010110111001100111011100110010111001011111
100011001101001011100100111001101110100001000000110001001101100011011110111011100100000011011110110011001100110001000000111010001101000011001010010000001100100011101010111001101110100001000000111011101101001011101000110100000100000011101000110100001100101001000000110001001100101011011000110110001101111011101110111001100101110001000000100010001101001011101100110100101100100011001010010000001100001001000000111011101101000011010010111010001100101001000000110110001101111011000010110011000100000011011110110011000100000011101000111011101101111
110010001100001011110010111001100100000011011110110110001100100001000000110100101101110011101000110111100100000011001010110100101100111011010000111010000100000011100000110000101110010011101000111001100101110001000000101010001100001011010110110010100100000011101000110100001100101001000000110001101110010011101010111001101110100001000000110100101101110011101000110111100100000011110010110111101110101011100100010000001101000011000010110111001100100001011000010000001100001011011100110010000100000011000100110010101100111011010010110111001101110011010010110111001100111
1100001011101000010000001110100011010000110010100100000011101000110111101110000001000000110111101100110001000000111010001101000011001010010000001110000011000010111000001100101011100100010110000100000011101110110100101110000011001010010000001101001011101000010000001100100011011110111011101101110011101110110000101110010011001000111001100100000011010010110111000100000011101000110100001100101001000000110110001101001011001110110100001110100011001010111001101110100001000000110110101100001011011100110111001100101011100100010000001110111011010010111010001101000
111010001101000011001010010000001100011011100100111010101101101011000100010111000100000010001000110111100100000011011100110111101110100001000000110001101110010011011110111001101110011001000000110111101110010001000000110011101101111001000000111010101110000011101110110000101110010011001000111001100101110001000000101010001101000011001010010000001100100011010010111001001110100001000000110111101100110001000000111010001101000011001010010000001110000011000010111000001100101011100100010000001100001011011100110010000100000011101000110100001100101
110001101110010011101010110110101100010011100110010000001110111011010010110110001101100001000000110011001100001011011000110110000100000011101000110111101100111011001010111010001101000011001010111001000101110001000000100111101100010011100110110010101110010011101100110010100101100001000000111100101101111011101010010000001101101011101010111001101110100001000000110111001101111011101000010000001110111011010010111000001100101001000000110000101100010011011110111011001100101001000000110100001100001011011000110011000100000011000010010000001111001011000010111001001100100
110000101110100001000000110000100100000011100110111010001110010011011110110101101100101001011000010000001100001011011100110010000100000011000010110011001110100011001010111001000100000011001000110111101101001011011100110011100100000011000010110110001101100001000000111010001101000011001010010000001110101011100000111000001100101011100100010110000100000011100000110000101110010011101000010110000100000011001110110111100100000011100100110111101110101011011100110010000100000011000010110011101100001011010010110111000101100
1100010011001010110011101101001011011100110111001101001011011100110011100100000011000010010000001101100011010010111010001110100011011000110010100100000011000010110001001101111011101100110010100100000011101110110100001100101011100100110010100100000011110010110111101110101001000000110110001100101011001100111010000100000011011110110011001100110001011100010000001001001011001100010000001111001011011110111010100100000011001000110111100100000011011100110111101110100001000000110010001101111001000000110100101110100
110010101111000011101000111001001100101011011010110010101101100011110010010000001101100011010010110011101101000011101000110110001111001001011000010000001111001011011110111010100100000011101110110100101101100011011000010000001101101011000010110101101100101001000000111010001101000011001010010000001100100011010010111001001110100001000000110000101100100011010000110010101110010011001010010000001110100011011110010000001110100011010000110010100100000011100000110000101110000011001010111001000101110
10010010111010000100000011101110110100101101100011011000010000001101100011011110110111101101011001000000110110001101001011010110110010100100000011011100110010101110111001000000110100101100110001000000111000001110010011011110111000001100101011100100110110001111001001000000110010001101111011011100110010100101110
101111101010100011011110010000001100011011011000110010101100001011011100010000001010000011000010110100101101110011101000010111001011111
1001110011001010111011001100101011100100010000001110101011100110110010100100000011000010010000001100011011011000110111101110100011010000010110000100000011000100111010101110100001000000111010001100001011010110110010100100000011011110110011001100110001000000111010001101000011001010010000001100100011101010111001101110100001000000111011101101001011101000110100000100000011000010010000001101100011010010