110100011011110010000001110000011101010110110001110000001000000111011101101001011101000110100000100000011101000110100001100101
111000001100101011000010111001100100000011101000110100001110010011011110111010101100111011010000010000001100001001000000111001101101001011001010111011001100101001011000010000001110111011010000110010101101110001000000111010001101000011001010010000001110011011011110111010101110000001000000111011101101001011011000110110000100000011000100110010100100000011000010110001001101111011101010111010000100000011101000110100001100101001000000110001101101111011011100111001101101001011100110111010001100101011011100110001101100101001000000110111101100110
11000110111001001100101011000010110110100101110001000000101001101100101011000010111001101101111011011100010000001101001011101000010000001110111011010010111010001101000001000000111000001100101011100000111000001100101011100100010110000100000011100110110000101101100011101000010110000100000011011010110000101100011011001010010110000100000011100000110100101101101011001010110111001110100011011110010110000100000011000010010000001100011011011000110111101110110011001010010000001101111011100100010000001110100011101110110111100101100001000000110000101101110011001000010000001100001
110110001101001011101000111010001101100011001010010000001000011011000010111100101100101011011100110111001100101001011000010000001100001011011000110110000100000011010010110111000100000011101000110100001100101001000000110011001101001011011100110010101110011011101000010000001110000011011110111011101100100011001010111001000101110001000000100100101100110001000000111010001101000011001010010000001110000011001010110000101110011001000000110000101110010011001010010000001100010011000010110010000101100001000000111010001101000011001010010000001110011011011110111010101110000
110110101100001011110010010000001101110011011110111010000100000011000100110010100100000011101000110100001101001011000110110101100100000011001010110111001101111011101010110011101101000001110110010000001110100011010000110010101101110001000000110001001101111011010010110110000100000011010010110111000100000011010010111010000100000011000010010000001110011011011000110100101100011011001010010000001101111011001100010000001110010011011110110110001101100001011000010000001100001011011100110010000100000011100000111010101110100
111010001101000011100100110111101110101011001110110100000100000011101000110100001100101001000000110001101101111011011000110000101101110011001000110010101110010001110110010000001101111011100100010000001110000011101010111010000100000011000010010000001101100011010010111010001110100011011000110010100100000011100100110100101100011011001010010000001100110011011000110111101110101011100100010110000100000011011010110100101111000011010010110111001100111001000000110100101110100001000000110001001111001001000000110010001100101011001110111001001100101011001010111001100101110
1011111010101000110100001100101001000000101001001100001011001110110111101110101011101000010111001011111
100001101110101011101000010000001110100011010000110010100100000011011100110100101100011011001010111001101110100001000000111000001100001011100100111010000100000011011110110011000100000011101000110100001100101001000000110100001100101011000010110010000100000011010010110111000100000011100110110110101100001011011000110110000100000011101000110100001101001011000110110101100100000011100000110100101100101011000110110010101110011001011000010000001110100011010000110010100100000011010110110010101110010011011100110010101101100011100110010110000100000011000010110111001100100
11100000110000101110010011101000010000001101111011001100010000001110100011010000110010100100000011001100110000101110100001000000110111101100110001000000111010001101000011001010010000001110010011011110110111101110100001000000110111101100110001000000111010001101000011001010010000001110100011011110110111001100111011101010110010100101110001000000101001001110101011000100010000001110100011010000110010101110011011001010010000001110111011010010111010001101000001000000111001101101111011011010110010100100000011011110110011000100000011101000110100001100101
11100110110000101101101011001010010000001110011011001010110000101110011011011110110111001101001011011100110011100101100001000000110000101110011001000000111100101101111011101010010000001110000011101010111010000100000011101000110100001100101011011010010000001101001011011100111010001101111001000000110000100100000011100010111010101100001011100100111010000100000011011110110011000100000011101000110100001100101001000000110110001101001011100010111010101101111011100100010110000100000011010110110010101110000011101000010000001101111011101010111010000100000011001100110111101110010
11101000110100001100001011101000010000001110000011101010111001001110000011011110111001101100101001000000110001001100101011001100110111101110010011001010010000001110100011010000110010100100000011101100110010101100111011001010111010001100001011000100110110001100101011100110010000001110111011001010111001001100101001000000110000101100100011001000110010101100100001110110010000001100110011011000110111101110101011100100010000001110111011001010110110001101100001011000010000001100001011011100110010000100000011100110110100101101101011011010110010101110010
11101000110100001100101011011010010000001110100011010010110110001101100001000000110111001101001011000110110010101101100011110010010000001110100011001010110111001100100011001010111001000101110001000000101010001101000011001010110111000100000011100000111010101110100001000000110000100100000011011000110100101110100011101000110110001100101001000000110110101110101011100110110100001110010011011110110111101101101001000000110000101101110011001000010000001110111011000010110110001101110011101010111010000100000011000110110000101110100011100110111010101110000001011000010000001100001
11011000110100101110100011101000110110001100101001000000111001101101111011110010010110000100000011000010110111001100100001000000110000100100000011001110110110001100001011100110111001100100000011011110110011000100000011100000110111101110010011101000010000001110111011010010110111001100101001011000010000001100001001000000111010001100101011000010111001101110000011011110110111101101110011001100111010101101100001000000110111101100110001000000110110101100001011001000110010100100000011011010111010101110011011101000110000101110010011001000010110000100000011000010110111001100100
110001001101111011010010110110000100000011000010110110001101100001000000111010101110000001000000111010001101111011001110110010101110100011010000110010101110010001000000110001001100101011001100110111101110010011001010010000001110011011001010111001001110110011001010110010000101110
100100101100110001000000110011001101111011100100010000001100011011011110110110101110000011000010110111001111001001011000010000001110011011011010110000101101100011011000010000001100101011001110110011101110011001000000110000101101110011001000010000001100110011011110111001001100011011001010110110101100101011000010111010000100000011000100110000101101100011011000111001100101110
10101000110100001101001011100110010000001101101011011110110010001100101001000000110011001110101011100100110111001101001011100110110100001100101011100110010000001100001011011100010000001100101011110000110001101100101011011000110110001100101011011100111010000100000011100110110111101110101011100000010110000100000011000010110111001100100001000000110000100100000011100100110000101100111011011110111010101110100001000000110000101110100001000000111001101101101011000010110110001101100001000000110010101111000011100000110010101101110011100110110010100101100
11000010110111001100100001000000111010001101000011001010111100100100000011000010111001001100101001000000111010101101110011000110110111101101101011011010110111101101110001011100010000001010100011010000110010100100000011011110111010001101000011001010111001000100000011100000110000101110010011101000010000001110111011010010110110001101100001000000111011101100001011100100110110100100000011001100110111101110010001000000111010001101000011001010010000001100110011000010110110101101001011011000111100100101110
101111101010011011101000110010101110111011001010110010000100000010011110111100001100011011010000110010101100101011010110010000001110000011011000110000101101001011011100010111001011111
10100110110111101100001011010110010000001100001011011100110010000100000011000110110110001100101011000010110111001110011011001010010000001100001001000000110011001101001011011100110010100100000011000110110100001100101011001010110101100100000011101000110100001100101001000000110010001100001011110010010000001100010011001010110011001101111011100100110010100100000011110010110111101110101001000000111011101101111011101010110110001100100001000000110100001100001011101100110010100100000011010010111010000100000011001010110000101110100011001010110111000101110
10100000111010101110100001000000110100101110100001000000110100101101110011101000110111100100000011000010010000001110011011101000110010101110111011100000110111101110100001000000111010001101000011000010111010000100000011101110110100101101100011011000010000001100011011011110111011001100101011100100010000001100011011011000110111101110011011001010010110000100000011101110110100101110100011010000010000001110100011010000111001001100101011001010010000001110001011101010110000101110010011101000111001100100000011011110110011000100000011101110110000101110100011001010111001000111010
11100110110100101101101011011010110010101110010001000000110100101110100001011000010000001100001011001100111010001100101011100100010000001101001011101000010000001101000011000010111001100100000011001100110100101110010011100110111010000100000011000100110111101101001011011000110010101100100001000000111010101110000001000000110000101101110011001000010000001100010011001010110010101101110001000000111011101100101011011000110110000100000011100110110101101101001011011010110110101100101011001000010111000100000010010010110111000100000011101000111011101101111
11010000110111101110101011100100111001100100000011100000111010101110100001000000111000001101100011001010110111001110100011110010010000001101111011001100010000001100011011000010111001001110010011011110111010001110011001011000010000001101100011001010110010101