1000000110110101110101011100110110100001110010011011110110111101101101001000000110001101100001011101000111001101110101011100000010110000100000011011110111001000100000011001110111001001100001011101100111100100101110
101111101010011011101110110010101100101011101000110001001110010011001010110000101100100001000000101001001100001011001110110111101110101011101000010111001011111
10000110111010101110100001000000111010001101000011001010110110100100000011000010110001001101111011101010111010000100000011101000110100001100101001000000111001101101001011110100110010100100000011011110110011000100000011000010010000001110111011000010110110001101110011101010111010000111010001000000111011101100001011100110110100000100000011000010110111001100100001000000110010001110010011110010010000001110100011010000110010101101101001110110010000001110100011010000110010101101110001000000110011001110010011110010010000001101111011001100010000001100001
11001100110100101101110011001010010000001100010011100100110111101110111011011100010111000100000010100000110111101110101011100100010000001110100011011110010000001110100011010000110010101101101001000000110000100100000011001110110111101101111011001000010000001100111011100100110000101110110011110010010110000100000011100110110010101100001011100110110111101101110011001010110010000100000011101110110100101110100011010000010000001110011011000010110110001110100001011000010000001110000011001010111000001110000011001010111001000101100
11000010110110001101100011100110111000001101001011000110110010100101100001000000110110101110101011100110110100001110010011011110110111101101101011100110010110000100000011011110111001000100000011101000110100001100101001000000110001101100001011101000111001101110101011100000010111000100000010100110111010001110010011000010110100101101110001011000010000001100001011011100110010000100000011101000110100001101001011000110110101101100101011011100010000001110111011010010111010001101000001000000110001001110101011101000111010001100101011100100010110000100000011000010110111001100100
110000100100000011011000110100101110100011101000110110001100101001000000110011001101100011011110111010101110010001011100010000001011001011011110111010100100000011011010110000101111001001000000110000101100100011001000010000001110100011100100111010101100110011001100110110001100101011100110010110000100000011000010110111001100100001000000110110101101111011100100110010101101100011100110010110000100000011000010110111001100100001000000111010001101000011001010010000001101101011101010111001101101000011100100110111101101111011011010111001100101110
1011111010101100110010101100001011011000010000001010011011000010111010101110011011000010110011101100101011100110010111001011111
1000011011010000110111101110000001000000110010101110001011101010110000101101100001000000111000101110101011000010110111001110100011010010111010001101001011001010111001100100000011011110110011000100000011011000110010101100001011011100010000001110110011001010110000101101100001000000110000101101110011001000010000001100110011000010111010000100000011000100110000101100011011011110110111000101100001000000110000100100000011010000110000101101110011001000110011001110101011011000010000001101111011001100010000001110011011000010110011101100101001011000010000001100001
110110001101001011101000111010001101100011001010010000001110011011000010110110001110100001011000010000001110000011001010111000001110000011001010111001000101100001000000110000101101110011001000010000001100001001000000110011001100101011101110010000001100001011011100110001101101000011011110111011001101001011001010111001100101110001000000100001001100101011000010111010000100000011000010110110001101100001000000110100101101110001000000110000100100000011011010110111101110010011101000110000101110010001110110010000001100001011011100110010000101100
11101110110100001100101011011100010000001110101011100110110010101100100001011000010000001110010011011110110110001101100001000000110000101101110011001000010000001100110011100100111100100100000011010010111010000101100001000000110000101101110011001000010000001110011011001010111001001110110011001010010000001110111011010010111010001101000001000000110011001110010011010010110010101100100001000000111001101101001011100000111000001100101011101000111001100101110
10100110111000001100001011001000110001001110101011100100111100111100010100000001001100101110011001000000111011001100101011000010110110000100000011000010110111001100100001000000111000001101111011100100110101100100000011100110110000101110101011100110110000101100111011001010111001100101100001000000111010101101110011001000110010101110010001000000111010001101000011001010010000001100001011100100111010001101001011000110110110001100101001000000110111101100110001000000111000001101111011100100110101100101110
1011111010101000110111100100000011011010110000101101011011001010010000001100101011110000110001101100101011011000110110001100101011011100111010000100000011011010110010101100001011101000010000001101111011001100010000001100001001000000100100001101111011001111110001010000000100110010111001100100000010010000110010101100001011001000010111001011111
1010011011100000110110001101001011101000010000001110100011010000110010100100000011010000110010101100001011001000010110000100000011101000110000101101011011001010010000001101111011101010111010000100000011101000110100001100101001000000110001001110010011000010110100101101110011100110010110000100000011000110111010101110100001000000110111101100110011001100010000001110100011010000110010100100000011001010110000101110010011100110010110000100000011000010110111001100100001000000111001101110000011100100110100101101110011010110110110001100101001000000110100101110100
11101110110100101110100011010000010000001100011011011110110110101101101011011110110111000100000011100110110000101101100011101000010000001100110011011110111001000100000011000010010000001100100011000010111100100111011001000000111010001101000011001010110111000100000011001000111001001100001011010010110111000101110001000000101001101100001011011000111010000100000011010010111010000100000011101110110010101101100011011000010000001110111011010010111010001101000001000000110001101101111011011010110110101101111011011100010000001110011011000010110110001110100
110000101101110011001000010000001110011011000010110110001110100011100000110010101110100011100100110010100100000011101000110100001110010011001010110010100100000011001000110000101111001011100110011101100100000011101000110100001100101011011100010000001101100011000010111100100100000011100110110000101101100011101000010000001100001011011100110010000100000011010000110010101100001011001000010000001101001011011100111010001101111001000000111011101100001011101000110010101110010001000000010100001100001001000000111001101101101011000010110110001101100
111000101110101011000010110111001110100011010010111010001111001001010010010000001100110011011110111001000100000011101000111011101101111001000000110010001100001011110010111001100101110001000000101011101100001011100110110100000100000011010010111010000101100001000000110000101101110011001000010000001100010011011110110100101101100001000000110100101110100001000000111010001101001011011000110110000100000011000010110110001101100001000000111010001101000011001010010000001100010011011110110111001100101011100110010000001110111011010010110110001101100
11000110110111101101101011001010010000001101111011101010111010000111010001000000111001001100101011011010110111101110110011001010010000001110100011010000110010101101101001011000010000001100001011011100110010000100000011000110110100001101111011100000010000001110100011010000110010100100000011010000110010101100001011001000010000001100001011100110010000001110001011101010110100101100011011010110010000001100001011100110010000001110000011011110111001101110011011010010110001001101100011001010011101100100000011010000110000101110110011010010110111001100111
11100110110101101101001011011100110111001100101011001000010000001110100011010000110010100100000011101000110111101101110011001110111010101100101001011000010000001100001011011100110010000100000011101000110000101101011011001010110111000100000011101000110100001100101001000000111001101101011011010010110111000100000011000110110000101110010011001010110011001110101011011000110110001111001001000000110111101100110011001100010000001110100011010000110010100100000011010000110010101100001011001000010110000100000011101000110111100100000011100000111010101110100
11101010110111001100100011001010111001000100000011000010110111001100100001000000110111101110110011001010111001000101110001000000101001101100101011000010111001101101111011011100010000001110111011010010111010001101000001000000111000001100101011100000111000001100101011100100010110000100000011100110110000101101100011101000010110000100000011000010010000001101100011010010111010001110100011011000110010100100000011011010110000101100011011001010010000001101111011100100010000001001010011000010110110101100001011010010110001101100001011100110010111000100000010100000111010101110100
11101000110100001100101001000000111001101101011011010010110111000100000011010010110111001110100011011110010000001100001001000000111001101101101011000010110110001101100001000000111000001100001011011100011101000100000011100000111001001100101011100110111001100100000011101000110100001100101001000000110001101110101011101000010000001101000011001010110000101100100001000000110100101101110001011000010000001100001011011100110010000100000011100000111010101110100001000000111010001101000011001010010000001101111011101000110100001100101011100100010000001110011011010110110100101101110
1101111011101100110010101110010001110100010000001110000011100100110010101110011011100110010000001101001011101000010000001100100011011110111011101101110001011100010000001010111011010000110010101101110001000000110001101101111011011000110010000101100001000000110100101110100001000000111011101101001011011000110110000100000011101000111010101110010011011100010000001101111011101010111010000100000011000010110111001100100001000000110110101100001011010110110010100100000011000010010000001101011011010010110111001100100001000000110111101100110
11000100111001001100001011101110110111000101110001000000100100101100110001000000111010001101111011011110010000001100110011000010111010000