10110000100000011101000110100001100101011011100010000001110111011010010111010001101000001000000110001001110101011101000111010001100101011100100011101000100000011000010110111001100100
11000100110010101100110011011110111001001100101001000000111001101100101011100100111011001100101011001000010110000100000011001100111001001101111011101000110100000100000011010010111010000100000011101010111000000100000011101110110100101110100011010000010000001100110011011000110111101110101011100100010111000100000010010010111010000100000011100110110100001101111011101010110110001100100001000000110001001100101001000000111000001110101011101000010000001100100011011110111011101101110001000000110010101100001011100100110110001111001001011000010000001101011011001010111000001110100
11000010111010000100000011000010010000001100111011100100110010101100001011101000010000001100100011010010111001101110100011000010110111001100011011001010010000001100001011101000010000001100110011010010111001001110011011101000010000001100110011100100110111101101101001000000111010001101000011001010010000001100110011010010111001001100101001011000010000001100001011011100110010000100000011001000111001001100001011101110110111000100000011011100110010101100001011100100110010101110010001000000110001001111001001000000110010001100101011001110111001001100101011001010111001100101110
1010011011001010110111001100100001000000110000100100000011100100110100101100011011010000010000001100010011100100110111101110111011011100010000001100111011100100110000101110110011110010010000001101001011011100010000001110100011010000110010100100000011001000110100101110011011010000011101100100000011011010110010101101100011101000110010101100100001000000110001001110101011101000111010001100101011100100010000001101001011011100010000001101111011011100110010100100000011000100110111101100001011101000010110000100000011000010110111001100100
11000110111010101110010011100100110000101101110011101000110101001100101011011000110110001111001001000000110100101101110001000000110000101101110011011110111010001101000011001010111001000101110
10111110101010001101111001000000110101001110101011001110010000001100001011011100010000001101111011011000110010000100000010010000110000101110010011001010010111001011111
10000010110011001110100011001010111001000100000011010010111010000100000011010010111001100100000011101110110010101101100011011000010000001100011011011000110010101100001011011100110010101100100001000000110000101101110011001000010000001110011011010110110100101101110011011100110010101100100001011000010000001100011011101010111010000100000011010010111010000100000011101010111000000100000011000010110111001100100001000000111001101100101011000010111001101101111011011100010000001101001011101000010000001110111011010010111010001101000
111000001100101011100000111000001100101011100100010110000100000011000010110110001101100011100110111000001101001011000110110010100101100001000000111001101100001011011000111010000101100001000000111000001101111011101010110111001100100011001010110010000101100001000000110110101100001011000110110010100101100001000000110000101101110011001000010000001100001001000000110110001101001011101000111010001101100011001010010000001101110011101010111010001101101011001010110011100111010001000000111000001110101011101000010000001101001011101000010000001101001011011100111010001101111
1100001001000000110101001100001011100100010110000100000011101110110100101110100011010000010000001100001011011100010000001101111011011100110100101101111011011100010110000100000011000010010000001100011011011000110111101110110011001010010000001101111011100100010000001110100011101110110111100101100001000000110000100100000011000100111010101101110011000110110100000100000011011110110011000100000011100110111011101100101011001010111010000100000011010000110010101110010011000100111001100101100001000000110000101101110011001000010000001101111011101100110010101110010
1100001011011000110110000100000011000010010000001100010011010010111010000100000011011110110011000100000011000110110111101100001011100100111001101100101001000000110001001100101011001010110011000101110001000000101010001101001011001010010000001101001011101000010000001100100011011110111011101101110001000000111011101101001011101000110100000100000011000010010000001100010011011000110000101100100011001000110010101110010001000000110000101101110011001000010000001101100011001010110000101110100011010000110010101110010001000000111000101110101011010010111010001100101
1100011011011000110111101110011011001010010110000100000011000010110111001100100001000000111000001110101011101000010000001110100011010000110010100100000011010100110000101110010001000000110100101101110011101000110111100100000011000010010000001110011011000010111010101100011011001010111000001100001011011100010000001101111011001100010000001110111011000010111010001100101011100100010000001110101011100000010000001110100011011110010000001101001011101000111001100100000011011100110010101100011011010110010110000100000011000100111010101110100001000000110111001101111
11010000110100101100111011010000110010101110010001011100010000001001100011001010111010000100000011101000110100001100101001000000111011101100001011101000110010101110010001000000110001001101111011010010110110000100000011001110110010101101110011101000110110001111001001000000110011001101001011101100110010100100000011010000110111101110101011100100111001100101110001000000101011101101000011001010110111000100000011101000110111100100000011000100110010100100000011100110110010101110010011101100110010101100100001011000010000001110000011011110111010101110010
1110100011010000110010100100000011001110111001001100001011101100111100100100000011010010110111001110100011011110010000001100001001000000111001101100001011101010110001101100101011100000110000101101110001011000010000001100001011011100110010000100000011101000110100001101001011000110110101101100101011011100010000001101001011101000010000001110111011010010111010001101000001000000110001001110101011101000111010001100101011100100010000001100001011011100110010000100000011001100110110001101111011101010111001000111011001000000110111101110010001000000110100101100110
11000100110010101100011011011110110110101100101001000000110001101101111011011000110010000101100001000000111011101100001011100100110110100100000011101000110100001100101001000000110100001100001011100100110010100100000011101110110100101110100011010000010000001110100011010000110010100100000011001110111001001100001011101100111100100101110
1011111010010000110000101110010011001010010000001010011011011110111010101110000001011100101111100100000010100110110010101100101001000000101111101010011011011110111010101110000011100110101111100101110
101111101001000011000010111001001100101001000000101000001101001011001010010111001011111
101001101100101011000010111001101101111011011100010000001110100011010000110010100100000011010000110000101110010011001010010000001100001011001100111010001100101011100100010000001101001011101000010000001101001011100110010000001100011011101010111010000100000011101010111000000101110001000000101000001110101011101000010000001100101011001110110011101110011001011000010000001100001011011100110010000100000011001100110111101110010011000110110010101101101011001010110000101110100001011000010000001100001011011100110010000100000011001010110100101110100011010000110010101110010
11000100110000101101011011001010010000001101001011011100010000001100001001000000111001001100001011010010111001101100101011001000010000001100011011100100111010101110011011101000010000001101111011100100010000001100001001000000110010001101001011100110110100000111010001000000110100101100110001000000110100101101110001000000111010001101000011001010010000001100110011011110111001001101101011001010111001000101100001000000111000001110101011101000010000001100011011011110110110001100100001000000110101001100101011011000110110001111001001000000110011101110010011000010111011001111001
11101000110111100100000011010010111010000111011001000000110100101100110001000000110011001101111011100100010000001110100011010000110010100100000011011000110000101110100011101000110010101110010001011000010000001110100011010000110010100100000011100110110000101101101011001010010000001101000011011110111010000111011001000000110001001110101011101000010000001110100011010000110010100100000011100000110100101100101001000000110100101110011001000000111010001101111001000000110001001100101001000000110010101100001011101000110010101101110001000000110001101101111011011000110010000101110
101001101100101011001010010000001011111010010100110010101101100011011000111100100100000010001110111001001100001011101100111100100100000011000010110110101101111011011100110011100100000011100110110100101101101011010010110110001100001011100100010000001100001011100100111010001101001011000110110110001100101011100110101111100101110
101111101010000011011110111010001110100011001010110010000100000010010000110000101110010011001010010111001011111
1001000011000010111011001101001011011100110011100100000011100110110010101100001011100110110111101101110011001010110010000101100001000000110000101101110011001000010000001100010011000010110101101100101011001000010000001101001011101000010000001110111011010010111010001101000001000000110001001110101011101000111010001100101011100100010000001101111011101100110010101110010001011000010000001100011011011110111011001100101011100100010000001101001011101000010000001110111011010010111010001101000001000000110001001110010011011110111011101101110
111000001100001011100000110010101110010001011000010000001100001011011100110010000100000011011000110010101110100001000000110100101110100001000000110011101110010011011110111011100100000011000110110111101101100011001000010111000100000010101000110100001100101011011100010000001110100011000010110101101100101001000000111010001101000011001010010000001101101011001010110000101110100001000000110011001110010011011110110110100100000011101000110100001100101001000000110001001101111011011100110010101110011001011000010000001100010011001010110000101110100001000000110100101110100
11010010110111000100000011000010010000001101101011011110111001001110100011000010111001000101100001000000110000101101110011001000010000001100001011001000110010000100000011100110110000101101100011101000010110000100000011011010110000101