110011100110010110000100000011000010110111001100100
1110010011000010111010001101000011001010111001000100000011011010110111101110010011001010010000001110100011010000110000101101110001000000110100001100001011011000110011000100000011001100110100101101100011011000010000001110100011010000110010101101101001011100010000001000010011000010110101101100101001000000110100101101110001000000110000100100000011100010111010101101001011000110110101100100000011011110111011001100101011011100010000001101000011000010110110001100110001000000110000101101110001000000110100001101111011101010111001000111011
1110011011010010110011001110100011010010110111001100111001000000111001101101111011011010110010100100000011001000110111101110101011000100110110001100101001000000111001001100101011001100110100101101110011001010110010000100000011100110111010101100111011000010111001000100000011011110110111000100000011101000110100001100101011011010010000001110111011010000110010101101110001000000110011101101111011010010110111001100111001000000111010001101111001000000111010001101000011001010010000001101111011101100110010101101110001011100010000001010100011010000110100101110011
11100010111010101100001011011100111010001101001011101000111100100100000011101110110100101101100011011000010000001101101011000010110101101100101001000000110000100100000011001000110111101111010011001010110111000101110
10111110100000101101100011011010110111101101110011001000010000001000011011010000110010101100101011100110110010101100011011000010110101101100101011100110010111001011111
100001001101100011000010110111001100011011010000010000001100001011011100110010000100000011100000110111101110101011011100110010000100000011001100110111101110101011100100010000001101111011101010110111001100011011001010111001100100000011011110110011000100000011000010110110001101101011011110110111001100100011100110010110000100000011000010110111001100100001000000110000100100000011001100110010101110111001000000110001001101001011101000111010001100101011100100010110000100000011101110110100101110100011010000010000001100001
111001101110000011011110110111101101110011001100111010101101100001000000110111101100110001000000111011101100001011101000110010101110010001110110010000001110100011010000110010101101110001000000110000101100100011001000010000001100110011011110111010101110010001000000110111101110101011011100110001101100101011100110010000001101111011001100010000001110011011101010110011101100001011100100010000001110000011011110111010101101110011001000110010101100100001011000010000001100001001000000111001101110000011011110110111101101110011001100111010101101100001000000110111101100110
11000110111001001100101011000010110110100101100001000000110000101101110011001000010000001110100011010000110010100100000011101110110100001101001011101000110010101110011001000000110111101100110001000000111010001110111011011110010000001100101011001110110011101110011001000000111011101100101011011000110110000100000011000100110010101100001011101000110010101101110001011100010000001001101011010010111100000100000011000010110110001101100001000000110000101110011001000000111000101110101011010010110001101101011001000000110000101110011
111000001101111011100110111001101101001011000100110110001100101001110110010000001110000011101010111010000100000011010010110111001110100011011110010000001110110011001010111001001111001001000000111001101101101011000010110110001101100001000000111000001100001011101000111010001111001011100000110000101101110011100110010110000100000011000010110111001100100001000000110001001100001011010110110010100100000011010010110111000100000011000010010000001110000011100100110010101110100011101000111100100100000011101110110000101110010011011010010000001101111011101100110010101101110
11101010110111001100100011001010111001000100000011101000111011101100101011011100111010001111001001000000110110101101001011011100111010101110100011001010111001100101110
1000110010100100101010101001001010101000101001100101100001000000101010001001111001000000100101101000101010001010101000000101110
101111101001111011100100110000101101110011001110110010101110011001000000110111101110010001000000100110001100101011011010110111101101110011100110010110000100000011001100110111101110010001000000101000001110101011001000110010001101001011011100110011101110011001011000010000000100110011000110010111001011111
1010111011010000110010101101110001000000111100101101111011101010010000001110011011100010111010101100101011001010111101001100101001000000111010001101000011001010010000001100110011100100111010101101001011101000111001100101100001000000111010001101000011100100110111101110111001000000111010001101000011001010010000001101111011101010111010001110011011010010110010001100101001000000110100101101110001000000111011101100001011101000110010101110010001000000111011101101001011101000110100001101111011101010111010000100000011101000110100001100101
11100000111010101101100011100000010111000100000010011000110010101110100001000000111010001101000011001010110110100100000011100100110010101101101011000010110100101101110001000000110100101101110001000000111010001101000011001010010000001110011011000010110110101100101001000000110000100100000011001100110111101110010011101000110111001101001011001110110100001110100001011000010000001100001011001000110010001101001011011100110011100100000011011100110111100100000011011010110111101110010011001010010111000100000010000100110111101101001011011000010000001110100011010000110010101101101
11101000110100001100101011100100110010101101001011011100010000001110100011010010110110001101100001000000111010001100101011011100110010001100101011100100011101100100000011100110111010001110010011000010110100101101110001000000110100101110100001000000110011001110010011011110110110100100000011101000110100001100101011011010010110000100000011000010110111001100100001000000111011101101000011001010110111000100000011101000110100001100101011110010010000001100001011100100110010100100000011101000110111101101100011001010111001001100001011000100110110001111001
1100100011100100111100100101100001000000111010001101000011100100110111101110111001000000111010001101000011001010110110100100000011010010110111001110100011011110010000001100001011011100111100100100000011011110110110001100100001000000110101001100001011100100010000001101111011001100010000001100011011000010110111001100100011110010010110000100000011110010110111101110101001000000110110101100001011110010010000001101000011000010111011001100101001000000111001001100101011011010110000101101001011011100110100101101110011001110010000001100110011100100110111101101101
1101111011011000110010000100000011100110111011101100101011001010111010001101101011001010110000101110100011100110011101100100000011011110111001000100000011010010110011000100000011110010110111101110101001000000110100001100001011101100110010100100000011011100110111101101110011001010010110000100000011000100110111101101001011011000010000001100001001000000111001101101101011000010110110001101100001000000111000101110101011000010110111001110100011010010111010001111001001000000110111101100110001000000111001101111001011100100111010101110000001000000110111101100110
11000110110111101101101011011010110111101101110001000000110110001101111011000010110011000100000011100110111010101100111011000010111001000100000011000010110111001100100001000000111011101100001011101000110010101110010001011000010000001100001011011100110010000100000011100000111010101110100001000000110111101110110011001010111001000100000011101000110100001100101011011010010111000100000010010010110111000100000011000010010000001110111011001010110010101101011001000000110111101110010001000000111010001100101011011100010000001100100011000010111100101110011
110001001101111011010010110110000100000011101000110100001100101011011010010000001100111011001010110111001110100011011000111100100100000011010010110111000100000011010010111010000100000011101000110100101101100011011000010000001110100011010000110010101111001001000000110110001101111011011110110101100100000011000110110110001100101011000010111001000101100001000000110000101101110011001000010000001110100011010000110000101110100001000000111010001101000011001010111100100100000011011010110000101111001001000000110001001100101
1100011011011110111011001100101011100100110010101100100001000000111011101101001011101000110100000100000011010010111010000100000011010010110111000100000011101000110100001100101001000000110101001100001011100100010111000100000010110010110111101110101001000000110110101100001011110010010000001100011011101010111010000100000011001010110000101100011011010000010000001101000011000010110110001100110001000000110111101100110001000000111010001101000011001010010000001100110011100100111010101101001011101000010000001101001011011100010000001110100011101110110111100101100
11000010110111001100100001000000111010001101000011001010111100100100000011101110110100101101100011011000010000001101111011000110110001101110101011100000111100100100000011100110110110101100001011011000110110000100000011100110111000001100001011000110110010100101110
10111110101010001101111001000000111000001110010011001010111001101100101011100100111011001100101001000000100011101101111011011110111001101100101011000100110010101110010011100100110100101100101011100110010111001011111
10000100110010101100110011011110111001001100101001000000111010001101000011001010111100100100000011000100110010101100011011011110110110101100101001000000111010001101111011011110010000001101100011000010111001001100111011001010010110000100000011011000110010101110100001000000111010001101000011001010110110100100000011000100110010100100000011001110110000101110100011010000110010101110010011001010110010000111011001000000110000101101110011001000010000001110100011000010110101101100101001000000110001101100001011100100110010100100000011011100110111101110100001000000111010001101111
11000110111010101110100001000000111010001101000011001010110110100100000011010010110111000100000011101000110000101101011011010010110111001100111001000000110111101100110011001100010000001110100011010000110010100100000011100110111010001100001011011000110101101110011001000000110000101101110011001000010000001100010011101010110010001110011001011100010000001000110011010010110110001101100001000000111011101101001011001000110010100100000011011010110111101110