10000001110100011010000110010101101110001000000111000001110101011101000010000001101001011011100010000001110100011010000110010100100000011101000111010101110010011010110110010101111001001110100010000001110111011010000110010101101110001000000110010001101111011011100110010100101100001000000111010001100001011010110110010100100000011010010111010000100000011011110111010101110100
110000101101110011001000010000001110100011010010110011101101000011101000110010101101110001000000111010001101000011001010010000001110011011101000111001001101001011011100110011101110011001011100010000001001100011001010111010000100000011101000110100001100101001000000110110001101001011100010111010101101111011100100010000001100010011011110110100101101100001000000110100001100001011011000110011000100000011000010110111000100000011010000110111101110101011100100010000001100001011001100111010001100101011100100010110000100000011000010110111001100100
111011101101000011001010110111000100000011000110110111101101100011001000010000001110000011101010111010000100000011010010111010000100000011011110110111000100000011101000110100001100101001000000111010001110101011100100110101101100101011110010010111000100000010010010110011000100000011100110110000101101100011101000010000001101111011100100010000001110110011010010110111001100101011001110110000101110010001000000110001001100101001000000111011101100001011011100111010001101001011011100110011100101100001000000110000101100100011001000010000001110111011010000110010101101110
11000110110111101101100011001000010111000100000010101000110100001101001011100110010000001110111011010010110110001101100001000000110101101100101011001010111000000100000011100110110111101101101011001010010000001101101011011110110111001110100011010000111001100101110001000000101100101101111011101010010000001100101011000010111010000100000011010010111010000100000011101110110100101110100011010000010000001101111011010010110110000100000011000010110111001100100001000000111011001101001011011100110010101100111011000010111001000101100001000000110111101110010
11100110111010101100111011000010111001000100000011000010110111001100100001000000111011001101001011011100110010101100111011000010111001000101110001000000100100101110100001000000110100101110011001000000110110101101111011100100110010100100000011001000110010101101100011010010110001101100001011101000110010100100000011101000110100001100001011011100010000001110011011101000111010101110010011001110110010101101111011011100010110000100000011000010110111001100100001000000110110101100001011010110110010101110011001000000110000100100000011100000111001001100101011101000111010001111001
11101100110000101110010011010010110010101110100011110010010110000100000011010010110011000100000011101000110100001100101001000000111001001100101011000010110110000100000011010010111001100100000011011100110111101110100001000000111010001101111001000000110001001100101001000000110100001100001011001000010111000100000010000110110111101110110011001010111001000100000011010010111010000100000011101110110100101110100011010000010000001100110011001010110111001101110011001010110110000100000011101110110100001100101011011100010000001100010011100100110111101110101011001110110100001110100
11101000110111100100000011101000110000101100010011011000110010100101110
10011110100111000100000010001000101001001000101010100110101001101001001010011100100011100100000010011010100010101000001010101000101001100101110
1010111011000010111001101101000001000000110000101101100011011000010000001101101011001010110000101110100011100110010000001100010011001010110011001101111011100100110010100100000011110010110111101110101001000000110010001110010011001010111001101110011001110110010000001101001011001100010000001100110011011110111001000100000011000100110111101101001011011000110100101101110011001110010110000100000011101000110100001100101001000000110001101101111011011000110111101110101011100100010000001110111011010010110110001101100001000000110001001100101
110001001100101011101000111010001100101011100100010000001100110011011110111001000100000011100110110111101100001011010110110100101101110011001110011101100100000011010010110011000100000011001100110111101110010001000000111001001101111011000010111001101110100011010010110111001100111001011000010000001100100011100100111100100100000011010010111010000101110
10000100110111101101001011011000110100101101110011001110010000001101001011011100010000001100001001000000111011101100101011011000110110000100000011001100110110001101111011101010111001001100101011001000010000001100011011011000110111101110100011010000010110000100000011101110110100101101100011011000010000001101101011000010110101101100101001000000110110101100101011000010111010000100000011101110110100001101001011101000110010100101110
1010000011000010111001001110100011010010110001101110101011011000110000101110010001000000110001101101000011000010111001001100111011001010010000001101101011101010111001101110100001000000110001001100101001000000110011101101001011101100110010101101110001000000111010001101000011000010111010000100000011101000110100001100101001000000111000001101111011101000010000001100010011001010010000001110111011001010110110001101100001000000111001101101011011010010110110101101101011001010110010000100000011101000110100001100101
101111101101101011011110110110101100101011011100111010001011111001000000110100101110100001000000110001001101111011010010110110001110011001011000010000001101111011101000110100001100101011100100111011101101001011100110110010100100000011101000110100001100101001000000110011001101111011101010110110001101110011001010111001101110011001000000111011101101001011011000110110000100000011000100110010100100000011001000110100101110011011100000110010101110010011100110110010101100100001000000110111101110110011001010111001000100000011101000110100001100101
110110101100101011000010111010000101110001000000101010001101000011001010010000001101101011011110111001001100101001000000111001101101111011101010111000001110011001000000110111101110010001000000110001001110010011011110111010001101000011100110010000001100001011100100110010100100000011100110110101101101001011011010110110101100101011001000010110000100000011101000110100001100101001000000110001001100101011101000111010001100101011100100010000001100001011011100110010000100000011000110110110001100101011000010110111001100101011100100010000001110100011010000110010101111001
111011101101001011011000110110000100000011000100110010100101110
101010001101000011001010010000001100010011011110110100101101100011001010111001000100000011000010110111001100100001000000111010101110100011001010110111001110011011010010110110001110011001000000111001101101000011011110111010101101100011001000010000001100010011001010010000001101011011001010111000001110100001000000110010001100101011011000110100101100011011000010111010001100101011011000111100100100000011000110110110001100101011000010110111000101110
1010000011101010111010000100000011101000110100001100101001000000110110101100101011000010111010000100000011010010110111000100000011000110110111101101100011001000010000001110111011000010111010001100101011100100010110000100000011000010110111001100100001000000110011001101100011011110111010101110010001000000110100101110100001000000111011101100101011011000110110000100000011001100110100101110010011100110111010000101110001000000100100101100110001000000110110101100101011000010111010000100000011000100110010100100000011000100110111101101001011011000110010101100100
11100010111010101101001011000110110101100100000011010010111010000100000011101110110100101101100011011000010000001100010011001010010000001101000011000010111001001100100001110110010000001100010011101010111010000100000011000110110000101110010011001010010000001101101011101010111001101110100001000000110001001100101001000000111010001100001011010110110010101101110001000000111010001101000011000010111010000100000011010010110111000100000011000100110111101101001011011000110100101101110011001110010000001110011011011000110111101110111001000000110100101110100
1100100011011110110010101110011001000000110111001101111011101000010000001100011011001010110000101110011011001010010110000100000011011110111001000100000011101000110100001100101001000000110110101100101011000010111010000100000011101110110100101101100011011000010000001100010011001010010000001110101011011100110010001100101011100100110010001101111011011100110010100101110
100100101100110001000000111010001101000011001010010000001110011011101000110010101100001011011010010000001100010011001010010000001101011011001010111000001110100001000000110100101101110001011000010000001110100011010000110010100100000011101110110000101110100011001010111001000100000011101110110100101101100011011000010000001101110011011110111010000100000011011010111010101100011011010000010000001100100011001010110001101110010011001010110000101110011011001010011101100100000011101000110100001100101011100100110010101100110011011110111001001100101
1110111011010000110010101101110001000000111100101101111011101010010000001110111011010010111001101101000001000000111010001101111001000000110010101110110011000010111000001101111011100100110000101110100011001010010110000100000011100100110010101101101011011110111011001100101001000000111010001101000011001010010000001100011011011110111011001100101011100100010000001101111011001100010000001110100011010000110010100100000011100110110111101110101011100000010000001110000011011110111010000101110
101011001100101011001110110010101110100011000010110001001101100011001010111001100100000011100110110100001101111011101010110110001100100001000000110111001101111011101000010000001100010011001010010000001100100011100100110010101110011011100110110010101100100001000000111011101101001011101000110100000100000011101000110100001100101001000000110110101100101011000010111010000101100001000000110010101111000011000110110010101110000011101000010000001100011011000010111001001110010011011110111010001110011001000000110111101110010
111000001100001011100100111001101101110011010010111000001110011001000000111011101101001011101000110100000100000011000100110111101101001011011000110010101100100001000000110001001100101011001010110011000101110
10101110110010101101001011001110110100000100000011101000110100001100101001000000110101001101111011010010110111001110100001011000010000001