100100010000001110100011010000110010100100000011101000110000101100010011011000110010100100000011010010110111000100000011101000110100001110010011001010110010100100000011011110111001000100000011001100110111101110101011100100010000001100100011000010111100101110011001110110010000001101001011001100010000001101001011101000010000001101001011100110010000001100100011001010111001101101001011100100110010101100100001000000111010001101111
1100010011001010010000001110110011001010111001001111001001000000110110101110101011000110110100000100000011000110110111101110010011011100110010101100100001011000010000001110111011100100110000101110000001000000110100101110100001000000110100101101110001000000110000100100000011101110110010101101100011011000010000001100110011011000110111101110101011100100110010101100100001000000110001101101100011011110111010001101000001011000010000001101000011000010111011001101001011011100110011100100000011100100111010101100010011000100110010101100100001000000110100101110100
111000001110010011001010111011001101001011011110111010101110011011011000111100100100000011101110110100101110100011010000010000001110011011000010110110001110100001011100010000001010100011010000110010100100000011011000110000101110100011101000110010101110010001000000110110101100101011101000110100001101111011001000010000001110111011010010110110001101100001000000110001101101111011100100110111000100000011001100111001001100101011100110110100000100000011000100110010101100101011001100010000001100110011010010111010000100000011001100110111101110010
1110100011000010110001001101100011001010010000001110100011010000110010100100000011001000110000101111001001000000110100101110100001000000110001101101111011011010110010101110011001000000110100101101110001110110010000001100010011101010111010000100000011010010111010000100000011011010111010101110011011101000010000001100010011001010010000001110000011101010111010000100000011010010110111001110100011011110010000001110100011010000110010100100000011100000110111101110100001000000111011101101000011001010110111000100000011101000110100001100101
11101110110000101110100011001010111001000100000011000100110111101101001011011000111001100101110
1001001011001100010000001110100011010000110010100100000011101110110010101100001011101000110100001100101011100100010000001110000011001010111001001101101011010010111010001110011001011000010000001101101011001010110000101110100001000000110010101100001011101000111001100100000011011010111010101100011011010000010000001100010011001010111010001110100011001010111001000100000011001100110111101110010001000000110100001100001011011100110011101101001011011100110011100100000011101000111011101101111001000000110111101110010001000000111010001101000011100100110010101100101
1100100011000010111100101110011001000000110001001100101011001100110111101110010011001010010000001101001011101000010000001100010011001010010000001110011011000010110110001110100011001010110010000101110
10101000110100001100101001000000111011101100001011101000110010101110010001000000110100101101110001000000111011101101000011010010110001101101000001000000110110101100101011000010111010000100000011010000110000101110011001000000110001001101111011010010110110001100101011001000010000001101101011000010110101101100101011100110010000001100001011011100010000001100101011110000110001101100101011011000110110001100101011011100111010000100000011100110110111101110101011100000010000001100110011011110111001000100000011101000110100001100101001000000111000001101111011011110111001000101100
111011101101000011001010110111000100000011101100110010101100111011001010111010001100001011000100110110001100101011100110010110000100000011011110110000101110100011011010110010101100001011011000010000001101111011100100010000001110000011001010110000101110011011001010010110000100000011000010111001001100101001000000110000101100100011001000110010101100100001011000010000001100001011011100110010000100000011100110110100001101111011101010110110001100100001000000110111001101111011101000010000001100010011001010010000001100011011011000110010101100001011100100110010101100100
1100110011100100110111101101101001000000111010001101000011001010010000001100110011000010111010000101110
10100100110111101100001011100110111010000100000011000100110010101100101011001100010000001100010011011110110111001100101011100110010110000100000011011110111001000100000011100110110100001100001011011100110101100100000011000100110111101101110011001010111001100100000011011110110011000100000011010000110000101101101001011000010000001101101011000010110101101100101001000000110011001101001011011100110010100100000011100000110010101100001011100110110010100100000011100110110111101110101011100000010110000100000011000010110111001100100
1110011011010000110111101110101011011000110010000100000011000100110010100100000011000100110111101101001011011000110010101100100001000000111011101101001011101000110100000100000011101000110100001100101001000000111000001100101011000010111001101100101001000000111010001101000011001010010000001100100011000010111100100100000011000100110010101100110011011110111001001100101001000000110010101100001011101000110010101101110001011000010000001110100011010000110000101110100001000000111010001101000011001010010000001100110011000010111010000100000011011010110000101111001
110001001100101001000000111001001100101011011010110111101110110011001010110010000101110
10101000110100001100101001000000110110101101001011100110111010001110010011001010111001101110011001000000110111101100110001000000111010001101000011001010010000001101000011011110111010101110011011001010010000001110111011010010110110001101100001000000110011001101001011011100110010000100000011011010110000101101110011110010010000001100111011100100110010101100001011101000010000001100001011001000111011001100001011011100111010001100001011001110110010101110011001000000110100101101110001000000111011001101001011100110110100101110100011010010110111001100111
110100001100101011100100010000001101100011000010111001001100100011001010111001000100000011001000110000101101001011011000111100100101100001000000110001001100101011001100110111101110010011001010010000001110011011010000110010100100000011011110111001001100100011001010111001001110011001000000110100001100101011100100010000001100010011010010110110001101100001000000110111101100110001000000110011001100001011100100110010100111010001000000111001101101000011001010010000001110111011010010110110001101100001000000111001101100101011001010010000001110111011010000110000101110100
111010001101000011010010110111001100111011100110010000001110010011001010111000101110101011010010111001001100101001000000110010001110010011001010111001101110011011010010110111001100111001011000010000001100001011011100110010000100000011101000110100001100101011100100110010101100010011110010010000001100111011101010110000101110010011001000010000001100001011001110110000101101001011011100111001101110100001000000111010001101000011001010110100101110010001000000110001001100101011010010110111001100111001000000111001101110000011011110110100101101100011001010110010000101110
1001101011000010110111001111001001000000110000101110010011101000110100101100011011011000110010101110011001000000110110101100001011110010010000001100010011001010010000001110010011001010010110101100100011100100110010101110011011100110110010101100100001000000110100101101110001000000110000100100000011001000110100101100110011001100110010101110010011001010110111001110100001000000110011001101111011100100110110100100000011001100111001001101111011011010010000001110100011010000110000101110100001000000110100101101110001000000111011101101000011010010110001101101000
111010001101000011001010111100100100000011101110110010101110010011001010010000001100110011010010111001001110011011101000010000001110011011001010111001001110110011001010110010000101100001000000110000101101110011001000010000001101001011011010111000001110010011011110111011001100101001000000111010001101000011001010010000001100001011100000111000001100101011000010111001001100001011011100110001101100101001000000110111101100110001000000111010001101000011001010010000001110100011000010110001001101100011001010010000001110111011010010111010001101000011011110111010101110100
11010010110111001100011011100100110010101100001011100110110100101101110011001110010000001100101011110000111000001100101011011100111001101100101001011100010000001001101011000010110111001111001001000000110010001101001011100110110100001100101011100110010000001110010011001010111000101110101011010010111001001100101001000000111010001101111001000000110001001100101001000000110110101100001011001000110010100100000011011110110011000100000011001000111001001100101011100110111001101100101011001000010000001101101011001010110000101110100001000000110111101110010
110011001101111011101110110110001110011001011100010000001000100011010010111001001100101011000110111010001101001011011110110111001110011001000000110011001101111011100100010000001110011011001010111011001100101011100100110000101101100001000000110000101110010011001010010000001101000011001010111001001100101011000010110011001110100011001010111001000100000011001110110100101110110011001010110111000101110
10010010110111000100000011001010111011001100101011100100111100100100000011100110110111101110010011101000010000001101111011001100010000001110000011100100110111101110110011010010111001101101001011011110110111001110011001011000010000001110100011010000110010100100000011000100110010101110011011101000010000001101111011001100010000001110100011010000110010100100000011010110110100101101110011001000010000001100111011011110110010101110011001000000110011001100001011100100111010001101000011001010111001101110100001110110010000001100011011101010111010001110100011010010110111001100111
110111101110101011101000010000001101101011011110111001101110100001000000110000101100100011101100110000101101110011101000110000101100111011001010110111101110101011100110110110001111001001011000010000001100001011011100110010000100000011000010110011001100110011011110111001001100100011010010110111001100111001000000110110101101111011100110111010000100000011011100110111101110101011100100110100101110011011010000110110101100101011011100111010000101110001000000101001001101111011101010110111001100100001000000110111101100110001000000110001001100101011