100110010100101100001000000110000101101110011001000010000001110011011011110110110101100101001000000110001101100001011100100111001001100001011101110110000101111001011100110010111000100000010010010111010000100000011011010111010101110011011101000010000001100010011001010010000001100010011001010110000101110100011001010110111000100000011000010010000001100110011101010110110001101100001000000110100001101111011101010111001000101110001000000100001001110101011101000111010001100101011100100010000001100001
11100000110000101101110001011000010000001100001011011100110010000100000011000100110000101101011011001010010000001101001011101000010000001100001001000000110011001110101011011000110110000100000011010000110111101110101011100100010000001101001011011100010000001100001001000000111000101110101011010010110001101101011001000000110111101110110011001010110111000101110
10101000110100001100101001000000110000101100010011011110111011001100101001000000111000001110010011011110111000001101111011100100111010001101001011011110110111001110011001011000010000001101100011001010110000101110110011010010110111001100111001000000110111101110101011101000010000001100110011011110111010101110010001000000110111101110101011011100110001101100101011100110010000001101111011001100010000001110100011010000110010100100000011000100111010101110100011101000110010101110010001011000010000001100001011011100110010000100000011101000110100001100101
111001101100001011011010110010100100000011011110110011000100000011100110111010101100111011000010111001000101100001000000110110101100001011010110110010100100000011000010010000001101100011001010111001101110011001000000110110001110101011100110110001101101001011011110111010101110011001000000110001101100001011010110110010100101110
101111101010001011101010110010101100101011011100010000001000011011000010110101101100101011100110010111001011111
1001101011010010111100000100000011000010010000001110000011011110111010101101110011001000010000001101111011001100010000001100100011100100110100101100101011001000010000001100110011011000110111101110101011100100010110000100000011101000110100001100101001000000111001101100001011011010110010100100000011011110110011000100000011100110110100101100110011101000110010101100100001000000111001101110101011001110110000101110010001011000010000001100001011011100110010000100000011011110110011000100000011101110110000101110011011010000110010101100100
110001101101100011001010110000101101110001000000110001101110101011100100111001001100001011011100111010001110011001011100010000001010111011000010111001101101000001000000110000100100000011100000110111101110101011011100110010000100000011011110110011000100000011000100111010101110100011101000110010101110010001000000110100101101110001000000111001001101111011100110110010101110111011000010111010001100101011100100010110000100000011000100110010101100001011101000010000001101001011101000010000001110111011001010110110001101100001011000010000001110100011010000110010101101110
1101101011010010111100000100000011101110110100101110100011010000010000001101001011101000010000001100101011010010110011101101000011101000010000001100101011001110110011101110011001011000010000001111001011001010110110001101011011100110010000001100001011011100110010000100000011101110110100001101001011101000110010101110011001000000110001001100101011000010111010001100101011011100010000001110011011001010111000001100001011100100110000101110100011001010110110001111001001011000010000001100001011011100110010000100000011100000111010101110100001000000110100101101110
11101000110100001100101001000000110010001110010011110010010000001101001011011100110011101110010011001010110010001101001011001010110111001110100011100110010000001100010011110010010000001100100011001010110011101110010011001010110010101110011001110110010000001100010011001010110000101110100001000000111010001101000011001010010000001110111011010000110111101101100011001010010000001100001011011100010000001101000011011110111010101110010001110110010000001100010011101010111010001110100011001010111001000100000011011000110100101110100011101000110110001100101
11101000110100101101110011100110010110000100000011101000110010101100001011000110111010101110000011100110010110000100000011011110111001000100000011100110110000101110101011000110110010101110010011100110010110000100000011000010110111001100100001000000110001001100001011010110110010100100000011101000110100001100101001000000110001001100001011101000111010001100101011100100010000001101001011011100010110000100000011001100110100101101100011011000110100101101110011001110010000001101111011011100110110001111001001000000110100001100001011011000110011000101110
10100110110100101100110011101000010000001100001001000000110110001101001011101000111010001101100011001010010000001100110011010010110111001100101001000000111001101110101011001110110000101110010001000000110111101110110011001010111001000100000011010100111010101110011011101000010000001100001011100110010000001111001011011110111010100100000011100000111010101110100001000000110100101101110011101000110111100100000011101000110100001100101001000000110111101110110011001010110111000101110
10111110101000101110101011001010110010101101110001000000100001101100001011010110110010101110011001011000010000001100001011011100110111101110100011010000110010101110010001000000111011101100001011110010010111001011111
10000100110010101100001011101000010000001100101011010010110011101101000011101000010000001101111011101010110111001100011011001010111001100100000011011110110011000100000011000100111010101110100011101000110010101110010001011000010000001100001011011100110010000100000011011010110100101111000001000000111011101101001011101000110100000100000011101000111011101101111001000000111011101100101011011000110110000100000011000100110010101100001011101000110010101101110001000000110010101100111011001110111001100101100
1110011011101000111001001100001011010010110111001100101011001000011101100100000011011010110100101111000001000000110010101101001011001110110100001110100001000000110111101110101011011100110001101100101011100110010000001101111011001100010000001100100011100100110100101100101011001000010000001100110011011000110111101110101011100100010110000100000011000010110111001100100001000000111010001101000011001010010000001110011011000010110110101100101001000000110111101100110001000000110110001110101011011010111000000100000011100110111010101100111011000010111001000101100
11000010110111001100100001000000111010001101000011001010010000001100111011100100110000101110100011001010110010000100000011100100110100101101110011001000010000001101111011001100010000001100001001000000110110001100101011011010110111101101110001011000010000001110100011010000110010101101110001000000110000101100100011001000010000001110100011010000110010100100000011101110110100001101111011011000110010100100000011101000110111101100111011001010111010001101000011001010111001000101100001000000110000101101110011001000010000001100010011001010110000101110100
1100110011101010110110001101100001000000110100001100001011011000110011000100000011000010110111000100000011010000110111101110101011100100010000001110111011010010111010001101000001000000110000100100000011100110110100101101100011101100110010101110010001000000111001101110000011011110110111101101110001011100010000001000010011101010111010001110100011001010111001000100000011100110110110101100001011011000110110000100000011100000110000101110100011101000111100101110000011000010110111001110011001011000010000001101000011000010110110001100110
1100110011010010110110001101100001011000010000001100001011011100110010000100000011000100110000101101011011001010010000001110100011101110110010101101110011101000111100100100000011011010110100101101110011101010111010001100101011100110010000001101001011011100010000001100001001000000111000101110101011010010110001101101011001000000110111101110110011001010110111000101110
1011111010000010010000001000011011011110110110101101101011011110110111000100000010000110110000101101011011001010010111001011111
10011010110100101111000001000000111010001101000011100100110010101100101001000000111000101110101011000010111001001110100011001010111001001110011001000000110111101100110001000000110000100100000011100000110111101110101011011100110010000100000011011110110011000100000011001100110110001101111011101010111001000100000011101110110100101110100011010000010000001101000011000010110110001100110001000000110000100100000011100000110111101110101011011100110010000100000011011110110011000100000011000100111010101110100011101000110010101110010001011000010000001100110011011110111010101110010
1101111011101010110111001100011011001010111001100100000011011110110011000100000011100110111010101100111011000010111001000101100001000000110011001101111011101010111001000100000011001010110011101100111011100110010110000100000011010000110000101101100011001100010000001100001011011100010000001101111011101010110111001100011011001010010000001101111011001100010000001100011011000010111001001110010011000010111011101100001011110010111001100101100001000000110000101101110011001000010000001100001001000000110011101101100011000010111001101110011001000000110111101100110
1110010011000010110100101110011011010010110111000100000011101110110100101101110011001010010111000100000010000100110010101100001011101000010000001101001011101000010000001110111011001010110110001101100001011000010000001100001011011100110010000100000011000100110000101101011011001010010000001101001011101000010000001101001011011100010000001100001001000000111000101110101011010010110001101101011001000000110111101110110011001010110111000101110001000000100011001101001011011100110010100100000010011000110100101110011011000100110111101101110
111001101110101011001110110000101110010001000000111011101101001011011000110110000100000011001000110111100101110
1011111010100110110100001110010011001010111011101110011011000100111010101110010011110010010000001000011011000010110101101100101011100110010111001011111
10100110110100101100110011101000010000001101111011011100110010100100000011100000110111101110101011011100110010000100000011011110110011000100000011100110111010101100111011000010111001000101100001000000111001101101111011011010110010100100000011100000110111101110101011011100110010001100101011001000010000001100011011010010110111001101110011000