11100100010101000111010011000100100101000111010001010100111001000011010001010010110000100000010100110101010001010010010010010100001101010100
1001100010010010100000101000010010010010100110001001001010101000101100100101100001000000100001001010010010001010100000101000011010010000010000001001111010001100010000001010111010000010101001001010010010000010100111001010100010110010010000001001111010100100010000001000010010100100100010101000001010000110100100000100000010011110100011000100000010000110100111101001110010101000101001001000001010000110101010000100000010001010101100001000011010001010101000001010100001000000101010001001000010011110101001101000101
10100000101001001001111010101100100100101000100010001010100010000100000010010010100111000100000010100000100000101010010010000010100011101010010010000010101000001001000001000000011000100101110010001100010111000110011001011100010000001011001010011110101010100100000010000010100011101010010010001010100010100100000010101000100100001000001010101000010000001010100010010000100010100100000010001100100111101010101010011100100010001000001010101000100100101001111010011100010110000100000010101000100100001000101
10101000101001001000001010001000100010101001101010000010101001001001011001000000100111101010111010011100100010101010010001011000010000001000001010011100100010000100000010000010100111001011001001000000100010001001001010100110101010001010010010010010100001001010101010101000100111101010010001000000101010101001110010001000100010101010010001000000101010001001000010010010101001100100000010000010100011101010010010001010100010101001101010001010100111001010100001000000101011101001001010011000100110000100000010011100100111101010100001000000100001001000101
1001100010010010100000101000010010011000100010100100000010101000100111100100000010110010100111101010101001000000100011001001111010100100010000001000001010000110101010001010101010000010100110000101100001000000100010001001001010100100100010101000011010101000010110000100000010010010100111001000100010010010101001001000101010000110101010000101100001000000100001101001111010011100101001101000101010100010101010101000101010011100101010001001001010000010100110000101100001000000101000001010101010011100100100101010100010010010101011001000101001000000100111101010010
10010010100111001000011010010010100010001000101010011100101010001000001010011000010000001000100010000010100110101000001010001110100010101010011001000000100010101010110010001010100111000100000010010010100011000100000010110010100111101010101001000000100011101001001010101100100010100100000010011100100111101010100010010010100001101000101001000000100111101000110001000000101010001001000010001010010000001010000010011110101001101010011010010010100001001001001010011000100100101010100010110010010000001001111010001100010000001010011010101010100001101001000
1000100010000010100110101000001010001110100010100101110
11000100101110010001100010111000110011001011100010000001001100010010010100110101001001010101000100010101000100001000000101001001001001010001110100100001010100001000000100111101000110001000000101001001000101010100000100110001000001010000110100010101001101010001010100111001010100001000000100111101010010001000000101001001000101010001100101010101001110010001000010000000101101001000000100100101100110001000000111100101101111011101010010000001100100011010010111001101100011011011110111011001100101011100100010000001100001
1100100011001010110011001100101011000110111010000100000011010010110111000100000011101000110100001101001011100110010000001100101011011000110010101100011011101000111001001101111011011100110100101100011001000000111011101101111011100100110101100100000011101110110100101110100011010000110100101101110001000000011100100110000001000000110010001100001011110010111001100100000011011110110011000100000011100100110010101100011011001010110100101110110011010010110111001100111001000000110100101110100001011000010000001111001011011110111010100100000011000110110000101101110
1110010011001010110001101100101011010010111011001100101001000000110000100100000011100100110010101100110011101010110111001100100001000000110111101100110001000000111010001101000011001010010000001101101011011110110111001100101011110010010000000101000011010010110011000100000011000010110111001111001001010010010000001111001011011110111010100100000011100000110000101101001011001000010000001100110011011110111001000100000011010010111010000100000011000100111100100100000011100110110010101101110011001000110100101101110011001110010000001100001
111011101110010011010010111010001110100011001010110111000100000011001010111100001110000011011000110000101101110011000010111010001101001011011110110111000100000011101000110111100100000011101000110100001100101001000000111000001100101011100100111001101101111011011100010000001111001011011110111010100100000011100100110010101100011011001010110100101110110011001010110010000100000011101000110100001100101001000000111011101101111011100100110101100100000011001100111001001101111011011010010111000100000010010010110011000100000011110010110111101110101
11100100110010101100011011001010110100101110110011001010110010000100000011101000110100001100101001000000111011101101111011100100110101100100000011011110110111000100000011000010010000001110000011010000111100101110011011010010110001101100001011011000010000001101101011001010110010001101001011101010110110100101100001000000111100101101111011101010010000001101101011101010111001101110100001000000111001001100101011101000111010101110010011011100010000001110100011010000110010100100000011011010110010101100100011010010111010101101101
11101110110100101110100011010000010000001111001011011110111010101110010001000000111011101110010011010010111010001110100011001010110111000100000011001010111100001110000011011000110000101101110011000010111010001101001011011110110111000101110001000000101010001101000011001010010000001110000011001010111001001110011011011110110111000100000011011110111001000100000011001010110111001110100011010010111010001111001001000000111010001101000011000010111010000100000011100000111001001101111011101100110100101100100011001010110010000100000011110010110111101110101
11101110110100101110100011010000010000001110100011010000110010100100000011001000110010101100110011001010110001101110100011010010111011001100101001000000111011101101111011100100110101100100000011011010110000101111001001000000110010101101100011001010110001101110100001000000111010001101111001000000111000001110010011011110111011001101001011001000110010100100000011000010010000001110010011001010111000001101100011000010110001101100101011011010110010101101110011101000010000001100011011011110111000001111001001000000110100101101110
11011000110100101100101011101010010000001101111011001100010000001100001001000000111001001100101011001100111010101101110011001000010111000100000010010010110011000100000011110010110111101110101001000000111001001100101011000110110010101101001011101100110010101100100001000000111010001101000011001010010000001110111011011110111001001101011001000000110010101101100011001010110001101110100011100100110111101101110011010010110001101100001011011000110110001111001001011000010000001110100011010000110010100100000011100000110010101110010011100110110111101101110
1101111011100100010000001100101011011100111010001101001011101000111100100100000011100000111001001101111011101100110100101100100011010010110111001100111001000000110100101110100001000000111010001101111001000000111100101101111011101010010000001101101011000010111100100100000011000110110100001101111011011110111001101100101001000000111010001101111001000000110011101101001011101100110010100100000011110010110111101110101001000000110000100100000011100110110010101100011011011110110111001100100
1101111011100000111000001101111011100100111010001110101011011100110100101110100011110010010000001110100011011110010000001110010011001010110001101100101011010010111011001100101001000000111010001101000011001010010000001110111011011110111001001101011001000000110010101101100011001010110001101110100011100100110111101101110011010010110001101100001011011000110110001111001001000000110100101101110001000000110110001101001011001010111010100100000011011110110011000100000011000010010000001110010011001010110011001110101011011100110010000101110001000000100100101100110
11101000110100001100101001000000111001101100101011000110110111101101110011001000010000001100011011011110111000001111001001000000110100101110011001000000110000101101100011100110110111100100000011001000110010101100110011001010110001101110100011010010111011001100101001011000010000001111001011011110111010100100000011011010110000101111001001000000110010001100101011011010110000101101110011001000010000001100001001000000111001001100101011001100111010101101110011001000010000001101001011011100010000001110111011100100110100101110100011010010110111001100111
1110111011010010111010001101000011011110111010101110100001000000110011001110101011100100111010001101000011001010111001000100000011011110111000001110000011011110111001001110100011101010110111001101001011101000110100101100101011100110010000001110100011011110010000001100110011010010111100000100000011101000110100001100101001000000111000001110010011011110110001001101100011001010110110100101110
110001001011100100011000101110001101000010111000100000010001010111100001100011011001010111000001110100001000000110011001101111011100100010000001110100011010000110010100100000011011000110100101101101011010010111010001100101011001000010000001110010011010010110011101101000011101000010000001101111011001100010000001110010011001010111000001101100011000010110001101100101011011010110010101101110011101000010000001101111011100100010000001110010011001010110011001110101011011100110010000100000011100110110010101110100001000000110011001101111011100100111010001101000
1101001011011100010000001110000011000010111001001100001011001110111001001100001011100000110100000100000001100010010111001000110001011100011001100101100001000000111010001101000011010010111001100100000011101110110111101110010011010110010000001101001011100110010000001110000011100100110111101110110011010010110010001100101011001000010000001110100011011110010000001111001011011110111010100100000001001110100000101010011001011010100100101010011001001110010110000100000010101110100100101010100010010