0101101101011011110110111000101100001000000110000101101110011001000010000001100001001000000110111001110101011101000110110101100101011001110010000001100111011100100110000101110100011001010110010000101100
1101001011011100111010001101111001000000111010001101000011100100110010101100101001000000111000001101111011101010110111001100100011100110010000001101111011001100010000001100110011011000110111101110101011100100010110000100000011101000110100001100101001000000110011001101001011011100110010101110011011101000010000001110011011011110111001001110100001110110010000001100001011001000110010000100000011000010010000001101100011010010111010001110100011011000110010100100000011100100110111101110011011001010111011101100001011101000110010101110010001000000111010001101111
111010001101000011100100110010101100101001000000110010101100111011001110111001100101100001000000111011101100101011011000110110000100000011000100110010101100001011101000110010101101110001011000010000001100001011011100110010000100000011011010110100101111000001000000111010001101000011001010111001101100101001000000111011101101001011101000110100000100000011101000110100001100101001000000110011001101100011011110111010101110010001011000010000000100110011000110010111000100000011101000110100001100101011011100010000001110000011011110111010101110010
1101001011011100111010001101111001000000110100101110100001000000110000101110011001000000110110101110101011000110110100000100000011000100111010101110100011101000110010101110010001000000110110101100101011011000111010001100101011001000010000001100001011100110010000001110111011010010110110001101100001000000110110101100001011010110110010100100000011010010111010000100000011000010010000001100111011011110110111101100100001000000111010001101000011010010110001101101011011011100110010101110011011100110010000001110100011011110010000001110010011011110110110001101100
1101111011101010111010000101110
1001101011011110111010101101100011001000010000001101001011101000010000001110111011001010110110001101100001011000010000001100001011011100110010000100000011100100110111101101100011011000010000001110100011010000110100101101110001011000010000001100001011011100110010000100000011000110111010101110100001000000110100101110100001000000110100101101110011101000110111100100000011100110111010101100011011010000010000001110011011010000110000101110000011001010111001100100000011000010111001100100000011110010110111101110101001000000110110001101001011010110110010100101110
10111110100110001101001011101000111010001101100011001010010000001110111011010000110100101110100011001010010000001000011011000010110101101100101011100110010111001011111
100010001110010011110010010000001101000011000010110110001100110001000000110000100100000011100000110111101110101011011100110010000100000011011110110011000100000011001100110110001101111011101010111001000101100001000000111001001110101011000100010000001101001011011100111010001101111001000000110100101110100001000000110000100100000011101100110010101110010011110010010000001101100011010010111010001110100011011000110010100100000011100000110111101110101011011100110010001100101011001000010000001110011011101010110011101100001011100100010110000100000011011110110111001100101
11011110111010101101110011000110110010100100000011011110110011000100000011000100111010101110100011101000110010101110010001011000010000001101111011011100110010100100000011001010110011101100111001011000010000001100001001000000110011001100101011101110010000001100011011000010111001001110010011000010111011101100001011110010111001100101100001000000110000101101110011001000010000001100001011100110010000001101101011101010110001101101000001000000110110101101001011011000110101100100000011000010110111001100100001000000111011101100001011101000110010101110010001000000110000101110011
11101000110111100100000011011010110000101101011011001010010000001100001001000000111000001100001011100110111010001100101001110110010000001110010011011110110110001101100001000000110100101110100001000000111010001101000011010010110111000101100001000000110000101101110011001000010000001100011011101010111010000100000011010010111010000100000011101110110100101110100011010000010000001110100011010000110010100100000011101000110111101110000001000000110111101100110001000000110000100100000011000110110000101101110011011100110100101110011011101000110010101110010001000000110111101110010
11001110110110001100001011100110111001100101110001000000100001001100001011010110110010100100000011001100110100101100110011101000110010101100101011011100010000001101101011010010110111001110101011101000110010101110011001000000110111101101110001000000111010001101001011011100010000001110000011011000110000101110100011001010111001100101110
10111110101010001100101011000010010000001000011011000010110101101100101011100110010111001011111
101001001110101011000100010000001100110011010010110111001100101001000000110011001101111011101010111001000100000011011110111010101101110011000110110010101110011001000000110111101100110001000000110001001110101011101000111010001100101011100100010000001101001011011100111010001101111001000000110010101101001011001110110100001110100001000000110111101110101011011100110001101100101011100110010000001101111011001100010000001100110011011000110111101110101011100100011101100100000011011010110100101111000001000000110010101101001011001110110100001110100
1101111011101010110111001100011011001010111001100100000011011110110011000100000011000110111010101110010011100100110000101101110011101000111001100101100001000000110000101101110011001000010000001110011011010010111100000100000011011110110011000100000011001100110100101101110011001010010000001001100011010010111001101100010011011110110111000100000011100110111010101100111011000010111001000101100001000000111010001110111011011110010000001111001011001010110110001101011011100110010000001100001011011100110010000100000011011110110111001100101
11101110110100001101001011101000110010100100000011011110110011000100000011001010110011101100111011100110010110000100000011000010110111001100100001000000110000100100000011100110111000001101111011011110110111001100110011101010110110000100000011011110110011000100000011000100111001001100001011011100110010001111001001011100010000001010010011011110110110001101100001000000111010001101000011001010010000001110000011000010111001101110100011001010010000001110100011010000110010100100000011101000110100001101001011000110110101101101110011001010111001101110011001000000110111101100110
1100001011011100010000001001111011011000110100101110110011001010111001000100000011000100110100101110011011000110111010101101001011101000010110000100000011000010110111001100100001000000110001101110101011101000010000001110111011010010111010001101000001000000110000100100000011101110110100101101110011001010110011101101100011000010111001101110011001011100010000001011001011011110111010100100000011011010110000101111001001000000110001001100101011000010111010000100000011101000110100001100101001000000110111101110100011010000110010101110010
1110111011010000110100101110100011001010010110000100000011000010110111001100100001000000111011101100001011100110110100000100000011011110111011001100101011100100010000001110100011010000110010101101101001110110010000001100001011011100110010000100000011001010110100101110100011010000110010101110010001000000110010001110101011100110111010000100000011100110111010101100111011000010111001000101100001000000110111101110010001000000110111001101111011101000010110000100000011000010111001100100000011110010110111101110101001000000110110001101001011010110110010100101110
10111110100110001101001011101000111010001101100011001010010000001110011011010000110111101110010011101000010000001000011011000010110101101100101011100110010111001011111
10100100111010101100010001000000110100101101110011101000110111100100000011000010010000001110000011011110111010101101110011001000010000001101111011001100010000001100100011100100110100101100101011001000010000001100110011011000110111101110101011100100010000001100110011011110111010101110010001000000110111101110101011011100110001101100101011100110010000001101111011001100010000001100010011101010111010001110100011001010111001000101100001000000110011001101111011101010111001000100000011011110111010101101110011000110110010101110011001000000110111101100110
11101110110100001101001011101000110010100100000011100000110111101110111011001000110010101110010001000000111001101110101011001110110000101110010001011000010000001101111011011100110010100100000011001010110011101100111001011000010000001100001011011100110010000100000011000010010000001110011011100000110111101101111011011100110011001110101011011000010000001101111011100100010000001110100011101110110111100100000011011110110011000100000011101000110100001101001011011100010000001100011011100100110010101100001011011010010000001110100011011110010000001101101011000010110101101100101
11010010110111001110100011011110010000001100001001000000111000001100001011100110111010001100101001011100010000001010111011010000110010101101110001000000110110101101001011110000110010101100100001011000010000001110000011101010111010000100000011000110111010101110010011100100110000101101110011101000111001100100000011010010110111001110100011011110010000001101111011011100110010100100000011010000110000101101100011001100010110000100000011000010110111001100100001000000110001101100001011100100111001001100001011101110110000101111001011100110010000001101001011011100111010001101111
111010001101000011001010010000001110010011001010111001101110100001011100010000001000011011101010111010000100000011101000110100001100101011011010010000001100001011100110010000001100010011001010110011001101111011100100110010100101100001000000110000101101110011001000010000001100010011000010110101101100101001000000110111101101110001000000111010001101001011011100111001100101110
10111110101011001100101011100100111100100100000011001110110111101101111011001000010000001100011011011110110110101101101011011110110111000100000010100000110110001110101011011010010000001000011011000010110101101100101011100110010111001011111
10011010110100101111000001000000110011001101001011101100110010100100000011011110111010101101110011000110110010101110011001000000110111101100110001000000110001001110101011101000111010001100101011100100010000001101001011011