0110101100101011011000111100100100000011101110110010101101100011011000010000001100011011011000110010101100001011011100110010101100100001000000110001001100101011001100110111101110010011001010010000001101001011101000010000001100010011001010010000001100100011100100110010101110011011100110110010101100100001000000110000101110011001000000110100001100101011100100110010101100001011001100111010001100101011100100010000001100100011010010111001001100101011000110111010001100101011001000011101000100000011000010110111001100100
111010001101000011001010010000001110100011011110110111001100111011101010110010100100000011011000110000101101001011001000010000001101001011011100010000001110011011000010110110001110100001000000110011001101111011100100010000001100001001000000110010001100001011110010010000001100001011011100110010000100000011011100110100101100111011010000111010000100000011000100110010101100110011011110111001001100101001000000111000001101001011000110110101101101100011001010110010000101110
100011101110010011001010110000101110100001000000110000101110100011101000110010101101110011101000110100101101111011011100010000001101001011100110010000001110010011001010111000101110101011010010111001101101001011101000110010100100000011010010110111000100000011100110110000101101100011101000110100101101110011001110010000001101101011001010110000101110100001110110010000001100001011011100110010000100000011010010110111000100000011101000110100001100101001000000110001101101111011101010110111001110100011100100111100100101100001000000111011101101000011001010111001001100101
110011101110010011001010110000101110100001000000111000101110101011000010110111001110100011010010111010001101001011001010111001100100000011000010111001001100101001000000110001101110101011100100110010101100100001011000010000001101001011101000010000001101001011100110010000001101111011001100010000001110011011101000110100101101100011011000010000001101101011011110111001001100101001000000110100101101101011100000110111101110010011101000110000101101110011000110110010100101110001000000100001001100101011001010110011000100000011000010110111001100100
1110000011011110111001001101011001000000111001101101000011011110111010101101100011001000010000001100010011001010010000001110111011001010110110001101100001000000111001101110000011100100110100101101110011010110110110001100101011001000010110000100000011000010110111001100100001000000110000100100000011001100110010101110111001000000110100001101111011101010111001001110011001000000110000101100110011101000110010101110010001000000110100001110101011011100110011100100000011101000110111100100000011001000111001001100001011010010110111000101100
110001001100101011001100110111101110010011001010010000001101001011101000010000001100010011001010010000001110010011101010110001001100010011001010110010000100000011101110110100101110100011010000010000001110100011010000110010100100000011100000111001001100101011100110110010101110010011101100110100101101110011001110010000001110011011000010110110001110100011100110011101100100000011101110110100001101001011000110110100000100000011011010110111101100100011001010010110000100000011000100111100100100000011000110110110001100101011000010110111001110011011010010110111001100111
11101000110100001100101001000000110110101100101011000010111010000100000011001100111001001101111011011010010000001110100011010000110010100100000011000100110110001101111011011110110010000101100001000000111010001100101011011100110010001110011001000000111010001101111001000000110101101100101011001010111000000100000011010010111010000100000011001100111001001101111011011010010000001110100011000010111001101110100011010010110111001100111001000000111001101110100011100100110111101101110011001110010111000100000010010010111010000100000011100110110100001101111011101010110110001100100
11000100110010100100000011101000111010101110010011011100110010101100100001000000110010001100001011010010110110001111001001011000010000001100001011011100110010000100000011010010110011000100000011101110110000101101110011101000110010101100100001000000111001101101111011011110110111000101100001000000111001001110101011000100110001001100101011001000010111000100000010000010010000001110011011000010110110001110100011010010110111001100111001000000111010001110101011000100010110000100000011011110111001000100000011011000110010101100001011001000010110000100000011011010110000101111001
11000100110010100100000011101010111001101100101011001000010110000100000011000010110111001100100001000000110000100100000011000110110111101110110011001010111001000100000011100110110100001101111011101010110110001100100001000000110011001101001011101000010000001100011011011000110111101110011011001010010111000100000010101000110100001101111011100110110010100100000011101110110100001101111001000000111010101110011011001010010000001100001001000000110011101101111011011110110010000100000011001000110010101100001011011000010000001101111011001100010000001110011011000010110110001110100
110110101100101011000010111010000100000011101110110100101101100011011000010000001100110011010010110111001100100001000000110100101110100001000000110000101101110011100110111011101100101011100100010000001110111011001010110110001101100001000000111010001101111001000000110001001101111011010010110110000100000011101010111000000100000011101000110100001100101001000000111000001101001011000110110101101101100011001010010110000100000011100110110101101101001011011010010110000100000011000010110111001100100001011000010000001110111011010000110010101101110
110001101101111011011000110010000101100001000000111000001101111011101010111001000100000011010010111010000100000011011110111011001100101011100100010000001101101011001010110000101110100001000000111010001101000011000010111010000100000011010000110000101110011001000000110001001100101011001010110111000100000011100110111000001110010011010010110111001101011011011000110010101100100001000000110000101101110011001000010000001100100011100100110000101101001011011100110010101100100001011100010000001010011011000010110110001110100001000000110100101110011001000000111001101101111
1100111011100100110010101100001011101000110110001111001001000000110100101101110011000110111001001100101011000010111001101100101011001000010000001101001011011100010000001110000011100100110100101100011011001010010110000100000011001100111001001101111011011010010000001110100011010000110010100100000011010000110010101100001011101100111100100100000011001000111010101110100011010010110010101110011001011000010000001100001011100110010000001110100011011110010000001110010011001010111000101110101011010010111001001100101
11000010110010001100100011010010111010001101001011011110110111001100001011011000010000001100011011000010111001001100101001011000010000001100001011011100110010000100000011101000110100001100101001000000110001001110010011010010110111001100101001000000110111101110101011001110110100001110100001000000110111001101111011101000010000001110100011011110010000001100010011001010010000001110100011010000111001001101111011101110110111000100000011000010111011101100001011110010010110000100000011000010111001100100000011010010111001100100000011101000110100001100101
111000001110010011000010110001101110100011010010110001101100101001000000110111101100110001000000111001101101111011011010110010100101100001000000110000101100110011101000110010101110010001000000110111101101110011000110110010100100000011101010111001101101001011011100110011100101110
10010010110111000100000011100110110111101101101011001010010000001100110011000010110110101101001011011000110100101100101011100110010000001100111011100100110010101100001011101000010000001101100011011110111001101110011001000000110100101110011001000000111001101110101011100110111010001100001011010010110111001100101011001000010000001100010011110010010000001110100011010000110010100100000011100110111000001101111011010010110110001101001011011100110011100100000011011110110011000100000011011010110010101100001011101000010111000100000010101000110100001100101
11000100110010101110011011101000010000001101101011011110110010001100101001000000111010001101111001000000110101101100101011001010111000000100000011101000110100001100001011101000010000001110111011010000110100101100011011010000010000001101001011100110010000001110100011011110010000001100010011001010010000001100101011000010111010001100101011011100010000001110101011011100111001101100001011011000111010001100101011001000010000001101001011100110010110000100000011000010111001100100000011000100110010101100110011011110111001001100101
11001000110100101110010011001010110001101110100011001010110010000101100001000000111010001101111001000000110010101111000011000010110110101101001011011100110010100100000011010010111010000100000011101110110010101101100011011000011101100100000011101110110100101110000011001010010000001101001011101000010000001100100011000010110100101101100011110010010110000100000011000010110111001100100001000000111000001101111011101010110111001100100001000000111001101101111011011010110010100100000011000110110100001100001011100100110001101101111011000010110110000101100
1100001011011100110010000100000011101000110100001110010011011110111011100100000011011110111011001100101011100100010000001101001011101000010111000100000010010010110011000100000011011010110010101100001011101000010000001101001011100110010000001100010011100100110111101110101011001110110100001110100001000000110011001110010011011110110110100100000011000010010000001100100011010010111001101110100011000010110111001100011011001010010000001101001011011100010000001110111011000010111001001101101001000000111011101100101011000010111010001101000011001010111001000101100
1110100011010000110010100100000011000100111010101110100011000110110100001100101011100100010000001110011011010000110111101110101011011000110010000100000011000100110010100100000011000110110100001100001011100100110011101100101011001000010000001110100011011110010000001100011011011110111011001100101011100100010000001101001011101000010000001100011011011000110111101110011011001010010110000100000011000010110111001100100001000000110001001110010011010010110111001100111001000000110100101110100001000000110010101100001011100100110110001111001001000000110100101101110
11101000110100001100101001000000110110101101111011100100110111001101001011011100110011100111011001