00101100111011010000111010000101100001000000110111101110010001000000100011101100101011100100110110101100001011011100010000001010000011101010110010001100100011010010110111001100111011100110010111001011111
10011010110010101101100011101000010000001110100011010000111001001100101011001010010000001101111011101010110111001100011011001010111001100100000011011110110011000100000011000100111010101110100011101000110010101110010001000000110100101101110001000000110000100100000011100000110100101101110011101000010000001101111011001100010000001100011011100100110010101100001011011010011101100100000011011000110010101110100001000000110100101110100001000000111001101110100011000010110111001100100001000000111010001101001011011000110110000100000011011100110010101100001011100100110110001111001
1100011011011110110110001100100001011000010000001110100011010000110010101101110001000000110110101101001011110000010000001110100011101110110111100100000011011110111010101101110011000110110010101110011001000000110111101100110001000000110011001101001011011100110010100100000011001100110110001101111011101010111001000101100001000000110000101101110011001000010000001110100011101110110111100100000011011110111010101101110011000110110010101110011001000000110111101100110001000000111001101110101011001110110000101110010001011000010000001100110011011110111010101110010
111100101100101011011000110101101110011001000000110000101101110011001000010000001110100011101110110111100100000011101110110100001101001011101000110010101110011001000000110111101100110001000000110010101100111011001110111001100101100001000000110000101101110011001000010000001100001001000000110110001101001011101000111010001101100011001010010000001110010011011110111001101100101001000000110111101110010001000000110111101110010011000010110111001100111011001010010000001100110011011000110111101110111011001010111001000100000011101110110000101110100011001010111001000101110
1000010011000010110101101100101001000000110100101101110001000000110110001101001011101000111010001101100011001010010000001100011011101010111000001110011001011000010000001100010011101010111010001110100011001010111001001100101011001000010110000100000011010000110000101101100011001100010000001100001011011100010000001101000011011110111010101110010001011100010000001010100011010000110010101111001001000000111001101101000011011110111010101101100011001000010000001100010011001010010000001110011011001010111001001110110011001010110010000100000011101000110100001100101
110110101101111011011010110010101101110011101000010000001110100011010000110010101111001001000000110000101110010011001010010000001100100011011110110111001100101001011000010000001100001011011100110010000100000011011110110111001101100011110010010000001110111011010000110010101101110001000000110011101101111011010010110111001100111001000000111010001101111001000000110001001100101001000000110010101100001011101000110010101101110001011000010000001101111011100100010000001110100011010000110010101111001001000000111011101101001011011000110110000100000011011100110111101110100
11000100110010100100000011011000110100101100111011010000111010000101110
1010100011101010111001001101110001000000110111101110101011101000010000001101111011001100010000001110100011010000110010100100000011000110111010101110000011100110010110000100000011000010110111001100100001000000111001101100101011100100111011001100101001000000111011101101001011101000110100000100000011101110110100001101001011101000110010100100000011101110110100101101110011001010010000001100001011011100110010000100000011100110111010101100111011000010111001000101110
10111110100110001101001011101000111010001101100011001010010000001000010011100100110010101100001011001000010000001010000011101010110010001100100011010010110111001100111011100110010111001011111
1010011011101000110010101100101011100000010000001110100011010000110010100100000011000110111001001110101011011010110001001110011001000000110111101100110001000000110000100100000011100000110010101101110011011100111100100100000011011000110111101100001011001100010000001101001011011100010000001100001011000100110111101110101011101000010000001100001001000000111000001101001011011100111010000100000011011110110011000100000011101110110000101110010011011010010000001101101011010010110110001101011001110100010000001110111011010000110010101101110
11100110110111101100001011010110110010101100100001011000010000001100010011001010110000101110100001000000111001101101001011110000010000001100101011001110110011101110011001011000010000001110111011010000110100101110100011001010111001100100000011000010110111001100100001000000111100101100101011011000110101101110011001011000010000001100001011011100110010000100000011011010110100101111000001000000111011101101001011101000110100000100000011101000110100001100101001000000110001001110010011001010110000101100100001011000010000001100001011011100110010000100000011101000111011101101111
11011110111010101101110011000110110010101110011001000000110111101100110001000000110001001110101011101000111010001100101011100100010000001110111011000010111001001101101011001010110010000101100001000000111001101110101011001110110000101110010001011000010000001101111011100100110000101101110011001110110010100100000011001100110110001101111011101110110010101110010001000000111011101100001011101000110010101110010001011000010000001100001001000000111001101110000011011110110111101101110011001100111010101101100001000000110111101100110
11000100111001001100001011011100110010001111001001011000010000001100001001000000110110001101001011101000111010001101100011001010010000001101110011101010111010001101101011001010110011100101100001000000110000101101110011001000010000001100001001000000111010001100101011000010110001101110101011100000110011001110101011011000010000001101111011001100010000001100011011100100110010101100001011011010010111000100000010000100110010101100001011101000010000001100001011011000110110000100000011101110110010101101100011011000010110000100000011000010110111001100100
1100010011000010110101101100101001000000110100101101110001000000111010001100101011000010110001101110101011100000111001100100000011000100111010101110100011101000110010101110010011001010110010000101110001000000100100101100110001000000110001101110101011100100111001001100001011011100111010001110011001000000110000101110010011001010010000001100011011010000110111101110011011001010110111000101100001000000110000100100000011100010111010101100001011100100111010001100101011100100010000001101111011001100010000001100001001000000111000001101111011101010110111001100100
1101001011100110010000001110011011101010110011001100110011010010110001101101001011001010110111001110100001110110010000001101001011001100010000001101110011011110111010000101100001000000111010001101000011001010111100100100000011000010111001001100101001000000110011101101111011011110110010000100000011101110110100101110100011010000110111101110101011101000011101100100000011011110111001000100000011110010110111101110101001000000110110101100001011110010010000001110000011101010111010000100000011011110111001001100001011011100110011101100101001000000110111101110010
110110001100101011011010110111101101110001000000110001101100001011011100110010001111001001011100010000001010011011001010111001001110110011001010010000001110111011010010111010001101000001000000111000001110101011001000110010001101001011011100110011100100000011100110110000101110101011000110110010100101110
101111101010000011101010110010001100100011010010110111001100111011100110010000001101001011011100010000001101000011000010111001101110100011001010010111001011111
10100110110100001110010011001010110010000100000011100110111010101100101011101000010110000100000011000010110111001100100001000000111000001110101011101000010000001110111011010010111010001101000001000000110011101110010011000010111010001100101011001000010000001100010011100100110010101100001011001000010110000100000011000010010000001100110011001010111011100100000011000110111010101110010011100100110000101101110011101000111001100101100001000000111010001101000011001010010000001111001011001010110110001101011011100110010000001101111011001100010000001100110011011110111010101110010
11001010110011101100111011100110010110000100000011000010110111001100100001000000111010001101000011001010010000001110111011010000110100101110100011001010111001100100000011011110110011000100000011101000111011101101111001011000010000001110011011011110110110101100101001000000110011101110010011000010111010001100101011001000010000001101100011001010110110101101111011011100111000001100101011001010110110000101100001000000110000101101110011001000010000001100111011010010110111001100111011001010111001000101110001000000100110101101001011110000010110000100000011000010110111001100100
11011010110000101101011011001010010000001101001011011100111010001101111001000000110110001101001011101000111010001101100011001010010000001100010011000010110110001101100011100110010000001100001011000100110111101110101011101000010000001110100011010000110010100100000011100110110100101111010011001010010000001100001011011100110010000100000011100110110100001100001011100000110010100100000011011110110011000100000011000010110111000100000011001010110011101100111001011000010000001110111011010010111010001101000001000000110000100100000011011000110100101110100011101000110110001100101
11001100110110001101111011101010111001000101110
10010000110000101110110011001010010000001110010011001010110000101100100011110010010000001100001001000000111001101101011011001010110110001101100011001010111010000100000011011110110011000100000011000100110111101101001011011000110100101101110011001110010000001110111011000010111010001100101011100100010110000100000011000010110111001100100001000000111010001101000011100100110111101110111001000000111010001101000011001010110110100100000011010010110111000101110001000000101010001110111011001010110111001110100011110010010000001101101011010010110111001110101011101000110010101110011
111011101101001011011000110110000100000011000100110111101101001011011000010000001110100011010000110010101101101001110110010000001100010011101010111010000100000011101000110100001100101011110010010000001110111011010010110110001101100001000000111001001101001011100110110010100100000011101000110111100100000011101000110100001100101001000000111010001101