100001011011100110010000100000011000010110110001101100011011110111011100100000011000010010000001110001011101010110000101110010011101000110010101110010001000000110111101100110001000000110000101101110001000000110100001101111011101010111001000100000011101000110111100100000011001010110000101100011011010000010000001110000011011110111010101101110011001000010110000100000011000010110111001100100001000000110000101100010011011110111010101110100
1110100011101110110010101101110011101000111100100100000011011010110100101101110011101010111010001100101011100110010000001101111011101100110010101110010001011100010000001001001011001100010000001100110011011110111001000100000011100100110111101100001011100110111010001101001011011100110011100101100001000000110100101110100001000000111001101101000011011110111010101101100011001000010000001100010011001010010000001110000011101010111010000100000011000010111010000100000011000010010000001100111011011110110111101100100
11001000110100101110011011101000110000101101110011000110110010100100000011001100111001001101111011011010010000001110100011010000110010100100000011001100110100101110010011001010010110000100000011000010110111001100100001000000110001001110010011011110111010101100111011010000111010000100000011001110111001001100001011001000111010101100001011011000110110001111001001000000110111001100101011000010111001001100101011100100010000001110111011010000110010101101110001000000111010001101000011001010010000001101001011011100110111001100101011100100010000001110000011000010111001001110100
1100010011001010110001101101111011011010110010101110011001000000110100001101111011101000010110000100000011101110110100001101001011000110110100000100000011101110110100101101100011011000010000001110000011100100110010101110110011001010110111001110100001000000110100101110100011100110010000001100010011001010110100101101110011001110010000001110011011000110110111101110010011000110110100001100101011001000010000001110111011010000110100101101100011001010010000001111001011001010111010000100000011100100110000101110111001011100010000001001101011001010110000101110100
111001101101000011011110111010101101100011001000010000001100010011001010010000001101101011101010110001101101000001000000110001001100001011100110111010001100101011001000010110000100000011000010110111001100100001000000111011101101000011001010110111000100000011011100110010101100001011100100110110001111001001000000110010001101111011011100110010100101100001000000110011001101100011011110111010101110010011001010110010000100000011101000110111100100000011011010110000101101011011001010010000001101001011101000010000001101100011011110110111101101011
110011001110010011011110111010001101000011001010110010000101110
101011001100101011000010110110000100000011000010110111001100100001000000110110101110101011101000111010001101111011011100010000001110011011010000110111101110101011011000110010000100000011010000110000101110110011001010010000001100001001000000110110001101001011101000111010001101100011001010010000001110000011000010111000001100101011100100010000001110000011101010111010000100000011011110111011001100101011100100010000001110100011010000110010100100000011001100110000101110100001000000111010001101111001000000111000001110010011001010111001101100101011100100111011001100101
11010010111010000101110001000000100100101100110001000000110111001101111011101000010000001100110011000010111010000100000011001010110111001101111011101010110011101101000001000000111010001101111001000000110000101101100011011000110111101110111001000000110011001101111011100100010000001100010011000010111001101110100011010010110111001100111001011000010000001100001001000000110110001101001011101000111010001101100011001010010000001100111011011110110111101100100001000000110010001110010011010010111000001110000011010010110111001100111
110000101101110011100110111011101100101011100100111001100100000011000010111001100100000011101110110010101101100011011000010000001100001011100110010000001100010011101010111010001110100011001010111001000101110
101010001101000011001010010000001100011011011110110111101101011001000000111001101101000011011110111010101101100011001000010000001100010011001010010000001100011011000010111001001100101011001100111010101101100001000000111010001101111001000000111001101110000011010010111010000100000011011010110010101100001011101000010000001110011011011110010000001100001011100110010000001101110011011110111010000100000011101000110111100100000011100100111010101101110001000000111010001101000011001010010000001110011011100000110100101110100
111010001101000011100100110111101110101011001110110100000100000011101000110100001100101001000000110001001100101011100110111010000100000011100000110000101110010011101000111001100111011001000000110000101101110011001000010000001110011011010000110010100100000011100110110100001101111011101010110110001100100001000000110111101100010011100110110010101110010011101100110010100100000011101000110100001100001011101000010000001101000011001010111001000100000011100110111000001101001011101000010000001100010011001010010000001110111011001010110110001101100
11000110110110001100101011000010110111001100101011001000010000001100010011001010110011001101111011100100110010100101100001000000110000101101110011001000010000001110111011010000110010101101110001000000111001101101000011001010010000001101001011100110010000001100111011011110110100101101110011001110010000001110100011011110010000001110011011001010111001001110110011001010010110000100000011011110111001000100000011000010010000001100010011011000110000101100011011010110010000001110011011101000110000101101001011011100010000001100001011100000111000001100101011000010111001001110011
1101111011011100010000001110100011010000110010100100000011011010110010101100001011101000010111000100000010010010110111000100000011011010110000101101110011110010010000001101010011011110110100101101110011101000111001100100000011101000110100001100101001000000111001101110000011010010111010000100000011101110110100101101100011011000010000001110000011000010111001101110011001000000110100101101110011101000110111100100000011101000110100001100101001000000110001001101111011011100110010101110011001011000010000001100001011011100110010000100000011100100111010101101110
11000010110110001101111011011100110011100100000011101000110100001100101011011010010000001100110011011110111001000100000011100110110111101101101011001010010000001100100011010010111001101110100011000010110111001100011011001010010110000100000011100110110111100100000011000010111001100100000011011100110111101110100001000000111010001101111001000000110100101101110011010100111010101110010011001010010000001110100011010000110010100100000011100000111001001101001011011010110010100100000011011110110011000100000011101000110100001100101001000000110110101100101011000010111010000111011
11000010110111001100100001000000111001101101000011001010010000001110011011010000110111101110101011011000110010000100000011010000110000101110110011001010010000001101100011001010110000101100100011001010110111000100000011100110110101101100101011101110110010101110010011100110010000001110100011011110010000001100101011011100110000101100010011011000110010100100000011010000110010101110010001000000111010001101111001000000110001001100001011011000110000101101110011000110110010100100000011010010111010000111011001000000110011001101111011100100010000001110111011000010110111001110100
110111101100110001000000111011101101000011010010110001101101000001011000010000001101001011001110110111001101111011100100110000101101110011101000010000001110011011001010111001001110110011000010110111001110100011100110010000001101111011001100111010001100101011011100010000001100001011100100110010100100000011001100110111101101001011011000110010101100100001000000110100101101110001000000111010001101000011001010010000001110100011010010110110101100101001000000110111101100110001000000111001101100101011100100111011001101001011011100110011100101110
1001001011011100010000001110010011011110110000101110011011101000110100101101110011001110010000001101101011001010110000101110100001011000010000001101001011101000010000001101001011100110010000001100001001000000111011001100101011100100111100100100000011001110110111101101111011001000010000001110111011000010111100100100000011101000110111100100000011100000111010101110100001000000110000100100000011011000110100101110100011101000110110001100101001000000111001101100001011011000111010000100000011000010110111001100100001000000111011101100001011101000110010101110010
11010010110111001110100011011110010000001110100011010000110010100100000011001000111001001101001011100000111000001101001011011100110011100100000011100000110000101101110001011000010000001100001011011100110010000100000011000100110000101110011011101000110010100100000011001100110111101110010001000000110000100100000011011000110100101110100011101000110110001100101001000000111011101101000011010010110110001100101001000000111011101101001011101000110100000100000011010010111010000100000011000100110010101100110011011110111001001100101001000000110100101110100001000000110001001100101
110010001101111011011100110010100100000011101110110100101110100011010000010000001101001011101000111001100100000011011110111011101101110001000000110011001100001011101000010000001101111011100100010000001100100011100100110100101110000011100000110100101101110011001110010111000100000010101110110100001100101011011100010000001100100011100100111100100101100001000000110010001110101011100110111010000100000011010010111010000100000011101110110100101110100011010000010000001100110011011000110111101110101011100100010110000100000011000010110111001100100
11000100110000101110011011101000110010100100000011000010111001100100000011101010111001101110101011000010110110000101110
10101000110100101101101011001010010110000100000011001000110100101110011011101000110000101101110011000110110010100101100001000000110001001100001011100110111010001101001011011100110011100100000011011110110011001110100011001010110111000101100001000000110000101101110011001000010000001100001001000000110001101101100011001010110000101110010001000000110011001101001011100100110010100101100001000000110111101100110001000000110000100100000011100000111001001101111011100000110010101110010001000000111001101101001011110100110010100100000011001100110111101