011001100101001000000110001101101100011001010110000101101110011100110110010101100100001000000110010101100001011000110110100000100000011100110110010101110100001000000110011001110010011011110110110100100000011101000110100001100101
11001000111010101110011011101000010000001110111011010000110100101100011011010000010000001101101011101010111001101110100001000000110100101101110011001010111011001101001011101000110000101100010011011000111100100100000011001100110000101101100011011000010000001101111011011100010000001110100011010000110010101101101001000000110001001111001001000000110001001100101011010010110111001100111001000000111001101101111001000000110110001101111011011100110011100100000011010010110111000100000011001000110111101101001011011100110011100111010001000000111010001101000011001010110111000101100
111010001101111001000000110010101110110011001010111001001111001001000000110011101100001011011000110110001101111011011100010000001101111011001100010000001110110011010010110111001100101011001110110000101110010001011000010000001110000011101010111010000100000011101000111011101101111001000000110111101110101011011100110001101100101011100110010000001101111011001100010000001100110011011000110111101110101011100100010000001101111011001100010000001101101011101010111001101110100011000010111001001100100001011000010000001101101011010010111100001101001011011100110011100101100
11000100111100100100000011001000110010101100111011100100110010101100101011100110010110000100000011101110110100101110100011010000010000001100001001000000110110001101001011101000111010001101100011001010010000001101111011001100010000001101001011101000010000001100010011011110110100101101100011010010110111001100111001000000110100001101111011101000010111000100000010101000110100001100101001000000111011101101000011011110110110001100101001000000110111101100110001000000111010001101000011001010010000001110110011010010110111001100101011001110110000101110010
1110011011010000110111101110101011011000110010000100000011010000110000101110110011001010010000001100010011001010110010101101110001000000111000001110010011001010111011001101001011011110111010101110011011011000111100100100000011100110110001101100001011011000110010001100101011001000010110000100000011000100111010101110100001000000110110001100101011001100111010000100000011101000110111100100000011000100110010100100000011000110110111101101111011011000010000001100010011001010110011001101111011100100110010100100000011100000111010101110100001000000111010001101111
11101000110100001100101001000000111001101110000011010010110001101100101001011100010000001010011011101000110111101110000001000000111010001101000011001010010000001101010011000010111001000100000011101000110100101100111011010000111010000101110
1010100011010000110100101110011001000000111000001101001011000110110101101101100011001010010000001110111011010010110110001101100001000000110111001101111011101000010000001100010011001010010000001110010011001010110000101100100011110010010000001100110011011110111001000100000011000010010000001111001011001010110000101110010001110110010000001100010011101010111010000100000011110010110111101110101001000000110110101100001011110010010000001101101011000010110101101100101001000000110000100100000011100110110110101100001011011000110110000100000011010100110000101110010
11001100110111101110010001000000110010101100001011101000110100101101110011001110010000001101001011011100010000001100001001000000110011001101111011100100111010001101110011010010110011101101000011101000010110000100000011000100111100100100000011011110110111001101100011110010010000001100111011010010111011001101001011011100110011100100000011101000110100001100101011011010010000001101111011011100110010100100000011100110110001101100001011011000110010000100000011010010110111000100000011101110110000101110100011001010111001000101100001000000110000101100110011101000110010101110010
1110011011000010110110001110100011010010110111001100111001000000110000101101110011001000010000001100100011100100111100101101001011011100110011100100000011000010111001100100000011000010110001001101111011101100110010100101100001000000110001001110101011101000010000001110111011010010111010001101000011011110111010101110100001000000111010001101000011001010010000001110000011100100110010101110000011000010111001001100001011101000110100101110110011001010010000001110110011010010110111001100101011001110110000101110010001110110010000001110100011010000110010101101110
11100000110111101110101011100100010000001110100011010000110010100100000011101100110100101101110011001010110011101100001011100100010000001110100011010000110000101110100001000000110100001100001011100110010000001110100011010000110010100100000011100110111000001101001011000110110010100100000011000010110111001100100001000000110011101100001011100100110110001101001011000110110101100101100001000000110001001101111011010010110110001101001011011100110011100100000011010000110111101110100001000000110111101110110011001010111001000101110001000000100100101100110001000000110000101110100
1100001011011100111100100100000011101000110100101101101011001010010000001101001011101000010000001100010011001010010000001100110011011110111010101101110011001000010000001110100011010000110000101110100001000000111010001101000011001010010000001110110011001010110011101100101011101000110000101100010011011000110010101110011001000000110100001100001011101100110010100100000011011100110111101110100001000000111001101110111011001010110110001101100011001010110010000100000011100000111001001101111011100000110010101110010011011000111100100101100
11000100110111101101001011011000110100101101110011001110010000001110100011010000110010100100000011100000110100101100011011010110110110001100101001011000010000001100001011011100110010000100000011100000110111101110101011100100110100101101110011001110010000001101001011101000010000001101111011101100110010101110010001000000111010001101000011001010110110100100000011010000110111101110100001011000010000001110111011010010110110001101100001000000111000001101100011101010110110101110000001000000111010001101000011001010110110100101110
1011111010001010110111001100111011011000110100101110011011010000010000001000010011000010110110101100010011011110110111100101100001000000111010001101111001000000101000001101001011000110110101101101100011001010010111001011111
10000110111010101110100001000000111010001101000011001010010000001101100011000010111001001100111011001010010000001111001011011110111010101101110011001110010000001110011011010000110111101101111011101000111001100100000011011110110011000100000011000010110110001100100011001010111001000101100001000000111011101101000011010010110001101101000001000000111000001110101011101000010000001101111011101010111010000100000011010010110111000100000011101000110100001100101001000000110110101101001011001000110010001101100011001010010000001101111011001100010000001001101011000010111100100101100
10100001110100011010000110010100100000011011010110100101100100011001000110110001100101001000000111001101110100011000010110110001101011011100110010000001100001011100100110010100100000011011010110111101110011011101000010000001110100011001010110111001100100011001010111001000101001001000000111000001100101011001010110110000100000011011110110011001100110001000000111010001101000011001010010000001101111011101010111010001110111011000010111001001100100001000000111000001100101011001010110110000101100001000000110111101110010001000000111001101101011011010010110111000101100
1100001011011100110010000100000011011000110000101111001001000000111010001101000011001010110110100100000011010010110111000100000011100110110000101101100011101000010000001100001011011100110010000100000011101110110000101110100011001010111001000101100001000000111011001100101011100100111100100100000011100110111010001110010011011110110111001100111001011000010000001101111011011100110010100100000011011100110100101100111011010000111010000101110001000000100010001110010011110010010000001110100011010000110010101101101001000000111000001101001011001010110001101100101
11000100111100100100000011100000110100101100101011000110110010100100000011010010110111000100000011000010010000001100011011011000110111101110100011010000010111000100000010010000110000101110110011001010010000001101001011011100010000001110010011001010110000101100100011010010110111001100101011100110111001100100000011000010010000001110000011010010110001101101011011011000110010100100000011101000110100001110101011100110010000001101101011000010110010001100101001000000110000101101110011001000010000001100010011011110110100101101100011001010110010000101110001000000101010001101111
1100001001000000111000101110101011000010111001001110100001000000110111101100110001000000111011001101001011011100110010101100111011000010111001000100000011100000111010101110100001000000110000101101110001000000110111101110101011011100110001101100101001000000110111101100110001000000111011101101000011010010111010001100101001000000111000001100101011100000111000001100101011100100010110000100000011000010110111000100000011011110111010101101110011000110110010100100000011011110110011000100000011100110110110001101001011000110110010101100100
11001110110100101101110011001110110010101110010001011000010000001100001001000000110110001101001011101000111010001101100011001010010000001101101011000010110001101100101001000000110000101101110011001000010000001110000011010010110110101100101011011100111010001101111001011000010000001100001011011100110010000100000011100000110111101110101011100100010000001100010011011110110100101101100011010010110111001100111001000000110111101101110001000000111010001101000011001010010000001100001011011000110010001100101011100100010000001110011011010000110111101101111011101000111001100101100
11010010110111000100000011000010010000001110011011101000110111101101110011001010110101001100001011100100011101000100000011100110111010001101111011100000010000001100011011011000110111101110011011001010010110000100000011000010110111001100100001000000111001101100101011101000010000001100010011110010010000001110100011010000110010100100000011001100110100101110010011001010010000001110100011101110110111100100000011010000110111101110101011100100111001100101100001000000111010001110101011100100110111001101001011011100110011100100000011101000110100001100101
110101001100