1011110010000001101111011100100010000001110100011010000111001001100101011001010010000001110011011010000110000101101110011010110110001001101111011011100110010101110011
11011110110011000100000011011010111010101110100011101000110111101101110001000000111011101100101011011000110110000100000011000110110110001100101011000010110111001100101011001000010110000100000011000010010000001110011011011000110100101100011011001010010000001101111011001100010000001101100011001010110000101101110001000000110001001100001011000110110111101101110001000000110111101110010001000000110100001100001011011010011101100100000011000010110111000100000011011110110111001101001011011110110111000101100001000000110000101101110011001000010000001100001
110001001110101011011100110001101101000001000000110111101100110001000000111001101110111011001010110010101110100001000000110100001100101011100100110001001110011001110100010000001110000011011110111010101110010001000000110111101101110001000000110100101110100001000000111010001110111011011110010000001110001011101010110000101110010011101000111001100100000011011110110011000100000011000100110111101101001011011000110100101101110011001110010000001110111011000010111010001100101011100100011101000100000011000110110111101110110011001010111001000100000011101000110100001100101
110101001100001011100100010110000100000011010010110111000100000011101110110100001101001011000110110100000100000011110010110111101110101001000000111000001110101011101000010000001110100011010000110010101110011011001010010110000100000011101110110100101110100011010000010000001100010011011000110000101100100011001000110010101110010001000000110000101101110011001000010000001110000011000010111000001100101011100100010110000100000011000010110111001100100001000000111001101100101011101000010000001101001011101000010000001101001011011100010000001100001
11010110110010101110100011101000110110001100101001000000110111101100110001000000111011101100001011101000110010101110010001110100010000001110011011010010110110101101101011001010111001000100000011101000110100101101100011011000010000001110100011010000110010100100000011010000110000101110010011001010010000001101001011100110010000001110011011101000110010101110111011001010110010000100000011101000110111100100000011100000110100101100101011000110110010101110011001110100010000001110011011101000111001001100001011010010110111000100000011011110110011001100110
11101000110100001100101001000000110110001101001011100010111010101101111011100100010110000100000011000010110111001100100001000000110011101101001011101100110010100100000011010010111010000100000011011110110111001100101001000000110001001101111011010010110110000101100001000000111011101101001011101000110100000100000011000010110111000100000011000010110111001100011011010000110111101110110011110010010000001100011011101010111010000100000011010010110111000100000011100000110100101100101011000110110010101110011001011000010000001100001011011100110010000100000011000010110010001100100
1100001001000000111001101110000011011110110111101101110011001100111010101101100001000000110111101100110001000000111001101101111011110010010110000100000011000010110111001100100001000000110000100100000011011000110100101110100011101000110110001100101001000000100001101100001011110010110010101101110011011100110010100100000011000010110111001100100001000000111001101100001011011000111010000101110001000000100000100100000011001100110010101110111001000000110011001101001011011100110010100100000011001100110111101110010011000110110010101101101011001010110000101110100
1100010011000010110110001101100011100110010110000100000011001100111001001101001011001010110010000100000011011110110011000100000011000010010000001100111011011110110111101100100001000000110001001110010011011110111011101101110001011000010000001110011011010000110111101110101011011000110010000100000011000100110010100100000011100110110010101110010011101100110010101100100001000000110100101101110001000000111010001101000011001010010000001110100011101010111001001100101011001010110111000101110
1011111010100110110001101101111011101000110001101101000001000000100110101110101011101000111010001101111011011100010000001000010011100100110111101110100011010000010111001011111
1010011011011110110000101101011001000000110000100100000011011100110010101100011011010110010000001101111011001100010000001101101011101010111010001110100011011110110111000100000011010010110111000100000011101110110000101110100011001010111001000100000011001100110111101110010001000000110000101101110001000000110100001101111011101010111001000111010001000000110001101110101011101000010000001101111011001100110011000100000011101000110100001100101001000000111001101100011011100100110000101100111001011000010000001100001011011100110010000100000011100000111010101110100
11010010110111001110100011011110010000001100001001000000111001101110100011001010111011101110000011011110111010000100000011101110110100101110100011010000010000001110100011101110110111100100000011100010111010101100001011100100111010001110011001000000110111101100110001000000111011101100001011101000110010101110010001110100010000001100001011100110010000001110011011011110110111101101110001000000110000101110011001000000110100101110100001000000110001001101111011010010110110001110011001011000010000001110011011010110110100101101101001000000110100101110100
111011101100101011011000110110000100000011000010110111001100100001000000111001101101001011011010110110101100101011100100010000001101001011101000010000001100001011011100010000001101000011011110111010101110010001000000110000101101110011001000010000001100001001000000110100001100001011011000110011000111011001000000111010001101000011001010110111000100000011101000110000101101011011001010010000001110100011010000110010100100000011000100110010101110011011101000010000001100101011011100110010000100000011011110110011000100000011101000110100001100101
11011010111010101110100011101000110111101101110001011000010000001100011011101010111010000100000011010010111010000100000011010010110111001110100011011110010000001110000011010010110010101100011011001010111001100101100001000000111010001110111011011110010000001100010011011110110111001100101011100110010000001101001011011100010000001100101011000010110001101101000001011000010000001100001011011100110010000100000011100000111010101110100001000000110000101110011001000000110110101100001011011100111100100100000011000010111001100100000011110010110111101110101
111010001101000011010010110111001101011001000000111000001110010011011110111000001100101011100100010110000100000011010000110000101110110011010010110111001100111001000000110001101110101011101000010000001101111011001100110011000100000011100110110111101101101011001010010000001101111011001100010000001110100011010000110010100100000011001100110000101110100001011100010000001010011011010110110100101101101001000000110100101110100001000000111010001101000011001010010000001101101011011110110110101100101011011100111010000100000011101000110100001100101
11001100111001001100101011100110110100000100000011011010110010101100001011101000010000001100010011011110110100101101100011100110010000001110101011100000010110000100000011000010110111001100100001000000110010101110110011001010111001001111001001000000111000101110101011000010111001001110100011001010111001000100000011011110110011000100000011000010110111000100000011010000110111101110101011100100010111000100000010010000110000101110110011001010010000001110010011001010110000101100100011110010010000001100110011011110111010101110010001000000110111101110010
11001100110100101110110011001010010000001100011011000010111001001110010011011110111010001110011001011000010000001110100011010000110010100100000011100110110000101101101011001010010000001101111011001100010000001110100011101010111001001101110011010010111000001110011001011000010000001100001011011100110010000100000011101000110100001110010011001010110010100100000011011110110111001101001011011110110111001110011001011000010000001100001011011000110110000100000011000110111010101110100001011000010000001100010011101010111010000100000011011100110111101110100
11100110110110101100001011011000110110000101100001000000110000101101110011001000010000001110000011101010111010000100000011010010110111000100000011101000110100101101101011001010010000001100101011011100110111101110101011001110110100000100000011101000110111100100000011000100110010100100000011100010111010101101001011101000110010100100000011101000110010101101110011001000110010101110010001110110010000001110100011101110110111100100000011011000110000101110010011001110110010100100000011100110111000001101111011011110110111001100110011101010110110001110011001000000110111101100110
101001101100011011011110111010001100011011010000010000001100010011000010111001001101100011001010111100100101100001000000110011001101001011100100111001101110100001000000111011101100101011101000111010001100101011001000010000001110111011010010111010001101000001000000110001101101111011011000110010000100000011101110110000101110100011001010111001000101110001000000101010001101000011001010010000001101101011001010110000101110100001000000111001101101000011011110111010101101100011001000010000001110011011101000110010101110111001000000111010001101000011100100110010101100101
1101000011011110111010101110010011100110010111000100000010100110110000101101100011101000010000001110100011011110010000001110100011000010111001101110100011001010010110000100000011000010110111001100100001000000111001101100101011100100111011001100101001000000110000101101100011011000010000001110100011011110110011101100101011101000110100001100101011100100010111000100000010101000111011101100101011011100111010001111001001000000110110101101001011011100111010101110100011001010111001100100000011000100110010101100110011011110111001001100101
1110011011001010111001001110110011010010110111001100111001011000010000001110000011101010111010000100000011010010110111000100000011100110110111101101101011001010010000001100011011010000110111101110000011100000110010101100100001000000111000001100001011100100111001101101100011001010111100100101110
100100101110100001000000110100101110011001000000110000101101110001000000110010101111000011000110110010101101100011011000110010101101110011101000010000001110111011010010110111001110100011001010111001000100000011001000110100101