101011010010111100001100101011001000010111000100000010010010110111000100000011011110111010001101000011001010111001001110011001000000111010001101000011001010010000001100101011001110110011101110011001000000111001101100101011100000110000101110010011000010111010001100101011011000111100100101110
101010001101000011001010010000001110000011000010110111001110011001000000110000101101110011001000010000001100010011000010111001101101111011011100111001100100000011011010111010101110011011101000010000001100010011001010010000001100001011011000111011101100001011110010111001100100000011000100111010101110100011101000110010101110010011001010110010000101110
100000100100000011100000110000101101110001000000110111101100110001000000110001101101111011011000110010000100000011101110110000101110100011001010111001000100000011100110110100001101111011101010110110001100100001000000110001001100101001000000111001001100101011000010110010001111001001011000010000001100001011011100110010000100000011101000110100001100101001000000111000001110101011001000110010001101001011011100110011100100000011001000110100101110000011101000010000001101001011011100010000001100001011100110010000001110011011011110110111101101110001000000110000101110011
11010010111010000100000011000110110111101101101011001010111001100100000011011110111010101110100001000000110111101100110001000000111010001101000011001010010000001110000011011110111010000101100001000000110000101101110011001000010000001110100011010000110010101101110001000000110100101110100001000000111011101101001011011000110110000100000011011100110111101110100001000000110000101100100011010000110010101110010011001010010000001110100011011110010000001110100011010000110010100100000011000110110110001101111011101000110100000101110
1010011010101110100010101000101010101000010000001000100010010010101001101001000010001010101001100101110
101111101001100011001010110110101101111011011100010000001000011011101010111001101110100011000010111001001100100011100110010111001011111
10000100110010101100001011101000010000001110100011010000110010100100000011110010110010101101100011010110111001100100000011011110110011000100000011001010110100101100111011010000111010000100000011001010110011101100111011100110010000001110100011010010110110001101100001000000111010001101000011001010111100100100000011000010111001001100101001000000110000101110011001000000111011101101000011010010111010001100101001000000110000101110011001000000110110101101001011011000110101100111011001000000111010001101000011001010110111000100000011100000111010101110100001000000111010001101111
11101000110100001100101011011010010000001100001001000000111000001101001011011100111010000100000011011110110011000100000011000100110111101101001011011000110100101101110011001110010000001110111011000010111010001100101011100100010110000100000011101000110100001100101001000000111001001101001011011100110010001110011001000000110111101100110001000000111010001110111011011110010000001101100011001010110110101101111011011100111001100100000011001110111001001100001011101000110010101100100001011000010000001100001011011100110010000100000011101000110100001100101
11010100111010101101001011000110110010100100000011100110111011101100101011001010111010001100101011011100110010101100100001000000111010001101111001000000111100101101111011101010111001000100000011101000110000101110011011101000110010100101110001000000101001101110100011010010111001000100000011010010111010000100000011011110110111000100000011101000110100001100101001000000110011001101001011100100110010100100000011101000110100101101100011011000010000001110100011010000110100101100011011010110010000001100101011011100110111101110101011001110110100000101100
11101000110100001100101011011100010000001100001011001000110010000100000011000010010000001101100011000010111001001100111011001010010000001100111011011000110000101110011011100110010000001101111011001100010000001110010011010010110001101101000001000000111011101101001011011100110010100101100001000000110000101101110011001000010000001101000011000010110110001100110001000000110000100100000011001110110110001100001011100110111001100100000011011110110011000100000011000100111001001100001011011100110010001111001001110110010000001100111011010010111011001100101
1110100011010000110010100100000011101110110100001101111011011000110010100100000011011110110111001100101001000000111001101100011011000010110110001100100001011000010000001100001011011100110010000100000011100000111010101110100001000000110100101110100001000000110100101101110001000000110001101110101011100000111001100101100001000000111010001101111001000000110001001100101001000000110010101100001011101000110010101101110001000000110001101101111011011000110010000101110
1011111010011000110010101101110011101000010000001010000011011110111010001100001011101000110111101100101011100110010111001011111
100001001100101011000010111010000100000011101000110100001110010011001010110010100100000011011110111001000100000011001100110111101110101011100100010000001101111011101010110111001100011011001010111001100100000011011110110011000100000011000010110110001101101011011110110111001100100011100110010110000100000011000010110111001100100001000000111010001101000011100100110010101100101001000000110111101110010001000000110011001101111011101010111001000100000011000100110100101110100011101000110010101110010001011000010000001110111011010000110010101101110
11000100110110001100001011011100110001101101000011001010110010000101100001000000111000001110101011101000111010001101001011011100110011100100000011000010010000001101100011010010111010001110100011011000110010100100000011011110111001001100001011011100110011101100101001000000110011001101100011011110111011101100101011100100010000001110111011000010111010001100101011100100010000001110100011011110010000001110000011100100110010101110110011001010110111001110100001000000110111101101001011011000110100101101110011001110011101000100000011000010110010001100100
11001010110100101100111011010000111010000100000011011110111010101101110011000110110010101110011001000000110111101100110001000000110001001110101011101000111010001100101011100100010110000100000011001100110111101110101011100100010000001100101011001110110011101110011001000000111011101100101011011000110110000100000011000100110010101100001011101000110010101101110001000000110000101101110011001000010000001110011011101000111001001100001011010010110111001100101011001000010110000100000011010000110000101101100011001100010000001100001001000000110011101101100011000010111001101110011
110111101100110001000000111001001100001011010010111001101101001011011100010000001110111011010010110111001100101001011000010000001100001011011100110010000100000011100110111010101100111011000010111001000100000011101000110111100100000011110010110111101110101011100100010000001110100011000010111001101110100011001010010111000100000010000100110010101100001011101000010000001100001011011000110110000100000011101110110010101101100011011000010000001110100011010010110110001101100001000000111000101110101011010010111010001100101
111001101101101011011110110111101110100011010000010110000100000011000010110111001100100001000000110011101110010011000010111010001100101001000000110100101101110001000000111010001101000011100100110010101100101001000000101001101100001011101100110111101111001001000000110001001101001011100110110001101110101011010010111010000101110001000000100110101100001011010110110010100100000011000100110000101101100011011000111001100100000011011110110011000100000011101000110100001100101001000000110000101100010011011110111011001100101001011000010000001110111011010010111010001101000
110000100100000011011000110100101110100011101000110110001100101001000000110011001101100011011110111010101110010001011000010000001110100011010000110010100100000011100110110100101111010011001010010000001101111011001100010000001100001001000000110001101101000011001010111001101110100011011100111010101110100001110110010000001110100011010000111001001101111011101110010000001110100011010000110010101101101001000000110100101101110011101000110111100100000011000010010000001110011011101000110010101110111011100000110000101101110001000000110111101100110
11000100110111101101001011011000110100101101110011001110010000001101100011000010111001001100100001011000010000001100001011011100110010000100000011000100110111101101001011011000010000001110100011010000110010101101101001000000110111101100110001000000110000100100000011000100110010101100001011101010111010001101001011001100111010101101100001000000111100101100101011011000110110001101111011101110010000001100010011100100110111101110111011011100010111000100000010001000111001001100001011010010110111000100000011101000110100001100101011011010010000001101111011011100010000001100001
11100110110100101100101011101100110010100101110
1010011011001010111001001110110011001010010000001110011011101110110010101100101011101000010000001110011011000010111010101100011011001010010000001101001011011100010000001100001001000000110001001101111011000010111010000101100001000000111010001101111001000000110010101100001011101000010000001110111011010010111010001101000001000000111010001101000011001010110110100101110
1011111010100100110100101100011011001010010000001000110011011000111010101101101011011010110010101110010011110010010111001011111
10000100110111101101001011011000010000001110111011010010111010001101000001000000110000100100000011100000110100101101110011101000010000001101111011001100010000001101110011001010111011100100000011011010110100101101100011010110010110000100000011000010010000001100010011010010111010000100000011011110110011000100000011011000110010101101101011011110110111001110000011001010110010101101100001011000010000001100001011011100110010000100000011000110110100101101110011011100110000101101101011011110110111000111010001000000110110101101001011110000010000001110111011010010111010001101000
1100001001000000110110001101001011101000111010001101100011001010010000001100011011011110110110001100100001000000110110101101001011011000110101100101100001000000110000101110011001000000110110101110101011000110110100000100000011100100110100101100011011001010010000001100110011011000110111101110101011100100010000001100001011100110010000001110111011010010110110001101100001000000110110101100001011010110110010100100000011101000110100001100