1011001010110000101110100010111110010110000100000001100100011010100110100
11101000110111100100000011011010110000101101011011001010010110000100000001100100011001100111001
1011000010000001100001011011100110111101110100011010000110010101110010001000000111011101100001011110010010110000100000001100100011001100111001
10111110100111101111000011000110110100001100101011001010110101101011111001000000111001101110100011001010111011101100101011001000010110000100000011100000110110001100001011010010110111000101100001000000011001100110110
11101000110111100100000011001000111001001100101011100110111001100100000011010010111010000100000011000010110111001101111011101000110100001100101011100100010000001110111011000010111100100101100001000000011001100110111
111001001110101011011010111000000100000011100110110111101110101011100000010110000100000001100010011000000110000
101111101001111011110000110011001101111011100100110010001011111001000000110010001110101011011010111000001101100011010010110111001100111011100110010110000100000001100010011010000110111
101111101001111011110010111001101110100011001010111001001110011010111110010110000100000011001100111001001101001011001010110010000101100001000000111010001101111001000000110011101100001011100100110111001101001011100110110100000100000011000100110111101101001011011000110010101100100001000000110011001101001011100110110100000101100001000000011000100110101
1011000010000001110100011011110010000001110000011010010110001101101011011011000110010100101100001000000011000100110101
11000010110111001101111011101000110100001100101011100100010000001110111011000010111100100101100001000000011000100110101
1011000010000001110011011000110110000101101100011011000110111101110000011001010110010000101100001000000011000100110100
101100001000000111010001101111001000000111001101110100011001010111011100101100001000000011000100110100
1110000011000010111010001110100011010010110010101110011001011000010000001101111011100100010000001110011011011010110000101101100011011000010000001110000011010010110010100101100001000000011000100110100
10110000100000011100000110000101110100011101000110100101100101011100110010110000100000001100010011001100110011
1011000010000001110011011000010111010101100011011001010010110000100000001100010011000100110000
10110000100000011100110110000101110101011000110110010100100000011101000110111100100000011000100110010101100101011001100010000001110011011101000110010101100001011010110111001100101100001000000011001100110010
101000000101110
1011111010100000110000101101001011011100111010001011111001011000010000001110100011011110010000001100011011011000110010101100001011011100010110000100000001100100011011100110010
101111101010000011000010110111001100001011001000110000101011111001011000010000001101101011000010110010001100101001000000110100101101110001000000110011001101001011101100110010100100000011011010110100101101110011101010111010001100101011100110010110000100000001100100011010100110010
11000010110111001101111011101000110100001100101011100100010110000100000001100100011010100110011
11000010110111001101111011101000110100001100101011100100010110000100000001100100011010100110011
11000110110100001101001011000110110101101100101011011100010110000100000001100100011010100110000
101111101010000011000010110111001100011011000010110101101100101011100110101111100101100001000000110001101101111011011010110110101101111011011100010110000100000001100010011100000110001
110011001101001011011100110010100100000011011110110111001100101011100110010110000100000011001100111001001101001011001010110010000100000011101110110100101110100011010000110111101110101011101000010000001100010011101010111010001110100011001010111001000100000011011110111001000100000011011000110000101110010011001000010110000100000001100010011100000110010
1001001011100100110100101110011011010000010110000100000001100010011100000110001
11011110110011000100000011100100110100101100011011001010010110000100000001100010011100000110001
10111110101000001100001011100000110010101110010011010000110000101101110011001110110100101101110011001110111001101011111001011000010000001110100011011110010000001100011011011000110010101100001011011100010110000100000001100100011011100110010
101111101010000011000010111001001110011011011000110010101111001010111110010000001110000011010010110010100101100001000000011100000111000
10111110101000001100001011100100111001101101110011010010111000001110011010111110010110000100000011101000110111100100000011011010110000101110011011010000010110000100000001100010011001000111001
101111101010000011000010111001001110100011100100110100101100100011001110110010101110011010111110010110000100000011101000110111100100000011100100110111101100001011100110111010000101100001000000011011100110111
1011000010000001110000011011110111010001110100011001010110010000101100001000000011011100110111
1011000010000001100001001000000111011001100101011100100111100100100000011001010110001101101111011011100110111101101101011010010110001101100001011011000010000001110111011000010111100100101100001000000011011100111000
10110000100000011100110110000101110101011000110110010100100000011001100110111101110010001000000111010001101000011001010110110100100000011000110110111101101100011001000010110000100000001100010011000000110110
101111101010000011000010111001101110100011001010111001101011111001011000010000001101100011010010110011101101000011101000010110000100000011001100110111101110010001000000111010001100001011100100111010001110011001000000110000101101110011001000010000001100011011010000110010101100101011100110110010101100011011000010110101101100101011100110010110000100000001100010011001100111001
10110000100000011100000110111101110100011000010111010001101111011001010010110000100000001100010011010000110001
101001101100101011001010010000001100001011011000111001101101111001000000111010001101000011001010010000001100001011100100111010001101001011000110110110001100101001000000101111101000011011100100111010101110011011101000101111100101110
10100000100000101010011010101000101001001011001001011000010000000110001001100110011001000100000011101000110111100100000001100010011010000110010
10111110101000001100001011100110111010001111001010111110010110000100000011101100110010101101110011010010111001101101111011011100010110000100000001100100011010100101100001000000011001000110110
1011000010000001100001011011100010000001101001011011010110100101110100011000010111010001101001011011110110111000100000011011110110011000101100001000000011001000110111
101100001000000110111101100110001000000110001001100101011001010110011000100000011011110111001000100000011011010111010101110100011101000110111101101110001000000111010001101111001000000110010101100001011101000010000001100001011100110010000001110111011001010110110001101100001000000110000101110011001000000111011001100101011011100110100101110011011011110110111000101100001000000011001000110100
10111110101000001100001011101000111010001101001011001010111001101011111001011000010000001110011011101110110010101100101011101000010110000100000001100010011001100110100
1011000010000001110010011001010111001101100101011011010110001001101100011010010110111001100111001000000110110101101001011011100110001101100101011100000110100101100101011100110010110000100000001100010011001100110100
1011000010000001100110011100100110100101100101011001000010110000100000001100010011001100110011
10110000100000010011110111010001101000011001010111001001110011001000000110000101110010011001010010000001110101011011100110010001100101011100100010000001110100011010000110010100100000011011100110000101101101011001010111001100100000011011110110011000100000011101000110100001100101001000000110000101110010011101000110100101100011011011000110010101110011001000000111010001101000011001010111100100100000011000010111001001100101001000000110110101100001011001000110010100100000011011110110011000101110
10110000100000011001100110111101110010011000110110010101101101011001010110000101110100001000000110011001101111011100100010110000100000001100010011001100110010
10111110101000001100101011000010110001101101000011001010111001101011111001000000110100101101110001000000110001001110010011000010110111001100100011110010010110000100000001100010011100100110101
101111101010000011001010110000101110010011100110101111100101100001000000111001101110100011001010111011101100101011001000010110000100000001100010011011100110100
1011000010000001100010011000010110101101100101011001000010110000100000001100010011011100110100
1011000010000001100100011100100110100101100101011001000010110000100000001100010011011100110101
10111110101000001100101011000010111001101011111001000000010100001101111011011000110010000101001001000000111001101101111011101010111000000101100001000000011100100110100
10110000100000011101000110111100100000011100110111010001100101011101110010110000100000001100010011001000110111
1010000110011101110010011001010110010101101110001010010010110000100000011101000110111100100000011010110110010101100101011100000010110000100000001100010011001000111001
1100001011011100110111101110100011010000110010101110010001000000111011101100001011110010010110000100000011000010111001100100000011100000111001001100001011000110111010001101001011100110110010101100100001000000110100101101110001000000111010001101000011001010010000001100101011011010111000001100101011100100110111101110010001000000110111101100110001000000101001001110101011100110111001101101001011000011110001010000000100110010111001100100000011010110110100101110100011000110110100001100101011011100010110000100000001100010011001100110000
101111101010000011001010110000101110011010111110010110000100000011101000110111100100000011100110111010001100101011101110010110000100000001100010011001000110100
101100001000000111001101101111011101010111000000101100001000000011100100110100
1011111010100000110010101110000011100000110010101110010010111110010110000100000011010110110100101110100011000110110100001100101011011100010110000100000001100010011000100110110
101111101010000011001010111000001110000011001010111001001101101011010010110111001110100010111110010000001100100011100100110111101110000011100110010110000100000001100100011000000110011
10111110101000001100101011100100110001101101000010111110010000001100001011011100110010000100000011101000110010101101110011000110110100000101