0000010110010001100100001000000100001101100001011110010110010101101110011011100110010100101110
1011111010011110110111001101001011011110110111000100000010100110110111101110101011100000010111001011111
10101000110111100100000011101000110100001100101001000000111011101100001011101000110010101110010001000000111010001101000011000010111010000100000011010000110000101110011001000000110001001101111011010010110110001100101011001000010000001100001001000000110110001100101011001110010000001101111011100100010000001101110011001010110001101101011001000000110111101100110001000000110110101110101011101000111010001101111011011100010110000100000011100000111010101110100001000000110001101100001011100100111001001101111011101000111001100101100
1110100011101010111001001101110011010010111000001110011001011000010000001100001011011100110010000101100001000000110100101100110001000000111100101101111011101010010000001101000011000010111011001100101001000000110111101101110011001010010110000100000011000010010000001110011011010000110000101101110011010110110001001101111011011100110010100101100001000000110000101101110011001000010000001110011011010010110110101101101011001010111001000100000011101000110100101101100011011000010000001110100011010000110010100100000011010100111010101101001011000110110010101110011
110000101110010011001010010000001101111011000100111010001100001011010010110111001100101011001000010111000100000010100110111010001110010011000010110100101101110001000000110100101110100001000000110111101101110001000000111001101101001011110000010000001101111011011100110100101101111011011100111001100100000011100000111001001100101011101100110100101101111011101010111001101101100011110010010000001110011011011000110100101100011011001010110010000101100001000000110000101101110011001000010000001100110011100100110100101100101011001000010000001100001
11011000110100101100111011010000111010000100000011000100111001001101111011101110110111000111011001000000111011101101001011101000110100000100000011101110110100001101001011000110110100000100000011100110110100101101101011011010110010101110010001000000110100101110100001000000111010001101000011100100110010101100101001000000110100001101111011101010111001001110011001011100010000001010011011010110110100101101101001000000110100101110100001000000110001101100001011100100110010101100110011101010110110001101100011110010010110000100000011000010110111001100100
11100110110010101110010011101100110010100100000011010010111010000101110001000000101000001110101011101000010000001101001011011100111010001101111001000000110100101110100001000000110000100100000011011000110100101110100011101000110110001100101001000000111001001101111011011000110110000100000011011110111001000100000011001100111001001101001011001010110010000100000011000100111001001100101011000010110010000101110
101111101010110011001010110011101100101011101000110000101100010011011000110010100100000010100110110111101110101011100000010111001011111
10100000110000101110010011001010010000001100001011011100110010000100000011100110110110001101001011000110110010100100000011001100110100101110110011001010010000001101111011100100010000001110011011010010111100000100000011000110111010101100011011101010110110101100010011001010111001001110011001011000010000001110100011010000110010100100000011010010110111001110011011010010110010001100101001000000110111101100110001000000110000101110011001000000110110101100001011011100111100100100000011000110110111101110011
1101100011001010111010001110100011101010110001101100101011100110010110000100000011000010010000001110011011100000111001001101001011001110010000001101111011100100010000001110100011101110110111100100000011011110110011000100000011011010110100101101110011101000010110000100000011101000111011101101111001000000110111101110010001000000111010001101000011100100110010101100101001000000110111101101110011010010110111101101110011100110010110000100000011100110110111101101101011001010010000001110000011001010111000001110000011001010111001000100000011000010110111001100100
11100110110000101101100011101000010110000100000011000010010000001110000011010010110111001110100001000000110000101101110011001000010000001101000011000010110110001100110001000000110111101100110001000000111100101101111011101010110111001100111001000000111000001100101011000010111001100101100001000000110000101101110011001000010000001100001001000000110110001101001011101000111010001101100011001010010000001110000011000010111001001110011011011000110010101111001001011100010000001010000011101010111010000100000011101000110100001100101011100110110010100101100
111011101101001011101000110100000100000011010000110000101101100011001100010000001100001001000000111000001101111011101010110111001100100001000000110111101100110001000000110011001110010011001010111001101101000001000000110001001110101011101000111010001100101011100100010110000100000011010010110111001110100011011110010000001100001001000000111001101100001011101010110001101100101011100000110000101101110001000000111010001101111001000000111001101110100011001010111011100100000011010010110111000100000011101000110100001100101011010010111001000100000011011110111011101101110
110110001101001011100010111010101101111011100100010000001101110011001010110000101110010001000000110000100100000011001110110010101101110011101000110110001100101001000000110011001101001011100100110010100100000011010000110000101101100011001100010000001100001011011100010000001101000011011110111010101110010001110110010000001110100011010000110010101101110001000000111000001101111011101010111001000100000011101000111011101101111001000000111000101110101011000010111001001110100011100110010000001101111011001100010000001100010011011110110100101101100011010010110111001100111
1110111011000010111010001100101011100100010000001110100011011110010000001110100011010000110010100100000011101100110010101100111011001010111010001100001011000100110110001100101011100110010110000100000011000010110111001100100001000000111001101110100011001010111011100100000011101000110100001100101011011010010000001110100011101110110111100100000011010000110111101110101011100100111001100111010001000000111001001110101011000100010000001100100011011110111011101101110001000000110000100100000011011000110100101110100011101000110110001100101
11001100110110001101111011101010111001000100000011010010110111001110100011011110010000001100001001000000111010001100101011000010110001101110101011100000010000001101111011001100010000001110111011000010111010001100101011100100011101100100000011000100110111101101001011011000010000001101001011101000010000001110111011010010111010001101000001000000111010001101000011001010010000001110010011001010111001101110100001000000110011001101001011001100111010001100101011001010110111000100000011011110111001000100000011101000111011101100101011011100111010001111001
1101101011010010110111001110101011101000110010101110011001011000010000001100001011011100110010000100000011100110110010101110010011101100110010100100000011010010111010000101110
1011111010000010110111001101111011101000110100001100101011100100010000001010110011001010110011101100101011101000110000101100010011011000110010100100000010100110110111101110101011100000010111001011111
101000001100101011001010110110000100000011000010110111001100100001000000111001101101100011010010110001101100101001000000111001101101001011110000010000001101100011000010111001001100111011001010010000001101111011011100110100101101111011011100111001100101100001000000111001101101001011110000010000001110000011011110111010001100001011101000110111101100101011100110010110000100000011100110110100101111000001000000110001101100001011100100111001001101111011101000111001100101100001000000110000101101110011001000010000001100110011011110111010101110010
11101000111010101110010011011100110100101110000011100110011101000100000011001100111001001111001001000000111010001101000011001010110110100100000011010010110111000100000011010000110000101101100011001100010000001100001001000000111000001101111011101010110111001100100001000000110111101100110001000000110001001110101011101000111010001100101011100100011101000100000011100000110111101110101011100100010000001101111011011100010000001110100011010000110010101101101001000000110011001101111011101010111001000100000011100010111010101100001011100100111010001110011001000000110111101100110
11000100110111101101001011011000110100101101110011001110010000001110111011000010111010001100101011100100010110000100000011000010110111001100100001000000111010001101111011000010111001101110100001000000110000100100000011000110111001001110101011100110111010000100000011011110110011000100000011000100111001001100101011000010110010000100000011000010111001100100000011000100111001001101111011101110110111000100000011000010110111001100100001000000110100001100001011100100110010000100000011000010111001100100000011100000110111101110011011100110110100101100010011011000110010100101100
11000100111010101110100001000000110010001101111001000000110111001101111011101000010000001100010011101010111001001101110001000000110100101110100001110100010000001110000011101010111010000100000011101000110100001100001011101000010110000100000011100110110111101101101011001010010000001100011011001010110110001100101011100100111100100101100001000000111001101110111011001010110010101110100001000000110100001100101011100100110001001110011001011000010000001110111011010000110100101110100011001010010000001110000011001010111000001110000011001010111001000100000011000010110111001100100
1110011011000010110110001110100001011000010000001110100011011110010000001110100011010000110010100100000011000010110001001101111011101100110010100111010001000000111001101110100011001010111011100100000011001110110010101101110011101000110110001111001001000000110011001101111011101010111001000100000011010000110111101110101011100100111001100101100001000000111001101110100011100100110000101101001011011100010000001110100011010000111001001101111011101010110011101101000001000000110000100100000011000110110111101100001011100100111001101100101
1100011011011000110111101110100011010000011101000100000011010000110000101110110011001010010000001110010011001010110000101100100011110010010000001110011011011000110100101100011011001010110010000100000011000110110000101110010011100100110111101110100001011000010000001100011011001010110110001