10011001010110010100100000011101000110111100100000011000010110001001101001011001000110010100100000011000100111100100100000011000010110110001101100
11101000110100001100101001000000111010001100101011100100110110101110011001000000110111101100110001000000111010001101000011010010111001100100000011000010110011101110010011001010110010101101101011001010110111001110100001011000010000001111001011011110111010100100000011011010111010101110011011101000010000001100011011001010110000101110011011001010010000001110101011100110110100101101110011001110010000001100001011011100110010000100000011100100110010101110100011101010111001001101110001000000110111101110010
1100100011001010111001101110100011100100110111101111001001000000110000101101100011011000010000001100011011011110111000001101001011001010111001100100000011011110110011000100000010100000111001001101111011010100110010101100011011101000010000001000111011101010111010001100101011011100110001001100101011100100110011100101101011101000110110100100000011001010110110001100101011000110111010001110010011011110110111001101001011000110010000001110111011011110111001001101011011100110010000001101001011011100010000001111001011011110111010101110010
111000001101111011100110111001101100101011100110111001101101001011011110110111000101110001000000100100101100110001000000111100101101111011101010010000001110000011000010110100101100100001000000110000100100000011001100110010101100101001000000110011001101111011100100010000001101111011000100111010001100001011010010110111001101001011011100110011100100000011000010010000001100011011011110111000001111001001000000110111101100110001000000110111101110010001000000110000101100011011000110110010101110011011100110010000001110100011011110010000001100001
10100000111001001101111011010100110010101100011011101000010000001000111011101010111010001100101011011100110001001100101011100100110011100101101011101000110110100100000011001010110110001100101011000110111010001110010011011110110111001101001011000110010000001110111011011110111001001101011001000000110000101101110011001000010000001111001011011110111010100100000011001000110111100100000011011100110111101110100001000000110000101100111011100100110010101100101001000000111010001101111001000000110001001100101001000000110001001101111011101010110111001100100
1100010011110010010000001110100011010000110010100100000011101000110010101110010011011010111001100100000011011110110011000100000011101000110100001101001011100110010000001100001011001110111001001100101011001010110110101100101011011100111010000101100001000000111100101101111011101010010000001101101011000010111100100100000011011110110001001110100011000010110100101101110001000000110000100100000011100100110010101100110011101010110111001100100001000000110011001110010011011110110110100100000011101000110100001100101
1110000011001010111001001110011011011110110111000100000011011110111001000100000011001010110111001110100011010010111010001111001001000000111010001101111001000000111011101101000011011110110110100100000011110010110111101110101001000000111000001100001011010010110010000100000011101000110100001100101001000000110011001100101011001010010000001100001011100110010000001110011011001010111010000100000011001100110111101110010011101000110100000100000011010010110111000100000011100000110000101110010011000010110011101110010011000010111000001101000
1100010010111001000101001011100011100000101110
1100010010111001000010001011100010000000100010010100000111001001101111011010100110010101100011011101000010000001000111011101010111010001100101011011100110001001100101011100100110011100100010001000000110100101110011001000000110000100100000011100100110010101100111011010010111001101110100011001010111001001100101011001000010000001110100011100100110000101100100011001010110110101100001011100100110101100101110001000000100100101110100001000000110110101100001011110010010000001101111011011100110110001111001001000000110001001100101
1110101011100110110010101100100001000000110111101101110001000000110111101110010001000000110000101110011011100110110111101100011011010010110000101110100011001010110010000100000011010010110111000100000011000010110111001111001001000000111011101100001011110010010000001110111011010010111010001101000001000000110000101101110001000000110010101101100011001010110001101110100011100100110111101101110011010010110001100100000011101110110111101110010011010110010000001100010011110010010000001110000011001010110111101110000011011000110010100100000011101110110100001101111
110000101100111011100100110010101100101001000000111010001101111001000000110001001100101001000000110001001101111011101010110111001100100001000000110001001111001001000000111010001101000011001010010000001110100011001010111001001101101011100110010000001101111011001100010000001110100011010000110100101110011001000000110000101100111011100100110010101100101011011010110010101101110011101000010111000100000010101000110100001100101011100100110010100100000011000010111001001100101001000000110000100100000011001100110010101110111
1110100011010000110100101101110011001110111001100100000011101000110100001100001011101000010000001111001011011110111010100100000011000110110000101101110001000000110010001101111001000000111011101101001011101000110100000100000011011010110111101110011011101000010000001010000011100100110111101101010011001010110001101110100001000000100011101110101011101000110010101101110011000100110010101110010011001110010110101110100011011010010000001100101011011000110010101100011011101000111001001101111011011100110100101100011001000000111011101101111011100100110101101110011
110010101110110011001010110111000100000011101110110100101110100011010000110111101110101011101000010000001100011011011110110110101110000011011000111100101101001011011100110011100100000011101110110100101110100011010000010000001110100011010000110010100100000011001100111010101101100011011000010000001110100011001010111001001101101011100110010000001101111011001100010000001110100011010000110100101110011001000000110000101100111011100100110010101100101011011010110010101101110011101000010111000100000010100110110010101100101
1110000011000010111001001100001011001110111001001100001011100000110100000100000001100010010111001000011001000000110001001100101011011000110111101110111001011100010000001010100011010000110010101110010011001010010000001100001011100100110010100100000011000010010000001101100011011110111010000100000011011110110011000100000011101000110100001101001011011100110011101110011001000000111100101101111011101010010000001100011011000010110111000100000011001000110111100100000011101110110100101110100011010000010000001010000011100100110111101101010011001010110001101110100
1000111011101010111010001100101011011100110001001100101011100100110011100101101011101000110110100100000011001010110110001100101011000110111010001110010011011110110111001101001011000110010000001110111011011110111001001101011011100110010000001101001011001100010000001111001011011110111010100100000011001100110111101101100011011000110111101110111001000000111010001101000011001010010000001110100011001010111001001101101011100110010000001101111011001100010000001110100011010000110100101110011
1100001011001110111001001100101011001010110110101100101011011100111010000100000011000010110111001100100001000000110100001100101011011000111000000100000011100000111001001100101011100110110010101110010011101100110010100100000011001100111001001100101011001010010000001100110011101010111010001110101011100100110010100100000011000010110001101100011011001010111001101110011001000000111010001101111001000000101000001110010011011110110101001100101011000110111010000100000010001110111010101110100011001010110111001100010011001010111001001100111001011010111010001101101
11001010110110001100101011000110111010001110010011011110110111001101001011000110010000001110111011011110111001001101011011100110010111000100000010100110110010101100101001000000111000001100001011100100110000101100111011100100110000101110000011010000010000000110001001011100100010100100000011000100110010101101100011011110111011100101110
1100010010111001000011001011100010000001010100011010000110010100100000010100000111001001101111011010100110010101100011011101000010000001000111011101010111010001100101011011100110001001100101011100100110011100100000010011000110100101110100011001010111001001100001011100100111100100100000010000010111001001100011011010000110100101110110011001010010000001000110011011110111010101101110011001000110000101110100011010010110111101101110001000000010100000100010011101000110100001100101
10001100110111101110101011011100110010001100001011101000110100101101111011011100010001000100000011011110111001000100000010100000100011101001100010000010100011000101001001011000010000001101111011101110110111001110011001000000110000100100000011000110110111101101101011100000110100101101100011000010111010001101001011011110110111000100000011000110110111101110000011110010111001001101001011001110110100001110100001000000110100101101110001000000111010001101000011001010010000001100011011011110110110001101100011001010110001101110100011010010110111101101110
1101111011001100010000001010000011100100110111101101010011001010110001101110100001000000100011101110101011101000110010101101110011000100110010101110010011001110010110101110100011011010010000001100101011011000110010101100011011101000111001001101111011011100110100101100011001000000111011101101111011100100110101101110011001011100010000001001110011001010110000101110010011011000111100100100000011000010110110001101100001000000111010001101000011001010010000001101001011011100110010001101001011101100110100101100100011101010110000101101100
111011101101111011100100110101101110011001000000110100101101110001000000111010001101000011001010010000001100011011011110110110001101100011001010110001101110100011010010110111101101110001000000110000101110010011001010010000001101001011011100010000001110100011010000110010100100000011100000111010101100010011011000110100101100011001000000110010001101111011011010110000101101001011011100010000001101001011011100010000001110100011010000110010100100000010101010110111001101001011101000110010101100100
101001101110100011000010111010001100101011100110010111000100000010010010110011000100000011000010110111000100000011010010110111001100100011010010111011001101001011001000