0100111001001100001011011100111010000101100001000000110111101110010001000000100010001100001011011010111001101101111011011100010000001000100011101010110110101110000011011000110100101101110011001110111001100100000011011110111001000100000010100000111010101100100011001000110100101101110011001110010111001011111
10011010110000101101011011001010010000001100001011100110010000001100001011000100110111101110110011001010010110000100000011000010110111001100100001000000110110001101111011010010110111000100000011000010010000001100010011000010111001101101111011011100010000001110111011010010111010001101000001000000111010001101000011001010010000001110000011000010111001101110100011001010010000001110100011011110110110001100101011100100110000101100010011011000111100100100000011101000110100001101001011011100011101000100000011001100110100101101100011011000010000001110111011010010111010001101000
11101000110100001100101001000000110011001110010011101010110100101110100001011000010000001100001011011100110010000100000011000110110111101110110011001010111001000100000011010010111010000111010001000000111010001101001011001010010000001100001001000000110001101101100011011110111010001101000001000000110111101110110011001010111001000100000011101000110100101100111011010000111010000101100001000000110000101101110011001000010000001100010011011110110100101101100001000000111010001101001011011000110110000100000011101000110100001100101001000000110011001110010011101010110100101110100
11100110110100001100001011011000110110000100000011000100110010100100000011001000110111101101110011001010010000001100101011011100110111101110101011001110110100000101110
101111101010011011011100110111101110111011000100110000101101100011011000010111001011111
10100110111011101100101011011000110110000100000011100100110100101100011011001010010000001101001011011100010000001101101011010010110110001101011001110110010000001110011011101000111001001100001011010010110111000100000011010010111010000100000011011110110011001100110001011000010000001100001011011100110010000100000011010000110000101110110011010010110111001100111001000000111000001100001011100100110010101100100001000000110000101101110011001000010000001100011011011110111001001100101011001000010000001100001011100000111000001101100011001010111001100101100
11100000111010101110100001000000111010001101000011001010010000001110010011010010110001101100101001000000111001001101111011101010110111001100100001000000111010001101000011001010110110100101100001000000111010001111001011010010110111001100111001000000110010101100001011000110110100000100000011101010111000000100000011010010110111000100000011000010010000001100011011011000110111101110100011010000010111000100000010100000111010101110100001000000110000100100000011000100110100101110100001000000110111101100110
11011000110010101101101011011110110111001110000011001010110010101101100001011000010000001100001001000000110001101101100011011110111011001100101001011000010000001101111011100100010000001100011011010010110111001101110011000010110110101101111011011100010000001101001011011100010000001100101011000010110001101101000001011000010000001100001011011100110010000100000011000100110111101101001011011000010000001110100011010000110010101101101001000000111011101100101011011000110110000101110
10111110100100001110101011011100111010001100101011100101110001010000000100110010111001100100000010100000111010101100100011001000110100101101110011001110010111001011111
100110101101001011110000010000001101111011001100010000001110011011101010110010101110100001011000010000001100110011011000110111101110101011100100010110000100000011000110111010101110010011100100110000101101110011101000111001100101100001000000110000101101110011001000010000001110010011000010110100101110011011010010110111001110011001000000111001101110100011011110110111001100101011001000010000001100001011011100110010000100000011000010010000001101100011010010111010001110100011011000110010100100000011000110111010101110100001011000010000001100001
11100000110111101110101011011100110010000100000011001010110000101100011011010000010110000100000011101000110100001100101001000000111001001101001011011100110010000100000011011110110011000100000011011000110010101101101011011110110111000101100001000000111001101101000011100100110010101100100001000000110000101110011001000000110011001101001011011100110010100100000011000010111001100100000011100000110111101110011011100110110100101100010011011000110010100101100001000000111001101101001011110000010000001001010011000010110110101100001011010010110001101100001
11100000110010101110000011100000110010101110010011100110010000001101001011011100010000001100110011010010110111001100101001000000111000001101111011101110110010001100101011100100010110000100000011001100110111101110101011100100010000001100101011001110110011101110011001011000010000001100001001000000110011101101100011000010111001101110011001000000110111101100110001000000110001001110010011000010110111001100100011110010010110000100000011000010010000001101100011010010111010001110100011011000110010100100000011100110110000101101100011101000010110000100000011000010110111001100100
110000101110011001000000110110001101001011101000111010001101100011001010010000001101101011010010110110001101011001000000110000101110011001000000111011101101001011011000110110000100000011011010110000101101011011001010010000001101001011101000010000001101111011001100010000001100001001000000111000001110010011011110111000001100101011100100010000001100011011011110110111001110011011010010111001101110100011001010110111001100011011001010010111000100000010000100110111101101001011011000010000001101001011101000010000001101001011011100010000001100001
1100110011011000110111101110101011100100110010101100100001000000110001101101100011011110111010001101000001011000010000001101111011100100010000001100001001000000110110101100101011011000110111101101110001000000110110101101111011101010110110001100100001011000010000001100101011010010110011101101000011101000010000001101111011100100010000001101110011010010110111001100101001000000110100001101111011101010111001001110011001011100010000001010011011001010111001001110110011001010010000001110111011010010111010001101000001000000111001101110111011001010110010101110100
1110011011000010111010101100011011001010010111000100000010000010110010001100100001000000111001101101111011011010110010101110100011010010110110101100101011100110010000001100001001000000111001101110000011011110110111101101110011001100111010101101100001000000110111101100110001000000111000001100101011000010110001101101000011101110110000101110100011001010111001000101110
101010001101000011010010111001100100000011100000111010101100100011001000110100101101110011001110010000001110111011010010110110001101100001000000110101101100101011001010111000000101100001000000110000101100110011101000110010101110010001000000110100101110100001000000110100101110011001000000110001001101111011010010110110001100101011001000010110000100000011100110110100101111000001000000110110101101111011011100111010001101000011100110010110000100000011010010110011000100000011010110110010101110000011101000010000001110100011010010110010101100100001000000111010101110000
110100101101110001000000111010001101000011001010010000001110011011000010110110101100101001000000110001101101100011011110111010001101000001011000010000001100001011011100110010000100000011010000111010101101110011001110010000001110101011100000010110000100000011001100110111101101100011001000110010101100100001000000110100101101110001000000110000100100000011100110110100001100101011001010111010000100000011011110110011000100000011000110110000101110000001000000111000001100001011100000110010101110010001000000111010001101111
11100000111001001100101011100110110010101110010011101100110010100100000011010010111010000100000011001100111001001101111011011010010000001100100011101010111001101110100001011000010000001100010011001010110100101101110011001110010000001100110011010010111001001110011011101000010000001100011011011110110110001100100001011100010000001010111011010000110010101101110001000000111010001101111001000000110001001100101001000000111010101110011011001010110010000101100001000000110100101110100001000000110110101110101011100110111010000100000011000100110111101101001011011000010000001100001
1100110011101010110110001101100001000000110100001101111011101010111001000101110
101111101000011011011110110110101101101011011110110111000100000010100000110110001110101011011010110001000100000010100000111010101100100011001000110100101101110011001110010111001011111
101010001101000011001010010000001110011011000010110110101100101001000000111000001110010011011110111000001101111011100100111010001101001011011110110111001110011001000000110111101100110001000000110011001101100011011110111010101110010001000000110000101101110011001000010000001110011011101010110010101110100001011000010000001100001011011100110010000100000011010000110000101101100011001100010000001110100011010000110010100100000011100010111010101100001011011100111010001101001011101000111100100100000011011110110011000100000011001100111001001110101011010010111010000101100
1110111011010010111010001101000001000000111001101110000011010010110001101100101001011000010000001101100011001010110110101101111011011100010110000100000011000010010000001100111011011000110000101110011011100110010000001101111011001100010000001110111011010010110111001100101001011000010000001101111011100100010000001101110011011110111010000101100001000000110000101101110011001000010000001101111011011100110010100100000011001010110011101100111001000000110000101101110011001000010000001101101011010010110110001101011001011000010000001110111011010010110110001101100
11011010110000101101011011001010010000001100001011011100010000001100101011110000110001101100101011011000110110001100101011011100111010000100000011100000111010101100100011001000110100101101110011001110010110000100000011010010110011000100000011011000110111101101110011001110010000001100010011011110110100101101100011001010110010000101110
10111110100001101110101011100110111010001100001011100100110010000100000010100000111010101100100011001000110100101101110011001110010111001011111
10011010110100101111000001000000110001001111001001000000110010001100101011001110111001001100101011001010111001100100000011000010010000001110