1001010111001000101100001000000110000101101110011001000010000001110011011000010110110001110100001110110010000001100001011011100110010000100000011010010110011000100000011110010110111101110101001000000110110001101001011010110110010100100000011010010111010000100000011010000110100101100111011010000010110000100000011000010110010001100100001000000110000100100000011100110111000001101111011011110110111001100110011101010110110000100000011011110110011000100000011001110111001001100001011101100111100100101110
100001001100101001000000110001101100001011100100110010101100110011101010110110000100000011101000110111100100000011001000110111100100000011010010111010000100000011010010110111000100000011000010010000001110110011001010111001001111001001000000111011101100101011011000110110000100000011101000110100101101110011011100110010101100100001000000111001101100001011101010110001101100101011100000110000101101110001110110010000001101111011100100010000001101001011001100010000001111001011011110111010100100000011010000110000101110110011001010010000001100001
111001101101001011011000111011001100101011100100010000001101111011011100110010100101100001000000110111101110010001000000110000100100000011100110110100101101100011101100110010101110010001000000110110101110101011001110010110000100000011010010111010000100000011010010111001100100000011001100110000101110010001000000110001001100101011101000111010001100101011100100011101100100000011000010111001100100000011101000110100001100101001000000111001101101111011100100111001001100101011011000010000001101001011100110010000001110110011001010111001001111001
11100110110111101110101011100100010110000100000011001010111001101110000011001010110001101101001011000010110110001101100011110010010000001101001011011100010000001110011011100000111001001101001011011100110011100101110
101111101010110011001010110000101101100001000000100111101101100011010010111011001100101011100110010111001011111
100001101110101011101000010000001101100011011110110111001100111001000000111010001101000011010010110111000100000011000110110111101101100011011000110111101110000011100110011101000100000011000100110010101100001011101000010000001110100011010000110010101101101001011000010000001100001011011100110010000100000011011000110000101111001001000000110111101101110001000000111010001101000011001010110110100100000011101000110100001101001011011100010000001110011011011000110100101100011011001010111001100100000011011110110011000100000011001100110000101110100
11000100110000101100011011011110110111000101100001000000110000101101110011001000010000001101111011101100110010101110010001000000110000100100000011011000110000101111001011001010111001000100000011011110110011000100000011001100110111101110010011000110110010101101101011001010110000101110100001000000111001101100101011000010111001101101111011011100110010101100100001000000110100001101001011001110110100000101100001000000111011101101001011101000110100000100000011101000110100001100101001000000110000101100100011001000110100101110100011010010110111101101110001000000110111101100110
111001101101000011100100110010101100100001000000111001101101000011000010110110001101111011101000010110000100000011000010110111001100100001000000100001101100001011110010110010101101110011011100110010100101110001000000101001001101111011011000110110000100000011101000110100001100101011011010010000001110100011010010110011101101000011101000010110000100000011000010110001001101111011101010111010000100000011101000110100001100101001000000111001101101001011110100110010100100000011011110110011000100000011101000111011101101111
1100110011010010110111001100111011001010111001001110011001011000010000001100010011101010111010000100000011011100110111101110100001000000110110101101111011100100110010100100000011101000110100001100001011011100010000001110100011101110110111100100000011011110111001000100000011101000110100001110010011001010110010100100000011010010110111001100011011010000110010101110011001000000110110001101111011011100110011100111010001000000110011001100001011100110111010001100101011011100010000001110100011010000110010101101101001000000111001001101111011101010110111001100100
111011101101001011101000110100000100000011000010010000001110011011011010110000101101100011011000010000001110011011010110110010101110111011001010111001000111010001000000111001001110101011000100010000001100101011001110110011100100000011011110111011001100101011100100010110000100000011000010110111001100100001000000110011001110010011110010010000001110100011010000110010101101101001000000110111101100110001000000110000100100000011011000110100101100111011010000111010000100000011000100111001001101111011101110110111000101110
101001101100101011100100111011001100101001000000111011101101001011101000110100000100000011000100111001001101111011101110110111000100000011001110111001001100001011101100111100100101110
101111101000011011000010110110001100110111000101000000010011001011100110010000001001100011010010111011001100101011100100010111001011111
101001101101100011010010110001101100101011001000011101000100000011100110110010101100001011100110110111101101110011001010110010000100000011101110110100101110100011010000010000001110000011001010111000001110000011001010111001000100000011000010110111001100100001000000111001101100001011011000111010000101100001000000110000101101110011001000010000001101110011010010110001101100101011011000111100100100000011000100111001001101111011010010110110001100101011001000010111000100000010100100111010101100010001000000110000100100000011000100110100101110100001000000110111101100110
110001101101111011011000110010000100000011000100111010101110100011101000110010101110010001000000110111101101110001000000110100101110100001011000010000001100001011011100110010000100000011100110110010101110010011101100110010100100000011010000110111101110100001000000110000101101110011001000010000001101000011011110111010000101110
1011111010100100110111101100001011100110111010001100101011001000010111001011111
1010111011000010111001101101000001000000110000101101110011001000010000001110111011010010111000001100101001000000110100101110100001110100010000001110100011010000110010101101110001000000110001101110101011101000010000001100001001000000110110001101111011011100110011100100000011010000110111101101100011001010010000001101001011011100010000001101001011101000010110000100000011000010110111001100100001000000111001101110100011101010110011001100110001000000110100101110100001000000111011101101001011101000110100000100000011000110111001001110101011011010110001001110011
11011110110011000100000011000100111001001100101011000010110010000101100001000000110001101101000011011110111000001110000011001010110010000100000011000010110111001100011011010000110111101110110011110010010110000100000011010000110010101110010011000100111001100101100001000000110000100100000011001110110111101101111011001000010000001100100011001010110000101101100001000000110111101100110001000000110011001100001011101000010000001100010011000010110001101101111011011100010110000100000011011110110111001101001011011110110111000101100001000000111001101100001011011000111010000101100
11100000110010101110000011100000110010101110010001011000010000001100001001000000110001001101001011101000010000001101111011001100010000001100010011101010111010001110100011001010111001000101100001000000110000101101110011001000010000001100001011011100010000001100101011001110110011100101110001000000101001101100101011101110010000001110100011010000110010100100000011011000110100101110110011001010111001000100000011101010111000000111011001000000111010001101000011001010110111000100000011011000110000101110010011001000010000001101111011100100010000001110111011100100110000101110000
110100101110100001000000110100101101110001000000110000100100000011101100110010101100001011011000010000001100011011000010111010101101100001011000010000001100001011011100110010000100000011100100110111101100001011100110111010000100000011010010111010000101110
1010011011001010111001001110110011001010010000001110111011010010111010001101000001000000110000100100000011001110110111101101111011001000010000001100010011100100110111101110111011011100010000001100111011100100110000101110110011110010010110000100000011000010110111001100100001000000110001101110101011100100111001001100001011011100111010000100000011010100110010101101100011011000111100100101110
101111101010011011101110110010101100101011101000110001001110010011001010110000101100100011100110010111001011111
100100001100001011011000110011000100000011000100110111101101001011011000010110000100000011000010110111001100100001000000111001101110100011001010111011100100000011010010110111000100000011000010010000001110111011010000110100101110100011001010010000001100111011100100110000101110110011110010010111000100000010000010110010001100100001000000110001101110010011001010110000101101101001011000010000001100110011011000110111101110101011100100010110000100000011000100111010101110100011101000110010101110010001011000010000001101110011101010111010001101101011001010110011100101100
11100110110000101101100011101000010110000100000011000010110111001100100001000000111011101101000011010010111010001100101001000000111000001100101011100000111000001100101011100100011101000100000011011110111001000101100001000000110100101101110001000000110001001110010011011110111011101101110001011000010000001110011011001010110000101110011011011110110111001100101011001000011101000100000011011110111001000101100001000000110000101100110011101000110010101110010001000000111000001100001011100100110001001101111011010010110110001101001011011100110011100101100
1100011011011110111011001100101011100100010000001110111011010010111010001101000001000000110001101110010011101010110110101100010011100110010110000100000011010000110010101110010011000100111001100101100001000000110000101101110011001000010000001110011011001010110000101110011011011110110111001101001011011100110011100101100001000000110000101101110011001000010000001100010011100100110111101110111011011100010000001101001011011100010000001100001001000000100010001110101011101000110001101101000001000000110111101110110011001010110111000101110
101001101100101011100100111011001100101001000000111011101101001011101000110100000100000011000100111010101110100011101000110010101110010001011000010000001100001011011100110010000