10100101110010011000010010000001101111011100100010000001110011011010000110010101110010011100100111100100100000011101110110100101101110011001010010110000100000011000010010000001101100011000010111001001100111011001010010000001101111011011100110100101101111011011100010110000100000011010000110000101101100011001100010000001100001001000000111010001100101011000010111001101110000011011110110111101101110011001100111010101101100001000000110111101100110
10000110110000101111001011001010110111001101110011001010010000001110000011001010111000001110000011001010111001000101100001000000110000100100000011000100110100101110100001000000110111101100110001000000110110001100101011011010110111101101110011100000110010101100101011011000010110000100000011101000111011101101111001000000110000101101110011000110110100001101111011101100110100101100101011100110010110000100000011100110110111101101101011001010010000001110011011101110110010101100101011101000010000001101000011001010111001001100010011100110010110000100000011000010110111001100100
110010101101001011001110110100001110100011001010110010101101110001000000110111101111001011100110111010001100101011100100111001100100000011000110111010101110100001000000110100101101110001000000111000001101001011001010110001101100101011100110010110000100000011000010110111001100100001000000111010001101000011001010110111000100000011000110110100001101111011100000111000001100101011001000010000001100110011010010110111001100101001011000010000001100001001000000111010001100101011000010111001101110000011011110110111101101110011001100111010101101100001000000110111101100110
1110011011000010110110001110100001011000010000001100001001000000110110001101001011101000111010001101100011001010010000001101110011101010111010001101101011001010110011100101100001000000110000101101110011001000010000001110100011010000110010100100000011011000110100101110001011101010110111101110010001000000110111101100110001000000111010001101000011001010010000001101111011110010111001101110100011001010111001001110011001110100010000001100011011011110111011001100101011100100010000001110100011010010110011101101000011101000010110000100000011000010110111001100100
1110011011010010110110101101101011001010111001000100000011101000110100001110010011001010110010100100000011100010111010101100001011100100111010001100101011100100111001100100000011011110110011000100000011000010110111000100000011010000110111101110101011100100010111000100000010100110110010101110010011101100110010100100000011101110110100101110100011010000010000001100110011011110111001001100011011001010110110101100101011000010111010000100000011000100110000101101100011011000111001100101100001000000110000101101110011001000010000001101000011000010111001001100100
1100101011001110110011101110011001000000110100101101110001000000111010001101000011001010010000001110100011101010111001001100101011001010110111000101110
10111110100111001101111011101000110010100101110010111110010000001000011011011110111011101101000011001010110010101101100011100110010110000100000011101110110100101110100011010000010000001110110011001010110000101101100001000000110111101110010001000000110100001100101011000010110010000101100001000000110000101110010011001010010000001100001001000000110011101110010011001010110000101110100001000000110100101101101011100000111001001101111011101100110010101101101011001010110111001110100001110110010000001100001011011100110010000100000011010010110011000100000011011100110111101110100
111010001101111011011110010000001101101011101010110001101101000001000000110001001101111011010010110110001100101011001000010110000100000011010000110000101110110011001010010000001100001001000000111011001100101011100100111100100100000011001100110100101101110011001010010000001100110011011000110000101110110011011110111010101110010001000000111001101110100011001010111011101100101011001000010000001100110011011110111001000100000011101000111010101110010011101000110110001100101001110110010000001100001011011100110010000100000011000010111001001100101
1101101011011110111001001100101001000000111001101101111011011000110100101100100001000000111010001101000011000010110111000100000011101000110100001100101001000000110001101100001011011000110011011100010100000001001100101110011001000000110011001100101011001010111010000101110
101111101000011011000010110110001100110111000101000000010011001011100110010000001001000011001010110000101100100001000000101000001101001011001010010111001011111
10100110111010001100101011101110010000001100001001000000110101101101110011101010110001101101011011011000110010100100000011011110110011000100000011101100110010101100001011011000010000001110100011010010110110001101100001000000110011001101001011101000010000001100110011011110111001000100000011001010110000101110100011010010110111001100111001011000010000001110111011010010111010001101000001000000111010001110111011011110010000001101111011011100110100101101111011011100111001100101100001000000110000100100000011001100110010101110111
1101001011100110110100101101110011001110110110001100001011100110111001100100000011100110110100001100001011101100110100101101110011001110111001100101100001000000110000100100000011000100111010101101110011000110110100000100000011011110110011000100000011010000110010101110010011000100111001100101100001000000011001000100000011000100110110001100001011001000110010100100000011011110110011000100000011011010110000101100011011001010010110000100000011000010110111001100100001000000110000100100000011001100110010101110111
11100000110010101110000011100000110010101110010011000110110111101110010011011100111001100101100001000000110100101101110001000000111010001110111011011110010000001110001011101010110000101110010011101000111001100100000011011110111001000100000011011000110010101110011011100110010000001101111011001100010000001110111011000010111010001100101011100100010111000100000010010110110010101100101011100000010000001110100011010000110010100100000011000100111001001101111011101000110100000100000011001100110111101110010001000000111010001101000011001010010000001110000011010010110010100101110
10101000110000101101011011001010010000001101111011001100110011000100000011000010010000001100010011010010111010000100000011011110110011000100000011101000110100001100101001000000110110101100101011000010111010000100000011001100110111101110010001000000111010001101000011001010010000001100010011000010110110001101100011100110010110000100000011000010110111001100100001000000110110001100101011101000010000001110100011010000110010100100000011011110111010001101000011001010111001000100000011000100110010100100000011001010110000101110100011001010110111000111011
11000100111010101110100001000000111001101101001011011010110110101100101011100100010000001110100011010000110010100100000011000100110111101101110011001010111001100100000011010010110111000100000011101000110100001100101001000000110001001110010011011110111010001101000001000000111010001101001011011000110110000100000011010010111010000100000011010010111001100100000011101100110010101110010011110010010000001100111011011110110111101100100001011100010000001001000011000010110110001100110001000000110001001101111011010010110110000100000011101000110100001100101
110100001100101011000010110010000101100001000000110000101101110011001000010000001100011011101010111010000100000011010010111010000100000011010010110111000100000011100110111000101110101011000010111001001100101001000000110001001101001011101000111001100111010001000000111000001110101011101000010000001100001001000000110110001100001011110010110010101110010001000000110111101100110001000000110100001100001011011010010000001100001011101000010000001110100011010000110010100100000011000100110111101110100011101000110111101101101001011000010000001110100011010000110010101101110
11100110110111101101101011001010010000001101000011001010110000101100100001011000010000001100110011010010111001001110011011101000010000001100110011000010111010000100000011101000110100001100101011011100010000001101100011001010110000101101110001011000010000001110111011010010111010001101000001000000110001001100001011011000110110001110011001000000110000101101110011001000010000001101000011000010111001001100100001000000110010101100111011001110111001100100000011000110111010101110100001000000110100101101110001000000110100001100001011011000110011000101100
1100001011011100110010000100000011100110110111100100000011011110110111000100000011101000110100101101100011011000010000001110100011010000110010100100000011001000110100101110011011010000010000001100010011001010010000001100110011101010110110001101100001110110010000001100010011101010111010000100000011000100110010100100000011100000110000101110010011101000110100101100011011101010110110001100001011100100110110001111001001000000110001101100001011100100110010101100110011101010110110000100000011011100110111101110100001000000111010001101111
111000001101100011000010110001101100101001000000111010001101000011001010010000001110000011010010110010101100011011001010111001100100000011000110110110001101111011100110110010100101100001000000110111101110010001000000111010001101000011001010010000001110000011010010110010100100000011101110110100101101100011011000010000001100010011001010010000001110100011011110110111100100000011100110110111101101100011010010110010000101100001000000110000101101110011001000010000001110100011010000110010101110010011001010010000001110111011010010110110001101100001000000110001001100101
11011100110111100100000011100110111000001100001011000110110010100100000011001100110111101110010001000000111010001101000011001010010000001101010011001010110110001101100011110010010111000100000010101000110100001100101001000000110110101100101011000010111010000100000011011010111010101110011011101000010000001100010011001010010000001100110011010010111001001110011011101000010000001110000011100100110010101110100011101000111100100100000011101110110010101101100011011000010000001110011011001010110000101110011011011110110111001100101011001000010000001110111011010010111010001101000
11100000110010101110000011100000110010101110010001000000110000101101110011001000010000001110011011000010110110001110100001011000010000001100001011011100110010000100000011000010010000001110011011000110111001001100001011100000110010100100000011011110111001000100000011101000111011101101111001000000110111101