001010110010000100000011011110111011001100101011100100010110000100000011011110111001000100000011100110110010101101110011101000010000001101001011011100010000001100001001000000110001001101111011000010111010000101110
10111110100001001100101011011100111010001101111011011100010000001010011011000010111010101100011011001010010000001100110011011110111001000100000011010000110111101110100001000000110111101110010001000000110001101101111011011000110010000100000011100100110111101100001011100110111010000100000010000100110010101100101011001100010111001011111
100011101110010011000010111010001100101001011000010000001101111011100100010000001110011011000110111001001100001011100000110010100100000011101100110010101110010011110010010000001100110011010010110111001100101001011000010000001101000011011110111001001110011011001010111001001100001011001000110100101110011011010000010110000100000011000010010000001101100011010010111010001110100011011000110010100100000011011010110000101100100011001010010000001101101011101010111001101110100011000010111001001100100001011000010000001110011011011110110110101100101
11100000110111101110101011011100110010001100101011001000010000001110111011010000110100101110100011001010010000001110011011101010110011101100001011100100010110000100000011000010110111001100100001000000110011001101111011101010111001000100000011011000110000101110010011001110110010100100000011100110111000001101111011011110110111001100110011101010110110001110011001000000110111101100110001000000111011001101001011011100110010101100111011000010111001000101110
10100110110010101110010011101100110010100100000011010010110111000100000011000010010000001110011011000010111010101100011011001010111001000101110
101111101010100011011110010000001101101011001010110110001110100001000000100001001110101011101000111010001100101011100100010111001011111
1001111011011100010000001100001001000000110001101101100011001010110000101101110001000000111010001110010011001010110111001100011011010000110010101110010001011000010000001101101011010010111100000100000011000010010000001101100011010010111010001110100011011000110010100100000011001100110110001101111011101010111001000100000011101000110111100100000011000010010000001101100011000010111001001100111011001010010000001110000011010010110010101100011011001010010000001101111011001100010000001100010011101010111010001110100011001010111001000101100001000000110100101101110
1110100011010000110010100100000011100000111001001101111011100000110111101110010011101000110100101101111011011100010000001101111011001100010000001100001001000000111010001100101011000010111001101110000011011110110111101101110011001100111010101101100001000000111010001101111001000000110000100100000011001100111010101101100011011000010000001110001011101010110000101110010011101000110010101110010001000000110111101100110001000000110000100100000011100000110111101110101011011100110010000111011001000000111010001101000011001010110111000100000011100000111010101110100
11010010110111001110100011011110010000001100001001000000111001101100001011101010110001101100101011100000110000101101110001011000010000001100001011011100110010000100000011100000110111101110101011100100010000001101111011011100010000001101001011101000010000001110100011101110110111100100000011011000110000101110010011001110110010100100000011100110111000001101111011011110110111001100110011101010110110001110011001000000110111101100110001000000110100001101111011101000010000001110111011000010111010001100101011100100011101100100000011100110110010101110100001000000110100101110100
11011110110111000100000011101000110100001100101001000000110011001101001011100100110010100101100001000000110000101101110011001000010000001101100011001010111010000100000011010010111010000100000011000100110111101101001011011000010000001110001011101010110100101100011011010110010111000100000010110010110111101110101001000000111001101101000011011110111010101101100011001000010000001110011011101000110100101110010001000000110100101110100001000000111001001101111011101010110111001100100001000000110111101101110011001010010000001110111011000010111100100101100
11000010110111001100100001000000111001101100101011100100111011001100101001000000110100101110100001000000110000101110011001000000111001101101111011011110110111000100000011000010111001100100000011100100110010101100001011001000111100100101110
1001111011011100010000001110100011010000110010100100000011001110110111101101111011001000110111001100101011100110111001100100000011011110110011000100000011101000110100001101001011100110010000001100100011001010111000001100101011011100110010001110011001000000111010001101000011001010010000001101100011011110110111101101011001000000110000101101110011001000010000001100110011011000110000101110110011011110111010101110010001000000110111101100110001000000110010101110110011001010111001001111001001000000111001101100001011101010110001101100101001000000110100101101110
1110111011010000110100101100011011010000010000001101001011101000010000001101001011100110010000001110000011101010111010000101110
1011111010011000110111101100010011100110111010001100101011100100010000001010011011000010111010101100011011001010010111001011111
1010000011011110111010101101110011001000010000001110100011010000110010100100000011100110111000001100001011101110110111000101100001000000110000101101110011001000010000001110100011101110110111100100000011000010110111001100011011010000110111101110110011010010110010101110011001110100010000001110000011011110111010101110010001000000110111101101110001000000111010001110111011011110010000001110011011100000110111101101111011011100110011001110101011011000111001100100000011011110110011000100000011001110111001001100001011101100111100100111010
111001101110100011100100110000101101001011011100010000001101001011101000010000001101001011011100111010001101111001000000111001101101111011011010110010100100000011000100111010101110100011101000110010101110010001000000110110101100101011011000111010001100101011001000010000001100001011100110010000001100001011000100110111101110110011001010011101100100000011101000110100001100101011011100010000001110000011101010111010000100000011010010110111000100000011101000110100001100101001000000110110101100101011000010111010000100000011011110110011000100000011101000110100001100101
11011000110111101100010011100110111010001100101011100100010110000100000011001110110100101110110011001010010000001101111011011100110010100100000011000100110111101101001011011000010110000100000011000010110111001100100001000000110000101100100011001000010000001100001001000000111001101110001011101010110010101100101011110100110010100100000011011110110011000100000011011000110010101101101011011110110111000101110
101111101000001011011100110111101110100011010000110010101110010001000000111011101100001011110010010111001011111
100110001100101011000010111011001100101001000000110111101110101011101000010000001110100011010000110010100100000011000010110111001100011011010000110111101110110011010010110010101110011001000000110000101101110011001000010000001100111011100100110000101110110011110010010110000100000011000010110111001100100001000000110010001101111001000000110000101110011001000000110000101100010011011110111011001100101001011000010000001110111011010010111010001101000001000000110000100100000011011000110100101110100011101000110110001100101001000000111001101100001011011000111010000101100
110000101101110011001000010000001100011011000010111010001110011011101010111000000101100001000000110111101110010001000000110111001101111011101000010110000100000011000010111001100100000011110010110111101110101001000000110110001101001011010110110010100101110001000000100110101100001011011100111100100100000011100000111001001100101011001100110010101110010001000000111010001101000011001010010000001100110011011000110000101110110011011110111010101110010001000000110111101100110001000000111010001101000011001010010000001101100011011110110001001110011011101000110010101110010
110000101101110011001000010000001110011011000010110110001110100001000000110111101101110011011000111100100101110
10111110101001101101000011100100110100101101101011100000010000001010011011000010111010101100011011001010010111001011111
10010010110011000100000011011100110111101110100001000000111000001101001011000110110101101100101011001000010000001100001011101000010000001101000011011110110110101100101001011000010000001110000011011110111010101110010001000000110000100100000011011000110100101110100011101000110110001100101001000000111011101100001011101000110010101110010001000000110111101110110011001010111001000100000011101000110111100100000011101110110000101110011011010000010110000100000011000010110111001100100001000000111000001110101011101000010000001110100011010000110010101101101001000000111010001101111
11000100111010101110100011101000110010101110010001000000110110101100101011011000111010001100101011001000010000001110100011010000110100101100011011010110010000001100001011011100110010000100000011100110110110101101111011011110111010001101000001110100010000001100111011010010111011001100101001000000111010001101000011001010110110100100000011011110110111001100101001000000110001001101111011010010110110000101100001000000110000101101110011001000010000001100001011001000110010000100000011101000110100001100101001000000110101001110101011010010110001101100101001000000110111101100110
11011000110010101101101011011110110111000101110
1011111010000010110111001100011011010000110111101110110011110010010000001010011011000010111010101100011011001010010111001011111
100001101101000011011110111000000100000011011110110111001100101001000000110111101110010001000000111010001110111011011110010000001110111011010010111010001101000011011110111010101110100001000000111011101100001011100110110100001101001011011100110011100111010001000000111000001110101011101000010000001110100011011110010000001110011011011110110110101100101001000000110011001101100011011110111010101110010001000000110000101101110011001000010000001100010011101010111010001110100011001010111001000101100001000000110000101101110011001000010000001100001
11011000110100101110100011101000110110001100101001000000110010001110010011011110111000000100000011011110110011000100000011101110110000101110100011001010111001000111010001000000111001101110100011010010111001000100000011010010111010000100000011