10101011001010111010000101100001000000110000101101110011001000010000001100110011100100110010101110011011010000010000001100010011101010111010001110100011001010111001000101100001000000110010101110001011101010110000101101100001000000111000001100001011100100111010001110011001110110010000001110011011011110110110101100101001000000111000001100001011100100111001101101100011001010111100100101100
11101000110100001111001011011010110010100101100001000000110000101101110011001000010000001110011011000010111011001101111011100100111100100111011001000000110000100100000011011000110100101110100011101000110110001100101001000000110111101101110011010010110111101101110001011000010000001100001011011100110010000100000011000010010000001100110011001010111011100100000011011000110010101100001011101100110010101110011001000000110111101100110001000000111001101100011011001010110111001110100011001010110010000100000011011010110000101110010011010100110111101110010011000010110110100101100
1110011011010000111001001100101011001000010000001100110011010010110111001100101011011000111100100111011001000000110000101101110001000000110000101101110011000110110100001101111011101100111100100100000011011110111001000100000011101000111011101101111001110110010000001100001001000000110110001101001011101000111010001101100011001010010000001110011011000010110110001110100001000000110000101101110011001000010000001101110011101010111010001101101011001010110011100101100001000000110000101101110011001000010000001110011011011110110110101100101
1110000011001010111000001110000011001010111001000101110
10010010110011000100000011110010110111101110101001000000110100001100001011101100110010100100000011011110111100101110011011101000110010101110010011100110010110000100000011101000110100001110010011001010110010100100000011011110111001000100000011001100110111101110101011100100010000001101101011000010111100100100000011000100110010100100000011101010111001101100101011001000010000001101001011011100111001101110100011001010110000101100100001000000110111101100110001000000110000101101110011000110110100001101111011101100110100101100101011100110010111000100000010011010110100101111000
11000010110110001101100001000000111011101101001011101000110100000100000011000110111001001110101011011010110001001110011001000000110111101100110001000000110001001110010011001010110000101100100001011000010000001100001011011100110010000100000011101000111011101101111001000000111100101100101011011000110101101110011001000000110000101101110011001000010000001110111011010000110100101110100011001010111001100100000011011110110011000100000011001010110011101100111011100110010110000100000011101110110010101101100011011000010000001100010011001010110000101110100011001010110111000101100
110000101101110011001000010000001110000011000010111001001110011011011000110010101111001001000000111001101101000011100100110010101100100001000000110011001101001011011100110010100101110
10111110101001101110000011100100110000101110100011100110101111100101100
10101110110100001100101011011100010000001100011011011000110010101100001011011100110010101100100001011000010000001110011011010000110111101110101011011000110010000100000011000100110010100100000011001100110000101110011011101000110010101101110011001010110010000100000011010010110111000100000011100100110111101110111011100110010000001100010011110010010000001100001001000000111001101101011011001010111011101100101011100100010110000100000011100100111010101101110001000000111010001101000011100100110111101110101011001110110100000100000011101000110100001100101
110100001100101011000010110010001110011001011000010000001100001011011100110010000100000011101000110100001100101011011100010000001100010011100100110111101101001011011000110010101100100001000000110000101101110011001000010000001110011011001010111001001110110011001010110010000100000011010000110111101110100001000000110000101101110011001000010000001101000011011110111010000101110
1010011011100000111001001100001011101000111001100100000011000100110000101101011011001010110010000101100001000000110000101110011001000000110100001100101011100100111001001101001011011100110011101110011001011000010000001110000011000010110011101100101001000000011100000101110
11100010100000001001010011100010100000001001010000100000011001100111001001101001011001010110010000101100001000000110000101110011001000000110010001101111001011100010000001110000011000010110011101100101001000000011100100101110
101111101010100011011110010000001100100011100100110010101110011011100110010000001100110011100100110010101110011011010000010000001010011011101000111010101110010011001110110010101101111011011100010111001011111
1000011011101010111010000100000011100110110110001101001011000110110010101110011001011000010000001110010011101010110001000100000011001010110011101100111001000000110111101110110011001010111001000101100001000000111010001101000011001010110111000100000011100110111000001110010011010010110111001101011011011000110010100100000011101110110100101110100011010000010000001100011011100100111010101101101011000100111001100100000011011110110011000100000011000100111001001100101011000010110010000101100001000000111000001100001011100100111001101101100011001010111100100101100
111000001100101011100000111000001100101011100100010110000100000011100110110000101101100011101000010110000100000011000010110111001100100001000000110011001101111011011000110010000100000011010010110111000100000011100000110000101110000011001010111001000101100001000000110000101101110011001000010000001100010011100100110111101101001011011000010000001100111011001010110111001110100011011000111100100101110
101001101100001011101010110001101100101001110110010000001100010011101010111010001110100011001010111001000101100001000000110000101101110011000110110100001101111011101100111100100101100001000000110000101101110011001000010000001110011011011110111100100101110
1011111010101000110100001101111011100100110111001100010011000010110001101101011001011000010000001101111011100100010000001010011011010110110000101110100011001010101111100101100
10100110110100001101111011101010110110001100100001000000110001001100101001000000110100001110101011011100110011100100000011011110110111001100101001000000110010001100001011110010010000001100001011101000010000001101100011001010110000101110011011101000010110000100000011000100110010101100110011011110111001001100101001000000110100101110100001000000110001001100101001000000110010001110010011001010111001101110011011001010110010000101100001000000110000101101110011001000010000001101101011000010111100100100000011000100110010100100000011100110110010101110010011101100110010101100100
1100101011010010111010001101000011001010111001000100000011000100110111101101001011011000110010101100100001011000010000001101111011100100010000001100110011100100110100101100101011001000010000001101001011011100010000001100011011100100111010101101101011000100111001100101100001000000110001001100101011010010110111001100111001000000110011001101001011100100111001101110100001000000110010001101001011100000111000001100101011001000010000001101001011011100010000001100101011001110110011100101110
101111101000011011100100110100101101101011100000010000001010011011010110110000101110100011001010010111001011111
10000100110111101101001011011000110010101100100001011000010000001100001011011100110010000100000011100110110010101101110011101000010000001110101011100000010000001101001011011100010000001100001001000000110111001100001011100000110101101101001011011100011101100100000011011110111001000100000011001100111001001101001011001010110010000100000011000010111001100100000011000010110001001101111011101100110010100101110
101111101001101011000010110100101100100011100110101111100101100
101001101101000011011110111010101101100011001000010000001100010011001010010000001101100011010010110101101100101011101110110100101110011011001010010000001101000011101010110111001100111001000000110111101101110011001010010000001100100011000010111100100100000011000010111010000100000011011000110010101100001011100110111010000101110001000000100110101100001011110010010000001100010011001010010000001100010011011110110100101101100011001010110010000100000011011110111001000100000011001100111001001101001011001010110010000111011001000000110111101110010001000000110100101100110
1101111011001100010000001100001001000000111010001101111011011000110010101110010011000010110001001101100011001010010000001110011011010010111101001100101001011000010000001110100011010000110010100100000011011010110100101100100011001000110110001100101001000000110110101100001011110010010000001100010011001010010000001100010011011110110100101101100011001010110010000100000011000010110111001100100001000000111010001101000011001010010000001100110011010010110111001110011001000000110011001110010011010010110010101100100001011100010000001010100011010000110010101111001
1110011011010000110111101110101011011000110010000100000011000100110010100100000011001000110100101110000011100000110010101100100001000000110100101101110001000000110010101100111011001110010110000100000011000010110111001100100001000000110001101101111011101100110010101110010011001010110010000100000011101110110100101110100011010000010000001100011011100100111010101101101011000100111001100101110
10011110100001001010011010001010101001001010110010000010101010001001001010011110100111001010011001000000100111101001110001000000100010001010010010001010101001101010011010010010100111001000111001000000100011001001001010100110100100000101110
10010010110011000100000011101000110100001100101001000000110011001101001011100110110100001101101011011110110111001100111011001010111001000100000011001000110111101100101011100110010000001101110011011110111010000100000011000110110110001100101011000010110111000100000011010010111010000101100001000000110011001101001011100110110100000100000011010010111001100100000011100110110010101101100011001000110111101101101001000000111011001100101011100100111100100100000011011100110100101100011011001010110110001111001001000000110010001101111011011100110010100111011
1100010011101010111010000100000011101000110100001101111011100110110010100100000011010010110111000100000011001110111001001100101011000010111010000100000011101000110111101110111011011100111001100100000011101110110000101110011011010000010000001101001011101000010000001100010011001010111100101