01000010000001110000011011110111011101100100011001010111001000101110
1010011011100000111001001101001011011100110101101101100011001010010000001101001011101000010000001100001011011010110111101101110011001110010000001110100011010000111001001100101011001010010000001110001011101010110000101110010011101000111001100100000011011110110011000100000011101000110100001100101001000000110011001101001011100110110100000101100001000000110000101101110011001000010000001110000011000010110001101101011001000000111010001101000011001010110110100100000011010010110111000100000011101000111011101101111001000000111001101110100011011110110111001100101
11010100110000101110010011100110010111000100000010010110110010101100101011100000010000001101001011011100010000001100001001000000110001101101111011011000110010000100000011100000110110001100001011000110110010100101100001000000110011001100001011100110111010001100101011011100110010101100100001000000110010001101111011101110110111000100000011101110110100101110100011010000010000001100001001000000110001001101100011000010110010001100100011001010111001000101110
101010001101000011001010111001101100101001000000110000101110010011001010010000001110000011011000110010101100001011100110110000101101110011101000010000001101111011011100010000001100010011100100110010101100001011001000010000001100001011011100110010000100000011000100111010101110100011101000110010101110010001110100010000001100010011101010111010000100000011010000110000101110110011001010010000001110100011010000110010100100000011000100110010101110011011101000010000001100110011011110111001000100000011100110110000101110101011000110110010100101110
10111110101010001101111001000000110101101100101011001010111000000100000010000010110111001100011011010000110111101110110011010010110010101110011001000000111011101101000011001010110111000100000011101000110100001100101001000000110110001101001011100010111010101101111011100100010000001100100011100100110100101100101011100110010111001011111
10100000110111101110101011100100010000001101111011011100010000001110100011010000110010101101101001000000110001001100101011001010110011000100000011000100111001001101001011011100110010100101110
101111101010100011011110010000001101011011001010110010101110000001000000100001101100001011100000110010101110010011100110010111001011111
100000101100100011001000010000001100110011100100110010101110011011010000010000001110110011010010110111001100101011001110110000101110010001011000010000001110100011010000110000101110100001000000110100001100001011100110010000001100010011001010110010101101110001000000111001101100011011000010110110001100100011001010110010000101100001000000110000101101110011001000010000001100010011001010110001101101111011011010110010100100000011000110110111101101100011001000011101100100000011000010110111001100100001000000111010001101001011001010010000001110100011010000110010101101101
11000110110110001101111011100110110010100101100001000000111010001101111001000000110101101100101011001010111000000100000011011110111010101110100001000000111010001101000011001010010000001100001011010010111001000101110
10111110101010001101111001000000110110101100001011010110110010100100000010011010111010101110011011101000110000101110010011001000010111001011111
100110101101001011110000010000001110100011010000110010100100000011000100110010101110011011101000010000001000100011101010111001001101000011000010110110100100000011001100110110001101111011101010111001000100000011011110110011000100000011011010111010101110011011101000110000101110010011001000010000001100010011110010010000001100100011001010110011101110010011001010110010101110011001011000010000001110111011010010111010001101000001000000110001001101111011010010110110001101001011011100110011100100000011101110110000101110100011001010111001000101100001000000111010001101111
110000100100000011100000111001001101111011100000110010101110010001000000111010001101000011010010110001101101011011011100110010101110011011100110010110000100000011100100111010101100010011000100110100101101110011001110010000001101001011101000010000001110000011001010111001001100110011001010110001101110100011011000111100100100000011100110110110101101111011011110111010001101000001110100010000001100001011001000110010000100000011000010010000001101100011010010111010001110100011011000110010100100000011100110110000101101100011101000010110000100000011000010110111001100100
110101101100101011001010111000000100000011010010111010000100000011010010110111000100000011000010010000001110011011011010110000101101100011011000010000001101010011000010111001000101100001000000110001101101100011011110111001101100101001000000110001101101111011101100110010101110010011001010110010000111011001000000110000101101110011001000010000001110000011101010111010000100000011011110110111001101100011110010010000001100001011100110010000001101101011101010110001101101000001000000110100101101110011101000110111100100000011101000110100001100101
11001110110110001100001011100110111001100100000011000010111001100100000011101110110100101101100011011000010000001100010011001010010000001110101011100110110010101100100001000000111001101101111011011110110111000111011001000000111011101101000011010010110001101101000001000000111001101101000011011110111010101101100011001000010000001100010011001010010000001110111011010010111000001100101011001000010000001100100011000010110100101101100011110010010000001110010011011110111010101101110011001000010000001110100011010000110010100100000011001010110010001100111011001010111001100101110
101111101000001011011100110111101110100011010000110010101110010001000000111011101100001011110010010000001100110011011110111001000100000011010010110110101101101011001010110010001101001011000010111010001100101001000000111010101110011011001010010111001011111
100110101101001011110000010000001110100011010000110010100100000011011010111010101110011011101000110000101110010011001000010000001110111011010010111010001101000001000000110111001100101011101110010000001101101011010010110110001101011001000000110001001111001001000000110010001100101011001110111001001100101011001010111001100101100001000000111010001101111001000000110001001100101001000000111000101110101011010010111010001100101001000000111001101101101011011110110111101110100011010000010110000100000011000010110111001100100001000000110000101100100011001000010000001100001
11011000110100101110100011101000110110001100101001000000111001001100001011101110010000001100011011100100110010101100001011011010010111000100000010010010111010000100000011010010111001100100000011011010111010101100011011010000010000001110011011011110110011001110100011001010111001000100000011101000110100001101001011100110010000001110111011000010111100100101100001000000110100101110011001000000110111001101111011101000010000001100010011010010111010001110100011001010111001000101100001000000110000101101110011001000010000001110111011010010110110001101100
1101011011001010110010101110000001000000111011101100101011011000110110000101110
101010001101000011001010010000001110000011000010111010001100101011011100111010000100000011011010111010101110011011101000110000101110010011001000010000001101001011100110010000001100010011110010010000001101101011000010110111001111001001000000111000001110010011001010110011001100101011100100111001001100101011001000010110000100000011000010110111001100100001000000110100101110100001000000110100101110011001000000111000001100101011100100110100001100001011100000111001100100000011000010111001100100000011000110110100001100101011000010111000000101100
11000100110010101101001011011100110011100100000011000010110110001110111011000010111100101110011001000000111001001100101011000010110010001111001001110100010000001100001011011100110010000100000011010010110011000100000011101000110100001100101001000000111000001101111011101000111001100100000011000010111001001100101001000000111001001100101011101000111010101110010011011100110010101100100001011000010000001110100011010000111001001100101011001010010000001110000011001010110111001100011011001010010000001101001011100110010000001100001011011000110110001101111011101110110010101100100
11001100110111101110010001000000110010101100001011000110110100000101110
10000010010000001110100011001010110000101110011011100000110111101101111011011100110011001110101011011000010000001101111011001100010000001110011011101010110011101100001011100100010000001110100011011110010000001101000011000010110110001100110001000000110000100100000011100000110100101101110011101000010000001101111011001100010000001101101011101010111001101110100011000010111001001100100001011000010000001101001011100110010000001100001001000000110011101110010011001010110000101110100
1101001011011010111000001110010011011110111011001100101011011010110010101101110011101000010110000100000011000010110111001100100001000000111001101101111011001100111010001100101011011100111001100100000011010010111010000101110
101000001001001010000110100101101001100010001010101001100101110
101111101001001011011100110010001101001011000010010111001011111
100110001100001011110010010000001100001001000000111000001101111011101010110111001100100001000000110111101100110001000000111011101101000011010010111010001100101001000000110011101101001011011100110011101100101011100100010000001101001011011100010000001110111011000010111010001100101011100100010000001101111011011100110010100100000011011100110100101100111011010000111010000111010001000000111010001101000011001010110111000100000011100110110001101110010011000010111000001100101001011000010000001110011011011000110100101100011011001010010110000100000011000010110111001100100
11011000110000101111001001000000110100101110100001000000110100101101110001000000111001101100001011011000111010000100000011010010110111000100000011000010010000001110000011000010110111000100000011101000110100101101100011011000010000001110100011010000110010100100000011011110111010001101000011001010111001000100000011010010110111001100111011100100110010101100100011010010110010101101110011101000111001100100000011100110110100001100001011011000110110000100000011000100110010100100000011100100110010101100001011001000111100100101110
1010000011001010110010101101100001011000010000001110011011011000110100101100011011001010010110000100000011000010110111001100100001000000111001101100001011011000111010000100000011000010010