1000110110000100000011101000110111101100111011001010111010001101000011001010111001000101100001000000110000101101110011001000010000001101100011000010111100100100000011010010111010000100000011010010110111000100000011000010010000001100100011010010111001101101000
111011101101001011101000110100000100000011100000110000101110011011101000110010100100000011101000110111100100000011101000111010101110010011011100010000001101111011101010111010000101110
10111110100111101100001011101000110110101100101011000010110110000100000010100000111010101100100011001000110100101101110011001110010111001011111
10100000110111101110101011100100010000001100001001000000111000101110101011000010111001001110100001000000110111101100110001000000110001001101111011010010110110001101001011011100110011100100000011011010110100101101100011010110010000001101111011101100110010101110010001000000110000100100000011100000110100101101110011101000010000001101111011001100010000001110100011010000110010100100000011000100110010101110011011101000010000001011111011001100110100101101110011001010101111100100000011011110110000101110100011011010110010101100001011011000011101100100000011011000110010101110100
11010010111010000100000011100110110111101100001011010110010000001100001011011000110110000100000011011100110100101100111011010000111010000101110001000000100111001100101011110000111010000100000011001000110000101111001001000000110001001100101011000010111010000100000011101000111011101101111001000000110010101100111011001110111001100101100001000000110000101101110011001000010000001101101011010010111100000100000011000010010000001101100011010010111010001110100011011000110010100100000011100110110000101101100011101000011101000100000011000100111010101110100011101000110010101110010
11000010010000001100010011000010111001101101111011011100010000001110100011010000110000101110100001000000111011101101001011011000110110000100000011010100111010101110011011101000010000001101000011011110110110001100100001000000110100101110100001110100010000001100011011011110111011001100101011100100010000001101001011101000010000001110100011010010110011101101000011101000010000001110111011010010111010001101000001000000110000100100000011001100110110001101111011101010111001001100101011001000010000001100011011011000110111101110100011010000010110000100000011000010110111001100100
1100010011011110110100101101100001000000110100101110100001000000110000101101110001000000110100001101111011101010111001000100000011000010110111001100100001000000110000100100000011010000110000101101100011001100010111000100000010001010110000101110100001000000110100101110100001000000111011101101001011101000110100000100000011000110110111101101100011001000010000001100010011101010111010001110100011001010111001000100000011000010110111001100100001000000111001101100001011011000111010000101110
101011101101000011001010110111000100000011000110110111101101100011001000010110000100000011100110110110001101001011000110110010100100000011000010110111001100100001000000111010001101111011000010111001101110100001000000110100101110100001011000010000001100001011011100110010000100000011001010110000101110100001000000110100101110100001000000110000101110011001000000110111101100001011101000110001101100001011010110110010100100000011000100111010101110100011101000110010101110010011001010110010000101110
10111110100010001110101011101000110001101101000001000000101000001110101011001000110010001101001011011100110011100100000011011110111001000100000010100110110111101110101011100110111010001100101011100100010111001011111
100110101100101011011000111010000100000011011110110111001100101001000000111000001101111011101010110111001100100001000000110111101100110001000000110001001110101011101000111010001100101011100100010000001101001011011100010000001101000011000010110110001100110001000000110000100100000011100000110100101101110011101000010000001101111011001100010000001101101011010010110110001101011001110110010000001101101011010010111100000100000011010010111010000100000011010010110111001110100011011110010000001110100011101110110111100100000011100000110111101110101011011100110010001110011
11011110110011000100000011001100110110001101111011101010111001000101100001000000110010101101001011001110110100001110100001000000110010101100111011001110111001100101100001000000110011001101111011101010111001000100000011100110111000001101111011011110110111001100110011101010110110001110011001000000110111101100110001000000111100101100101011000010111001101110100001110100010000001100001011001000110010000100000011011110110111001100101001000000111000001101111011101010110111001100100001000000110111101100110
1100011011101010111001001110010011000010110111001110100011100110010110000100000011000010010000001110001011101010110000101110010011101000110010101110010001000000110111101100110001000000110000100100000011100000110111101110101011011100110010000100000011011110110011000100000011100110111010101100111011000010111001000100000011000100110010101100001011101000110010101101110001000000110000101101110011001000010000001110011011010010110011001110100011001010110010000101110
101010001101000011010010111001100100000011010010111001100100000011000010010000001110110011001010111001001111001001000000110011101101111011011110110010000100000011100000111010101100100011001000110100101101110011001110010000001101000011011110111010000111011001000000110000101101110011001000010000001100101011100010111010101100001011011000110110001111001001000000111001101101111001000000110000101110011001000000110000100100000011000110110000101101011011001010010000001110111011010000110010101101110001000000110001101101111011011000110010000101110001000000100100101100110
110011001101111011100100010000001110100011010000110010100100000011011000110000101110100011101000110010101110010001011000010000001100011011000010111001001110010011000010111011101100001011110010111001100100000011011010110000101111001001000000110001001100101001000000111010101110011011001010110010000100000011010010110111001110011011101000110010101100001011001000010000001101111011001100010000001100011011101010111001001110010011000010110111001110100011100110010111000100000010000010110111000100000011010000110111101110101011100100010000001110111011010010110110001101100
11000100110000101101011011001010010000001101001011101000010000001101001011011100010000001100001001000000111000101110101011010010110001101101011001000000110111101110110011001010110111000101110
101111101000001001000000100010001110101011101000110001101101000001000000101001001101001011000110110010100100000010100000111010101100100011001000110100101101110011001110010111001011111
10100110110111101100001011010110010000001100110011011110111010101110010001000000110111101110101011011100110001101100101011100110010000001101111011001100010000001110010011010010110001101100101001000000110100101101110001000000111011101100001011100100110110100100000011101110110000101110100011001010111001000100000011010000110000101101100011001100010000001100001011011100010000001101000011011110111010101110010001110100010000001100100011100100110000101101001011011100010000001110100011010000110010100100000011011000110000101110100011101000110010101110010
1100110011100100110111101101101001000000110100101110100001011000010000001100001011011100110010000100000011101000110100001110010011011110111011100100000011010010111010000100000011010010110111001110100011011110010000001100001001000000111001101110100011001010111011101110000011000010110111000101100001000000111011101101001011101000110100000100000011010000110000101101100011001100010000001100001001000000111000001101001011011100111010000100000011011110110011000100000011011010110100101101100011010110010110000100000011010000110000101101100011001100010000001100001
111001101110100011010010110001101101011001000000110111101100110001000000110001101101001011011100110111001100001011011010110111101101110001011000010000001100001011011100110010000100000011100110110100101101101011011010110010101110010001000000111010001101001011011000110110000100000011101000110010101101110011001000110010101110010001011100010000001010111011010000110010101101110001000000110001101101111011011000110010000101100001000000110000101100100011001000010000001100110011011110111010101110010001000000111011101101000011011110110110001100101
1100101011001110110011101110011001000000111011101100101011011000110110000100000011000100110010101100001011101000110010101101110001011000010000001110100011101110110111100100000011011110111010101101110011000110110010101110011001000000110111101100110001000000110001001110101011101000111010001100101011100100010000001101101011001010110110001110100011001010110010000100000011010010110111000100000011000010010000001110100011001010110000101100011011101010111000001100110011101010110110000100000011011110110011000100000011000110111001001100101011000010110110100111011
1100001011011100110010000100000011100000111010101110100001000000111010001101000011100100110010101100101001000000110111101110101011011100110001101100101011100110010000001101111011001100010000001110011011101010110011101100001011100100010110000100000011000010010000001110001011101010110000101110010011101000110010101110010001000000110111101100110001000000110000100100000011011100111010101110100011011010110010101100111001011000010000001100001011011100110010000100000011000010010000001100111011011110110111101100100001000000111000001101001011001010110001101100101
1101111011001100010000001101100011001010110110101101111011011100111000001100101011001010110110000101110
10100000111010101110100001000000110000100100000011011000110100101100111011010000111010000100000011100000111010101100110011001100010000001110000011000010111001101110100011001010010000001101001011011100111010001101111001000000110000100100000011011010110111101110101011011000110010000100000011011110111001000100000011001000110100101110011011010000010110000100000011011110111001000100000011001110111001001100001011101000110010101100100001000000111010001101111011100000111001100100000011000010110111001100100001000000110001001101111011101000111010001101111011011010111001100101100
1100001011011100110010000100000011000100110000101101011011001010010000001101001011011100010000001100001001000000111000101110101011010010110001101101011001000000110111101110110011001010110111000101110
10111110100110001101