0101101100011010110010110000100000011011010110000101101011011001010111001100100000011100100110010101101101011000010111001001101011011000010110001001101100011110010010000001100111011011110110111101100100
1011111010100110110000101100110011001100111001001101111011011100010000001100011011000010110101101100101011100110010110000100000011101000110111100100000011001010110000101110100001000000110100001101111011101000010000001110111011010010111010001101000001000000110001001110101011101000111010001100101011100100010111001011111
101111101010000011011110111010001100001011101000110111101100101001000000100001001110101011101000111010001100101011100100010111001011111
1000010011011110110100101101100001000000111010001101000011100100110010101100101001000000111000001101111011101010110111001100100011100110010000001101111011001100010000001110000011011110111010001100001011101000110111101100101011100110010110000100000011000100111001001110101011010010111001101100101001000000110000101101110011001000010000001110111011011110111001001101011001000000111010001101000011001010110110100100000011101110110100101110100011010000010000001110100011101110110111100100000011011110111010101101110011000110110010101110011001000000110111101100110
11000100111010101110100011101000110010101110010001011000010000001100001011011100110010000100000011000010111001100100000011011010111010101100011011010000010000001101101011010010110110001101011001000000110000101110011001000000111011101101001011011000110110000100000011011010110000101101011011001010010000001110100011010000110010101101101001000000111000001100001011100110111001100100000011101000110100001110010011011110111010101100111011010000010000001100001001000000110001101101111011011000110000101101110011001000110010101110010001011100010000001010100011000010110101101100101
11010000110000101101100011001100010000001101111011100100010000001110100011010000111001001100101011001010010000001110001011101010110000101110010011101000110010101110010011100110010000001101111011001100010000001100001001000000111000001101001011011100111010000100000011011110110011000100000011110010110010101100001011100110111010000101100001000000110000101101110011001000010000001101000011000010110110001100110001000000110000100100000011100000110100101101110011101000010000001101111011001100010000001110111011000010111001001101101
11101110110000101110100011001010111001000101100001000000110110101101001011110000010000001110111011010010111010001101000001000000111010001101000011001010010000001110000011011110111010001100001011101000110111101100101011100110010110000100000011101000110100001100101011011100010000001110000011011110111010101110010001000000111010001101000011001010010000001110111011010000110111101101100011001010010000001110101011100000110111101101110001000000110011001101001011101100110010100100000011100000110111101110101011011100110010001110011001000000110111101100110
11001100110110001101111011101010111001000101100001000000110000101101110011001000010000001100001011001000110010000100000011100110110111101101101011001010010000001110011011000010110110001110100001011100010000001001011011011100110010101100001011001000010000001101001011101000010000001110111011001010110110001101100001110110010000001101001011001100010000001101110011011110111010000100000011011110110011000100000011000010010000001110000011100100110111101110000011001010111001000100000011000110110111101101110011100110110100101110011011101000110010101101110011000110110010100101100
1110000011101010111010000100000011000010010000001101100011010010111010001110100011011000110010100100000011011010110111101110010011001010010000001101101011010010110110001101011001000000110000101101110011001000010000001110111011000010111010001100101011100100010000001110111011000010111001001101101001011100010000001001100011001010111010000100000011010010111010000100000011100110111010001100001011011100110010000100000011000100110010101100110011011110111001001100101001000000111010001101000011001010010000001100110011010010111001001100101001000000110000101101110
11010000110111101110101011100100010000001110100011011110010000001110010011010010111001101100101001011100010000001010111011011110111001001101011001000000110100101110100001000000111011101100101011011000110110000101100001000000110000101101110011001000010000001101101011000010110101101100101001000000110100101101110011101000110111100100000011100100110111101101100011011000111001100101110001000000100001001100001011010110110010100100000011000010110001001101111011101010111010000100000011010000110000101101100011001100010000001100001011011100010000001101000011011110111010101110010
110100101101110001000000110000101101110001000000110111101110110011001010110111000100000011011100110111101110100001000000111000101110101011010010111010001100101001000000111001101101111001000000110100001101111011101000010000001100001011100110010000001100110011011110111001000100000011000100111001001100101011000010110010000101110
101010001101000011001010111100100100000011001010110000101110100001000000111011101100101011011000110110000100000011101000110111101100001011100110111010001100101011001000010000001100001011011100110010000100000011000100111010101110100011101000110010101110010011001010110010000101110
101111101011001011011110111001001101011011100110110100001101001011100100110010100100000010000110110000101101011011001010010111001011111
1010100011000010110101101100101001000000111010001110111011011110010000001110000011011110111010101101110011001000111001100100000011011110110011000100000011001100110110001101111011101010111001000101100001000000110000101101110011001000010000001101101011010010111100000100000011101110110100101110100011010000010000001101001011101000010000001100110011011110111010101110010001000000110111101110101011011100110001101100101011100110010000001101111011001100010000001100010011101010111010001110100011001010111001000100000011011010110010101101100011101000110010101100100
11010010110111000100000011000010010000001110000011010010110111001110100001000000110111101100110001000000110011101101111011011110110010000100000011011010110100101101100011010110010110000100000011101000110100001110010011001010110010100100000011100110111000001101111011011110110111001100110011101010110110001110011001000000110111101100110001000000111100101100101011000010111001101110100001011000010000001100001011011100110010000100000011101000111011101101111001000000110010101100111011001110111001100111011001000000110001001100101011000010111010000100000011000010110110001101100
111011101100101011011000110110000100000011101000110111101100111011001010111010001101000011001010111001000101100001000000110000101101110011001000010000001101100011001010111010000100000011010010111010000100000011100100110100101110011011001010011101100100000011101000110100001100101011011100010000001101011011011100110010101100001011001000010000001101001011101000010110000100000011000010110111001100100001000000110110101100001011010110110010100100000011010010110111001110100011011110010000001100011011000010110101101100101011100110011101100100000011011000110010101110100
111010001101000011001010110110100100000011100100110100101110011011001010010000001101111011011100010000001110100011010010110111001110011001000000110001001100101011001100110111101110010011001010010000001111001011011110111010100100000011000100110000101101011011001010010110000100000011101110110100001101001011000110110100000100000011001000110111100100000011010010110111000100000011000010010000001110011011011000110111101110111001000000110111101110110011001010110111000101110
10000010110111001101111011101000110100001100101011100100010000001110011011011110111001001110100001000000110100101110011001000000110110101100001011001000110010100100000011000010111001100100000011000010110001001101111011101100110010100101100001000000110110001100101011000010111011001101001011011100110011100100000011011110111010101110100001000000111010001101000011001010010000001100010011101010111010001110100011001010111001000101110
101010001101000011001010010000001100110011010010111001001110011011101000010000001110011011011110111001001110100001000000110100101110011001000000111001101101000011011110111001001110100011001010111001000111011001000000111010001101000011001010010000001101100011000010111001101110100001000000110110001101001011001110110100001110100011001010111001000101110
10111110100011001110010011001010110111001100011011010000010000001000010011100100110010101100001011001000010111001011111
10101110110100101110100011010000010000001100001001000000111000101110101011000010111001001110100011001010111001000100000011011110110011000100000011000010010000001110000011001010110001101101011001000000110111101100110001000000110011001101001011011100110010100100000011001100110110001101111011101010111001000100000011011010110100101111000001000000111010001101000011001010010000001111001011001010110110001101011011100110010000001101111011001100010000001110100011010000111001001100101011001010010000001100001011011100110010000100000011101110110100001101001011101000110010101110011
110111101100110001000000111010001110111011011110010000001100101011001110110011101110011001011000010000001100010011001010110000101110100011001010110111000100000011000010110111001100100001000000111001101110100011100100110000101101001011011100110010101100100001011000010000001100001001000000110110001101001011101000111010001101100011001010010000001110011011000010110110001110100001011000010000001101000011000010110110001100110001000000110000100100000011100000110100101101110011101000010000001101111011001100010000001100111011011110110111101100100
111100101100101011000010111001101110100001000000111010001101000011000010111010000100000011010010111001100100000011011100110111101110100001000000110001001101001011101000111010001100101011100100010110000100000011000010110111001100100001000000110000101110011001000000110110101110101011000110110100000100000011011010110100101101100011010110010110000100000011011010110000101100100011001010010000001100001001000000110110001101001011101000111010001101100011001010010000001110111011000010111001001101101001011000010000001100001011100110010000001110111011010010110110001101100
111011101101111011100100110101100100000011010010110111001110100011011110010000001100001001000000111010001101000011010010110111000100000011011