111010000100000011010010110111001110100011011110010000001110100011010000110010100100000011100000110111101110100
1110111011010000110010101110010011001010010000001110011011000010110110001110100001000000110001001100101011001010110011000100000011010010111001100100000011000100110111101101001011011000110100101101110011001110010000001100001011011100110010000100000011011100110010101100001011100100010000001110010011001010110000101100100011110010011101100100000011010010111010000100000011101110110100101101100011011000010000001100001011101000111010001110010011000010110001101110100001000000111001101101111011011010110010100100000011011110110011000100000011101000110100001100101
110011001100001011101000010110000100000011000010110111001100100001011000010000001110111011010000110010101101110001000000111001101110111011001010110110001101100011001010110010000100000011011110111010101110100001011000010000001110111011010010110110001101100001000000110001001100101001000000110111001101111001000000111010101101110011100000110000101101100011000010111010001100001011000100110110001100101001000000110010001101001011100110110100000100000011101000110111100100000011101000110100001101111011100110110010100100000011101110110100001101111
11100100110000101110010011001010110110001111001001000000111010001100001011100110111010001100101001000000110110101100101011000010111010000101110
10111110100000100100000011000100110000101101011011001010110010000100000010100110110111101110101011100000010111001011111
101000001110101011101000010000001100001001000000111000001101111011101010110111001100100001000000110111101100110001000000110000101101110011110010010000001101011011010010110111001100100001000000110111101100110001000000110110101100101011000010111010000100000011000110111010101110100001000000110100101101110001000000111001101101100011010010110001101100101011100110011101100100000011101000111011101101111001000000110111101101110011010010110111101101110011100110010110000100000011101000111011101101111001000000110001101100001011100100111001001101111011101000111001100101100
110010001101001011101000111010001101111001110110010000001110100011101110110111100100000011011110111010101101110011000110110010101110011001000000110111101100110001000000111001001101001011000110110010100101100001000000110000100100000011100000110100101101110011101000010000001101111011001100010000001110011011100000110110001101001011101000010000001110000011001010110000101110011001011000010000001101111011100100010000001110111011010000110111101101100011001010010000001101111011011100110010101110011001000000110100101100110
11100000111001001100101011101100110100101101111011101010111001101101100011110010010000001110011011011110110000101101011011001010110010000101100001000000111000001100101011100000111000001100101011100100010000001100001011011100110010000100000011100110110000101101100011101000010110000100000011010010110111001110100011011110010000001100001011011100010000001100101011000010111001001110100011010000110010101101110001000000110101001110101011001110010000001101111011100100010000001110000011000010110111000101100001000000110000101101110011001000010000001110000011011110111010101110010
11011110110111001100101001000000110011101100001011011000110110001101111011011100010000001101111011001100010000001110111011000010111010001100101011100100010111000100000010000110110111101110110011001010111001000100000011010010111010000100000011101100110010101110010011110010010000001100011011011000110111101110011011001010010110000100000011000010110111001100100001000000110001001100001011010110110010100100000011010010111010000100000011101110110100101110100011010000010000001110100011010000110010100100000011000100111001001100101011000010110010000101110
1010100011010000110010100100000011000110110111101101111011010110010000001110011011010000110111101110101011011000110010000100000011000100110010100100000011000110110100001100001011100100110011101100101011001000010000001110100011011110010000001110011011000010111011001100101001000000111010001101000011001010010000001100010011011110110100101101100011010010110111001100111001000000110111101100110001000000110010101110110011001010111001001111001001000000111000001101001011001010110001101100101001000000110111101100110001000000110110101100101011000010111010000101100
11010000110000101101101001011000010000001110100011011110110111001100111011101010110010100101100001000000010011001100011001011100010000001101000011011110111011101100101011101100110010101110010001000000111001101100001011011000111010000111010001000000110000101110011001000000110100101110100001000000110100101110011001000000110010101100001011100110111100100100000011101000110111100100000011101010111001101100101001000000110111101101110011011000111100100100000011000010010000001110000011000010111001001110100001000000110111101100110001000000111010001101000011000010111010000101100
11000010110111001100100001000000111010001101000011001010010000001110010011001010111001101110100001000000110111101100110001000000110011001110010011001010111001101101000001000000111011101100001011101000110010101110010001011000010000001100001011011100110010000100000011000100111100100100000011101000110100001100101001000000110000101100100011001000110100101110100011010010110111101101110001000000110111101100110001000000110110101101111011100100110010100100000011101100110010101100111011001010111010001100001011000100110110001100101011100110010110000100000011101000110100001100101
110001001101111011011100110010101110011001000000110111101100110001000000111010001101000011001010010000001101101011001010110000101110100001000000111010101110011011001010110010000100000011010010110111000100000011101000110100001100101001000000110011001100001011011010110100101101100011110010010110000100000011101000110100001100101001000000111000001101001011001010110001101100101011100110010000001101111011001100010000001101101011001010110000101110100001000000111010001101000011000010111010000100000011000110110111101101101011001010010000001100110011100100110111101101101
1110100011000010110001001101100011001010010000001101111011011100010000001110100011010000110010100100000011100000110110001100001011101000110010101110011001011000010000001100001011011100110010000100000011100100110100101100011011001010010110000100000010100110110001101101111011101000110001101101000001000000110001001100001011100100110110001100101011110010010000001101111011100100010000001101111011000010111010001101101011001010110000101101100001011000010000001110100011010000110010101110010011001010010000001110111011010010110110001101100001000000110001001100101
1110011011011110110110101100101001000000110011101100001011011000110110001101111011011100111001100100000011011110110011000100000011011100111010101110100011100100110100101110100011010010110111101110101011100110010000001110011011011110111010101110000001000000111010001110111011011110010000001101111011100100010000001110100011010000111001001100101011001010010000001110100011010010110110101100101011100110010000001100001001000000111011101100101011001010110101100101110001000000101010001101000011001010010000001100010011010010111010001110011001000000110111101100110
11011010110010101100001011101000010000001110011011010000110111101110101011011000110010000100000011000100110010100100000011011110110111001101100011110010010000001110111011000010111001001101101011001010110010000100000011010010110111000100000011101000110100001100101001000000111001101101111011101010111000000101100001000000110000101101110011001000010000001110010011001010110110101100001011010010110111000100000011101110110100001101111011011000110010100111011001000000111010001101000011001010010000001100010011011110110111001100101011100110010110000100000001001100110001100101110
11000100110111101101001011011000110010101100100001000000111010001101001011011000110110000100000011101000110100001100101011110010010000001111001011010010110010101101100011001000010000001110100011010000110010101101001011100100010000001101110011011110111010101110010011010010111001101101000011011010110010101101110011101000010111000100000010010010110011000100000011101000110100001100101001000000111010001101000011010010110111001100111011100110010000001100001011100100110010100100000011100100110010101100001011001000111100100100000011101000110111100100000011100000111010101110100
110100101101110001000000111010001101000011001010010000001100010011011110110100101101100011001010111001000100000011000010111001100100000011100110110111101101111011011100010000001100001011100110010000001110100011010000110010100100000011011010110010101100001011101000010000001100010011001010010000001110011011001010111001001110110011001010110010000101100001000000110100101110100001000000111011101101001011011000110110000100000011100110110000101110110011001010010000001101100011010010110011101101000011101000110100101101110011001110010000001100110011010010111001001100101
1100001011011100110010000100000011100110110010101100011011011110110111001100100001000000110001101101111011011110110101101101001011011100110011100101110
1010100011101010111001001101110011010010111000001110011001011000010000001100011011000010111001001110010011011110111010001110011001011000010000001101100011001010110010101101011011100110010110000100000011100000110111101110100011000010111010001101111011001010111001100101100001000000110111101110010001000000110000101101110011110010010000001110011011011110111001001110100001000000110111101100110001000000111011001100101011001110110010101110100011000010110001001101100011001010010000001110100011010000110000101110100001000000110100101110011001000000110000101110100
11010000110000101101110011001000010110000100000011100110110100001101111011101010110110001100100001000000110001001100101001000000111010101110011011001010110010000101110
10100110110100001101111011101010110110001100100001000000111010001101000011001010010000001110011011011110111010101110000001000000110001001100101001000000111000001101111011011110111001000100000011011110110011000100000011011010110010101100001011101000010110000100000011101000110100001100101001000000110110001101111011011100110011100100000011000100110111101101001011011000110100101101110011001110010000001101111011001100010000001110100011010000110010100100000011000100110111101101110011001010111001100100000011000010110111001100100
1100100011010010