10000100000010111110110111101100110011001100101111100100000011101000110100001100101001000000110011001101001011100100110010100101100001000000111010101101110011101000110100101101100001000000111000001100101011100100110011001100101011000110111010001101100011110010010000001100100011010010111001101110011011011110110110001110110011001010110010000111011001000000111010001101000011001010110111000100000011100000111010101110100001000000110100101110100001000000110111101101110001000000100001101101000011010010110111001100001
1110000011011000110000101110100011001010111001100101100001000000110000101101110011001000010000001100100011100100111100100100000011010010111010000100000011010010110111000100000011101000110100001100101001000000111001101110101011011100010111000100000010000010111001100100000011100110110111101101111011011100010000001100001011100110010000001110100011010000110010100100000011101000110111101110000001000000111000001100001011100100111010000100000011001000111001001101001011001010111001100101100001000000110001101110101011101000010000001110111011010010111010001101000
11101000110100001100101001000000110001101101111011101100110010101110010001000000110111101100110001000000110000100100000011000110110000101101110011011100110100101110011011101000110010101110010001000000110100101101110011101000110111100100000011100110110110101100001011011000110110000100000011000110110000101101011011001010111001100101100001000000111010001110101011100100110111000100000011101000110100001100101011011010010000001101111011011100010000001100110011100100110010101110011011010000010000001110000011011000110000101110100011001010111001100101100
11000010110111001100100001011000010000001110111011010000110010101101110001000000110010001110010011110010010110000100000011100000111010101110100001000000111010001101000011001010110110100100000011010010110111000100000011000100110111101111000011001010111001100100000011101110110100101110100011010000010000001101100011000010111100101100101011100100111001100100000011011110110011000100000011100000110000101110000011001010111001000101110
101111101000001011100000111001001101001011000110110111101110100001000000100001101101000011001010110010101110011011001010010111001011111
101011101100101011010010110011101101000001000000110000101101110001000000110010101110001011101010110000101101100001000000111000101110101011000010110111001110100011010010111010001111001001000000110111101100110001000000111000001100001011100100110010101100100001000000110011001110010011101010110100101110100001000000110000101101110011001000010000001110011011101010110011101100001011100100011101000100000011101110110010101110100001000000111010001101000011001010010000001101100011000010111010001110100011001010111001000100000011000010010000001110110011001010111001001111001
1101100011010010111010001110100011011000110010100101100001000000110000101101110011001000010000001101100011001010111010000100000011010010111010000100000011000100110111101101001011011000010000001110001011101010110100101100011011010110110110001111001001011000010000001101111011100100010000001110100011010000110010100100000011000110110111101101100011011110111010101110010001000000111011101101001011011000110110000100000011000100110010100100000011100110111000001101111011010010110110001100101011001000011101000100000011000100110110001100001011011100110001101101000
1110100011010000110010100100000011010110110010101110010011011100110010101101100011100110010110000100000011000010110111001100100001000000110000101100100011001000010000001110100011011110010000001101001011101000010111000100000010101000111011101100101011011100111010001111001001000000110111101110010001000000111010001101000011010010111001001110100011110010010000001101101011010010110111001110101011101000110010101110011001000000111011101101001011011000110110000100000011000100110111101101001011011000010000001101001011101000010111000100000010100000111010101110100
1101001011101000010000001101001011011100010000001110011011011010110000101101100011011000010000001110000011011110111010001110011001000000110111101110010001000000110001101110101011100000111001100100000011010000110000101101100011001100010000001100110011010010110110001101100011001010110010000101110
101111101000001011100000111001001101001011000110110111101110100011100110010000001101111011100100010000001010000011001010110000101100011011010000110010101110011001000000110100101101110001000000100001001110010011000010110111001100100011110010010111001011111
101011101101001011100000110010100101100001000000111011101100101011010010110011101101000001011000010000001100001011011100110010000100000011100000110100101100011011010110010000001110100011010000110010100100000011001100111001001110101011010010111010000101100001000000110000101101110011001000010000001101000011000010111011001100101001000000111001001100101011000010110010001111001001000000110000100100000011100010111010101100001011100100111010001100101011100100010000001101111011001100010000001110100011010000110010100100000011101110110010101101001011001110110100001110100
11011110110011000100000011001100110100101101110011001010010000001110011011101010110011101100001011100100010000001101001011011100010000001100110011010010110111001100101001000000111000001101111011101110110010001100101011100100010111000100000010100000111010101110100001000000111010001101000011001010010000001100110011100100111010101101001011101000010000001101001011011100111010001101111001000000110000101101110001000000110100101100011011001010111000001101111011101000010000001110100011010000110000101110100001000000111001101101000011101010111010001110011
11101100110010101110010011110010010000001100011011011000110111101110011011001010011101000100000011101000110100001110010011011110111011100100000011101000110100001100101001000000111001101110101011001110110000101110010001000000110111101110110011001010111001000100000011010010111010000101100001000000110000101101110011001000010000001110100011010000110010101101110001000000110001101101111011101100110010101110010001000000111010001101000011001010010000001100110011100100111010101101001011101000010000001110111011010010111010001101000
110001001110010011000010110111001100100011110010010111000100000010000100110010101110100011101110110010101100101011011100010000001110100011010000110010100100000011101000110111101110000001000000110000101101110011001000010000001100011011011110111011001100101011100100010000001101111011001100010000001110100011010000110010100100000011100000110111101110100001011000010000001110000011101010111010000100000011000010010000001110000011010010110010101100011011001010010000001101111011001100010000001100100011011110111010101100010011011000110010100100000011000110110000101110000
11100000110000101110000011001010111001000101110001000000101001101100101011101000010000001110100011010000110010100100000011100000110111101110100001000000110100101101110011101000110111100100000011000010010000001110011011000010111010101100011011001010111000001100001011011100010000001101111011001100010000001110111011000010111010001100101011100100010000001110100011010010110110001101100001000000111010001101000011001010010000001100010011100100110000101101110011001000111100100100000011000100110010100100000011000010111001100100000011010000110111101110100001000000110000101110011
111100101101111011101010010000001100011011000010110111000100000011100000110111101110011011100110110100101100010011011000111100100100000011000100110010101100001011100100010000001110100011011110010000001110000011101010111010000100000011110010110111101110101011100100010000001100110011010010110111001100111011001010111001000100000011010010110111000101100001000000110001001110101011101000010000001101101011101010111001101110100001000000110111001101111011101000010000001100010011011110110100101101100001011100010000001010000011101010111010000100000011101000110100001100101
11001100111001001110101011010010111010000100000011010010110111001110100011011110010000001100001001000000110101001100001011100100010110000100000011000010110111001100100001000000111000001101111011101010111001000100000011101000110100001100101001000000110001001110010011000010110111001100100011110010010000001101111011011100010000001101001011101000010111000100000010101110110100001100101011011100010000001100011011011110110110001100100001011000010000001110000011101010111010000100000011000010010000001100010011011000110000101100100011001000110010101110010
1101111011101100110010101110010001011000010000001100001011011100110010000100000011101000110100101100101001000000110100101110100001000000110010001101111011101110110111000100000011101000110100101100111011010000111010000101110
10111110100001101101000011001010111001001110010011010010110010101110011001000000110100101101110001000000100001001110010011000010110111001100100011110010010111001011111
101011101100101011010010110011101101000001000000111010001101000011001010010000001100110011010010110111001100101011100110111010000100000011011010110111101110010011001010110110001101100011000010111001100101100001000000110100001100001011101100110100101101110011001110010000001100011011101010111010000100000011011110110011001100110001000000110100001100001011011000110011000100000011101000110100001100101001000000111001101110100011000010110110001101011001110100010000001110000011100100110100101100011011010110010000001110100011010000110010101101101
11101110110100101110100011010000010000001100001001000000110111001100101011101110010000001101110011001010110010101100100011011000110010100101100001000000110000101101110011001000010000001100100011100100110111101110000001000000111010001101000011001010110110100100000011010010110111001110100011011110010000001100001001000000110101001100001011100100010000001101111011100100010000001110111011010010110010001100101011011010110111101110101011101000110100001100101011001000010000001100010011011110111010001110100011011000110010100101110001000000101000001101111011101010110111001100100
11101000110100001110010011001010110010100100000011100010111010101100001011100100111010001100101011100100111001100100000011101000110100001100101001000000111011101100101011010010110011101101000011101000010000001101111011001100010000001110011011101010110011101100001011100100010000001101111011100100010000001110111011010000110100101110100011001010010000001100011011000010110111001100