0011001110110111101101111011001000010000001100110011100100111010101101001011101000010110000100000011000010110111001100100001000000110001001101111011010010110110000100000011101110110100001100101011011100010000001110011011101000111001001100001011010010110111001100101011001000010110000100000011000010010000001110000011010010110111001110100001000000111010001101111
110000100100000011100000110111101110101011011100110010000100000011011110110011000100000011100110111010101100111011000010111001000101100001000000110111101110110011001010111001000100000011000010010000001110110011001010111001001111001001000000110011101100101011011100111010001101100011001010010000001100110011010010111001001100101001110110010000001110011011010110110100101101101001000000110100101110100001000000111011101100101011011000110110000111011001000000111011101101000011001010110111000100000011000110110110001100101011000010111001000101100
1110000011011110111010101110010001000000110100101110100001000000110100101101110011101000110111100100000011000010010000001000011011010000110100101101110011000010010000001100010011011110111011101101100001011000010000001100001011011100110010000100000011010010110111000100000011101000111011101100101011011100111010001111001001000000110011001101111011101010111001000100000011010000110111101110101011100100111001100100000011000100110111101110100011101000110110001100101001000000110100101110100001000000110011001101111011100100010000001110101011100110110010100101110
1011111010101110110100001101001011101000110010100100000010000110111010101110010011100100110000101101110011101000010000001110011011010000111001001110101011000100010111001011111
10100110111010001110010011010010111000000100000011101000110100001100101001000000110011001110010011101010110100101110100001011000010000001100001011011100110010000100000011100000111001001100101011100000110000101110010011001010010000001101001011011100010000001100001001000000110101001100001011100100010000001100001011100110010000001100110011011110111001000100000011010100110010101101100011011000111100100111011001000000111001101110100011100100110000101101001011011100010000001110100011010000110010100100000011010100111010101101001011000110110010100101100001000000110111101100110
11101110110100001101001011000110110100000100000011100000111010101110100001000000111010001110111011011110010000001110001011101010110000101110010011101000111001100100000011101000110111100100000011011110110111001100101001000000110011101100001011011000110110001101111011011100010000001101111011001100010000001110010011101010110110100101100001000000110000101101110011001000010000001110100011101110110111100100000011100000110111101110101011011100110010001110011001000000110111101100110001000000110110001110101011011010111000000100000011100110111010101100111011000010111001000111011
111001101110100011100100110000101101001011011100010000001110100011010000111001001101111011101010110011101101000001000000110000100100000011010100110010101101100011011000111100101100010011000010110011100101110
1010100010000000100000001000000010000000100000001000000010000000101010001000000010000000100000001000000010000000100000001000000010101000100000001000000010000000100000001000000010000000100000001010100010000000100000001000000010000000100000001000000010000000101010
101010001101000011001010010000001100110011011110110110001101100011011110111011101101001011011100110011100100000011100000110000101100111011001010111001100100000011101110110100101101100011011000010000001100011011011110110111001110100011000010110100101101110001000000100001101101111011011110110101101100101011100100111100100100000011001100110111101110010001000000111010001101000011001010010000001110011011010010110001101101011001110110010000001101001011101000010000001100010011001010110100101101110011001110010000001101111011001100010000001101101011011110111001001100101
110001101101111011011100111001101100101011100010111010101100101011011100110001101100101001000000111010001101111001000000111001101110101011100000111000001101111011100100111010000100000011101000110100001101111011100110110010100100000011101110110100001101111011100110110010100100000011000100110000101100100001000000110000101110000011100000110010101110100011010010111010001100101011100110010000001110111011010010110110001101100001000000110111001101111011101000010000001100001011011000110110001101111011101110010000001110100011010000110010101101101001000000111010001101111
1110100011000010110101101100101001000000111010001101000011001010010000001101110011001010110001101100101011100110111001101100001011100100111100100100000011011100110111101110101011100100110100101110011011010000110110101100101011011100111010000101100001000000111010001101000011000010110111000100000011101000110111100100000011100110111010001101001011011010111010101101100011000010111010001100101001000000111010001101000011011110111001101100101001000000111010001101000011000010111010000100000011000010111001001100101001000000110100101101110
1101000011001010110000101101100011101000110100000101110
100100101110100001000000110110101100001011110010010000001101110011011110111010000100000011000100110010100100000011101010110111001101110011001010110001101100101011100110111001101100001011100100111100100100000011101000110111100100000011000010110010001110110011010010111001101100101001000000111010001101000011000010111010000100000011000010010000001100011011010000110111101101001011000110110010100100000011000100110010100100000011011010110000101100100011001010010000001101111011001100010000001110100011010000110010100100000011101000110100001101001011011100110011101110011
1101101011011110111001101110100001000000110110001101001011010110110010101101100011110010010000001110100011011110010000001100001011001110111001001100101011001010010000001110111011010010111010001101000001000000111010001101000011001010010000001110000011000010111010001101001011001010110111001110100001110110010000001011111011101000110100001100001011101000101111100100000011000010010000001100011011010000110000101101110011001110110010100100000011000100110010100100000011100000111001001101111011101100110100101100100011001010110010000111011
1011111011101000110100001100001011101000101111100100000011100110110111101101101011001010010000001101111011011100110010100100000011000010111010000100000011011000110010101100001011100110111010000100000011000100110010100100000011000010110110001110111011000010111100101110011001000000111001001100101011000010110010001111001001110110010000001011111011101000110100001100001011101000101111100100000011011100110111101110100001000000111010001101111011011110010000001101101011101010110001101101000001000000110111101100110001000000111010001101000011011110111001101100101
11000100110010100100000011011010110000101100100011001010010000001100001011101000010000001101111011011100110001101100101001011000010000001110111011010000110100101100011011010000010000001100001011100100110010100100000011011100110111101110100001000000110110001101001011010110110010101101100011110010010000001110100011011110010000001101011011001010110010101110000001011000010000001100001011100110010000001101001011011100111011001100001011011000110100101100100011100110010000001110010011001010111000101110101011010010111001001100101
1110110011000010111001001101001011001010111010001111001001110110010000001100001011011100110010000100000011011000110010101110100001000000111010001101000011001010110110100100000011100110111010101100011011000110110010101100101011001000010000001100101011000010110001101101000001000000110111101110100011010000110010101110010001000000110100101101110001000000110000100100000011001000110100101100110011001100110010101110010011001010110111001110100001000000110011001101111011100100110110100100000011000010110111001100100
110011001101100011000010111011001101111011101010111001000101110
1011111010000010010000001100111011100100110010101100001011101000010000001010010011001010111001101110100011011110111001001100001011101000110100101110110011001010010111001011111
1000010011000010110101101100101001000000111010001110111011011110010000001100011011000010110110001100110111000101000000010011001011100110010000001100110011001010110010101110100001000000110100101101110001000000111010001101000011100100110010101100101001000000111000001101001011011100111010001110011001000000110111101100110001000000111011101100001011101000110010101110010001011000010000001100001011011100110010000100000011011100110010101110111001000000110110101101001011011000110101100101100001000000110100101101110001000000110000100100000011010100110000101110010
1100011011011000110111101110011011001010010000001100011011011110111011001100101011100100110010101100100001011000010000001110100011010000111001001100101011001010010000001101000011011110111010101110010011100110010000001100001011011100110010000100000011000010010000001101000011000010110110001100110001011100010000001010111011010000110010101101110001000000110001101101111011011000110010000100000011100100110010101101101011011110111011001100101001000000111010001101000011001010010000001100110011000010111010000101110
100011101101001011101100110010100100000011000010010000001101100011000010111001001100111011001010010000001110100011001010110000101100011011101010111000001100110011101010110110000100000011101000110100001100101001000000110110001100001011100110111010000100000011000010110111001100100001000000110011001101001011100100111001101110100001000000111010001101000011010010110111001100111001011100010000001010111011010000110000101110100011001010111011001100101011100100010000001100110011011000110000101110110011011110111010101110010001000000110100101110011
1100001011100000111000001110010011011110111011001100101011001000010110000100000011001110110100101110110011001010010000001101001011101000010000001100010011110010010000001100010011000010110101101101001011011100110011100100000011010010110111000100000011010010111010000100000011011000110010101101101011011110110111001110000011001010110010101101100001011000010000001100011011010010110111001101110011000010110110101101111011011100010110000100000011011110111001000100000011011010110000101100011011001010010111000100000010000010110010001100100
11100110111010101100111011000010111001000101110
1011111010000010110111001101111011101000110100001100101011100100010111001011111
10100110110100101101101