0010010000001100001011100000111000001101100011001010111001100111011001000000111000001110101011101000010000001110100011010000110010101101101001000000110100101101110001000000110000100100000011100110111010001100101011101110111000001100001011011100010110000100000011000010110111001100100001000000110000101110011
11011000110100101110100011101000110110001100101001000000111011101100001011101000110010101110010001000000110000101110011001000000111000001101111011100110111001101101001011000100110110001100101001110110010000001110111011010000110010101101110001000000110100001100001011011000110011000100000011001000110111101101110011001010010110000100000011000010110010001100100001000000110100001100001011011000110011000100000011000010010000001110000011011110111010101101110011001000010000001101111011001100010000001110011011101010110011101100001011100100010110000100000011101000110100001100101
110111101110010011000010110111001100111011001010111000001100101011001010110110000100000011000010110111001100100001000000110101001110101011010010110001101100101001110100010000001100010011011110110100101101100001000000111010001101001011011000110110000100000011100000111001001100101011101000111010001111001001000000111010001101000011010010110001101101011001011100010000001010111011010000110010101101110001000000110001101101111011011000110010000101100001000000111000001110101011101000010000001101001011101000010000001101001011011100010000001100001
1110011011010000110000101101100011011000110111101110111001000000110010001101001011100110110100000101100001000000110111101110010001000000111000001100001011101000111010001111001011100000110000101101110011100110010000001101100011010010110111001100101011001000010000001110111011010010111010001101000001000000111000001100001011100110111010001100101001011000010000001110100011011110010000001110100011101010111001001101110001000000110111101110101011101000010110000100000011000010110111001100100001000000110001001100101001000000110010101100001011101000110010101101110
110001101101111011011000110010000101110
10111110100000101110000011100000110110001100101001000000100110101100001011100100110110101100001011011000110000101100100011001010010111001011111
10100110110001101100001011011000110010000100000011000010111000001110000011011000110010101110011001000000111010001101001011011000110110000100000011101000110100001100101011110010010000001110111011010010110110001101100001000000111000001110101011011000111000000100000011001100111001001101111011011010010000001110100011010000110010100100000011000110110111101110010011001010011101100100000011101000110100001100101011011100010000001110100011000010110101101100101001000000110000101101110001000000110010101110001011101010110000101101100
1110111011001010110100101100111011010000111010000100000011011110110011000100000011100110111010101100111011000010111001000100000011010010110111000100000011011000110000101110010011001110110010100100000011011000111010101101101011100000111001100101100001000000110101001110101011100110111010000100000011001000110100101110000001000000111010001101000011001010110110100100000011010010110111000100000011101110110000101110100011001010111001000101100001000000110000101101110011001000010000001100010011011110110100101101100011010010110111001100111001000000110100101110100
1110100011010010110110001101100001000000110100101110100001000000110001101100001011011100010000001100010011001010010000001110111011001010110110001101100001000000111001101101011011010010110110101101101011001010110010000101100001000000110000101101110011001000010000001101001011100110010000001100001001000000111010001101000011010010110001101101011001000000111001101111001011100100111010101110000001110110010000001110000011101010111010000100000011101000110111100100000011010010111010000100000011101000110100001100101001000000111000001110101011011000111000000101100
11000010110111001100100001000000111001101101001011011010110110101100101011100100010000001101001011101000010000001101111011011100010000001100001001000000111000101110101011010010110001101101011001000000110011001101001011100100110010100100000011000010010000001110001011101010110000101110010011101000110010101110010001000000110111101100110001000000110000101101110001000000110100001101111011101010111001000101110
100101101100101011001010111000000100000011010010111010000100000011010010110111000100000011100110110110101100001011011000110110000100000011100000110111101110100011100110010110000100000011000110110111101110110011001010111001001100101011001000010000001110111011010010111010001101000001000000111000001100001011100000110010101110010001000000110010001101001011100000111000001100101011001000010000001101001011011100010000001100010011100100110000101101110011001000111100100101110
1011111010000110110111101100100011011000110100101101110011100110010000001110100011011110010000001110011011000110110000101101100011001000010111001011111
1010111011100100110000101110000001000000110010101100001011000110110100000100000011010010110111000100000011000010010000001110110011010010110111001100101001000000110110001100101011000010110011000101100001000000110000101101110011001000010000001110000011000010110001101101011001000000111010001101000011001010110110100100000011000110110110001101111011100110110010100100000011010010110111000100000011000010010000001101110011010010110001101100101001000000111001101100001011101010110001101100101011100000110000101101110001110110010000001100001011011100110010000101100
1110111011010000110010101101110001000000110011001110101011011000110110000101100001000000111000001101111011101010111001000100000011000010111001100100000011011010111010101100011011010000010000001110111011000010111010001100101011100100010000001100001011100110010000001110111011010010110110001101100001000000110001101101111011101100110010101110010001000000111010001101000011001010110110100101110001000000101001101100101011101000010000001101001011101000010000001101111011101100110010101110010001000000110000100100000011001110110010101101110011101000110110001100101
110011001101001011100100110010100101100001000000110000101101110011001000010000001101100011001010111010000100000011101000110100001100101011011010010000001110011011010010110110101101101011001010111001000100000011100110110110001101111011101110110110001111001001000000111010001101001011011000110110000100000011001000110111101101110011001010010000001100101011011100110111101110101011001110110100000100000011101000110111100100000011101000110000101101011011001010010000001110100011010000110010100100000011101000110100001101001011011100010000001110011011010110110100101101110
110111101100110011001100010000001110111011010000110010101101110001000000110001101101111011011000110010000101110001000000101000001101100011000010110001101100101001000000111010001101000011001010110110100100000011010010110111000100000011000010010000001100100011010010111001101101000001011000010000001110111011010010111010001101000001000000110111101110010001000000111011101101001011101000110100001101111011101010111010000100000011011010110100101101100011010110010110000100000011000110111001001100101011000010110110100101100001000000110111101110010
11000110111010101110011011101000110000101110010011001000011101100100000011010010110011000100000011101000110100001100101001000000110110001100001011101000111010001100101011100100010110000100000011101000110100001100101011100100110010100100000011100110110100001101111011101010110110001100100001000000110001001100101001000000110111001101111001000000111001001100001011101000110000101100110011010010110000100101110001000000100010001110101011100110111010000100000011001100110100101101110011001010010000001110011011101010110011101100001011100100010000001101111011101100110010101110010
111010001101000011001010010000001100001011100000111000001101100011001010111001100101110
101111101000100011010010110011001100110011001010111001001100101011011100111010000100000011101110110000101111001011100110010000001101111011001100010000001100100011100100110010101110011011100110110100101101110011001110010000001000011011100100110000101101110011000100110010101110010011100100110100101100101011100110010111001011111
1000110011011110111001000100000011100000110100101100101011100110010000001100001011011100110010000100000011100000111010101100100011001000110100101101110011001110111001100101100001000000111011101101001011101000110100000100000011000010010000001100111011011110110111101100100001000000110010001100101011000010110110000100000011011110110011000100000011100110111010101100111011000010111001000101110
101001101110100011001010111011101100101011001000010000001101001011011100010000001100001001000000110101001100001011100100010110000100000011101110110100101110100011010000010000001110100011010000110010100100000011100110110000101101101011001010011101100100000011101110110100001101001011000110110100000100000011101110110000101111001001000000111010001101000011001010111100100100000011001010110000101110100001000000111011101100101011011000110110000100000011101110110100101110100011010000010000001100010011100100110010101100001011001000010110000100000011000010110111001100100
1100001011100100110010100100000011101100110010101110010011110010010000001110111011010000110111101101100011001010111001101101111011011010110010100101110
10101000110100001110101011100110010000001100100011011110110111001100101001011000010000001110000011100100110010101110011011100110110010101100100001000000110000101101110011001000010000001110011011101000111001001100001011010010110111001100101011001000010110000100000011101000110100001100101001000000110101001110101011010010110001101100101001000000110110101100001011010110110010101110011001000000110000100100000011001100110100101101110011001010010000001100100011100100110100101101110011010110010000001100110011011110111001000100000011100000110010101101111011100000110110001100101
1101001011011100010000001100110011001010111011001100101011100100111001100101110
10111110100001101110010011000010110111001100010011001010111001001110010011110010010000001101010011001010110110001101100011110010010111001011111
100110101100001011010110110010100100000011000010010000001110110011001010111001001111001001000000111001101110100011100100110111101101110011001110010000001101001011100110110100101101110011001110110110001100001011100110111001101101010011001010110110001101