100000011101110110000101110100011001010111001000101100001000000110110101100101011011000111010000100000011101000110100001100101001000000111001101101111011101010111000000100000011010010110111000100000011010010111010000101110
101010001101000011010010111001100100000011010010111001100100000011101100110010101110010011110010010000001100011011011110110111001110110011001010110111001101001011001010110111001110100001000000110011001101111011100100010000001100001001000000110001001100001011100110110111101101110001000000110111101100110001000000111001101101111011101010111000000100000011011110111001000100000011001110111001001100001011101100111100100100000011010010110111000100000011101000110100001100101001000000110001101101111011101010110111001110100011100100111100100101100001000000110111101110010
110000101110100001000000111001101100101011000010010110000100000011101110110100001100101011100100110010100100000011001100111001001100101011100110110100000100000011011010110010101100001011101000010000001101001011100110010000001101110011011110111010000100000011000010110110001110111011000010111100101110011001000000110000101110100001000000110100001100001011011100110010000101110
101111101000011011011000110010101100001011100100010000001000111011100100110000101110110011110010010111001011111
101001101101100011010010110001101100101001000000110001001100101011001010110011000100000011101000110100001101001011011100011101000100000011000100111001001101111011010010110110000100000011000010010000001110000011000010111001001110100001000000110111101100110001000000110100101110100001011000010000001101111011101100110010101110010001000000110000100100000011101100110010101110010011110010010000001100011011011000110010101100001011100100010000001110001011101010110100101100011011010110010000001100110011010010111001001100101001011000010000001101010011101010111001101110100
1100101011011100110111101110101011001110110100000100000011101000110111100100000011001110110100101110110011001010010000001100011011011110110110001101111011101010111001000100000011101000110111100100000011101000110100001100101001000000110011101110010011000010111011001111001001011000010000001100010011101010111010000100000011011100110111101110100001000000111010001101111001000000110010001110010011001010111001101110011001000000110100101110100001110100010000001110000011101010111010000100000011101000110100001100001011101000010110000100000011000010110111001100100
111010001101000011001010010000001110010011000010111011100100000011010010110111001110100011011110010000001100001001000000111011001100101011100100111100100100000011011100110100101100011011001010110110001111001001000000111010001101001011011100110111001100101011001000010000001110011011101000110010101110111011100000110000101101110001011000010000001110111011010010111010001101000001000000111010001110111011011110010000001101111011011100110100101101111011011100111001100101100001000000110000100100000011000110110110001101111011101100110010100101100001000000110111101110010
11101000111011101101111001000000100101001100001011011010110000101101001011000110110000100100000011000010110111001100100001000000110001001101100011000010110001101101011001000000111000001100101011100000111000001100101011100100111001100101100001000000110000101101110011001000010000001100001001000000110001001110101011011100110001101101000001000000110111101100110001000000111001101110111011001010110010101110100001000000110100001100101011100100110001001110011001110100010000001100011011011110111011001100101011100100010000001101001011101000010000001110111011010010111010001101000
1101000011011110111010000100000011101110110000101110100011001010111001000111011001000000110011101101001011101100110010100100000011010010111010000100000011011110110111001100101001000000110001001101111011010010110110000101100001000000110000101101110011001000010000001110011011010110110100101101101001000000110100101110100001000000111011101100101011011000110110000100000011101000111011101101111001000000110111101110010001000000111010001101000011100100110010101100101001000000111010001101001011011010110010101110011001110100010000001110100011010000110010101101110
110001101101111011101100110010101110010001000000110100101110100001000000110000101101110011001000010000001110011011010010110110101101101011001010111001000100000011101000110100101101100011011000010000001110001011101010110100101110100011001010010000001110011011101000111001001101111011011100110011100101110
101111101010100011011110010000001100100011100100110000101110111001000000100011101110010011000010111011001111001001000000111010001101000011000010111010000100000011101110110100101101100011011000010000001101011011001010110010101110000001000000110000100100000011101110110010101100101011010110010111001011111
100001101110101011101000010000001110100011010000110100101101110001000000110110001100101011000010110111000100000011000100110010101100101011001100011101000100000011100000111010101110100001000000110100101110100001000000110100101101110001000000110000100100000011001100111001001111001011010010110111001100111011100000110000101101110001000000111011101101001011101000110100001101111011101010111010000100000011000010110111001111001001000000110001001110101011101000111010001100101011100100011101000100000011100110110010101110100001000000110100101110100001000000110111101101110
11000010010000001100110011010010111001001100101001000000110001101101111011101100110010101110010011001010110010000101100001000000110001001110101011101000010000001110100011000010110101101100101001000000110001101100001011100100110010100100000011010010111010000100000011001000110111101100101011100110010000001101110011011110111010000100000011000100111010101110010011011100011101000100000011011000110010101110100001000000110100101110100001000000111001101110100011000010111100100100000011101000110100101101100011011000010000001100001011011000110110000100000011101000110100001100101
110011101110010011000010111011001111001001000000111010001101000011000010111010000100000011000110110111101101101011001010111001100100000011011110111010101110100001000000110111101100110001000000111010001101000011001010010000001101101011001010110000101110100001000000110001001100101001000000110010001110010011010010110010101100100001000000111010101110000001000000110100101101110011101000110111100100000011010010111010000100000011000010110011101100001011010010110111000111011001000000111010001101000011001010110111000100000011100000111010101110100001000000110000101110011
1101101011101010110001101101000001000000111011101100001011101000110010101110010001000000110000101110011001000000111011101101001011011000110110000100000011000110110111101110110011001010111001000100000011101000110100001100101001000000110110101100101011000010111010000101100001000000110000101101110011001000010000001101100011001010111010000100000011101000110100001100001011101000010000001110011011101000110010101110111001000000110000101110111011000010111100100101110001000000101010001101000011001010110111000100000011100000111010101110100001000000111010001101111
111010001101000011001010010000001101101011001010110000101110100001000000110000100100000011100110110110101100001011011000110110000100000011100010111010101100001011011100111010001101001011101000111100100100000011011110110011000100000011101110110000101110100011001010111001000101100001000000110100001100101011100100110001001110011001011000010000001101111011011100110100101101111011011100111001100101100001000000111001101110000011010010110001101100101001011000010000001100001001000000110001001101001011101000010000001101111011001100010000001101100011001010110000101101110
11010000110000101101101001110100010000001110011011010010110110101101101011001010111001000100000011101000110100101101100011011000010000001101001011101000010000001101001011100110010000001110010011010010110001101101000001011000010000001110100011010000110010101101110001000000110101101100101011001010111000000100000011010010111010000100000011010010110111000100000011000010010000001100011011011110110111101101100001000000111000001101100011000010110001101100101001011100010000001010010011001010110110101101111011101100110010100100000011101000110100001100101
1100110011000010111010000100000011011110110111001101100011110010010000001110111011010000110010101101110001000000110011101101111011010010110111001100111001000000111010001101111001000000110001001100101001000000111010101110011011001010110010000101110
10111110100000100100000011100100110100101100011011010000010000001000111011100100110000101110110011110010010111001011111
100001101110101011101000010000001100010011001010110010101100110001000000110100101101110001000000111010001101000011010010110111000100000011100110110110001101001011000110110010101110011001011000010000001100001011000110110001101101111011100100110010001101001011011100110011100100000011101000110111100100000011101000110100001100101001000000111000101110101011000010110111001110100011010010111010001111001001000000111011101100001011011100111010001100101011001000011101000100000011100110110110001101001011000110110010100100000011011110110111001101001011011110110111001110011
111010001101000011010010110111000101100001000000110000101101110011001000010000001100110011011000110111101110101011100100010000001100010011011110111010001101000001110100010000001100110011100100111100100100000011101000110100001100101011011010010000001101111011001100010000001100001001000000110110001101001011001110110100001110100001000000111000001100001011011000110010100100000011000100111001001101111011101110110111000101100001000000110001001110101011101000010000001101111011011100010000001101110011011110010000001100001011000110110001101101111011101010110111001110100
11100110111010101100110011001100110010101110010001000000111010001101000011001010110110100100000011101000110111100100000011001110110111100100000011000100110110001100001011000110110101100111010001000000111000001110101011101000010000001110100011010000110010101101101001000000110100101101110011101000110111100100000011000010010000001110011011101000110010101110111011100000110000101101110001011000010000001100001011011100110010000100000011100000110111101110101011100100110100101101110011001110010000001100010011011110110100101101100011010010110111001100111
1110111011000010111010001100101011100100010000001101111011011100010000001