0110010000001101111011001100010000001100111011000010111001001101100011010010110001101101011001011000010000001101111011100100010000001110011011010000110000101101100011011110111010000111011001000000110001001110101011101000010000001110100011010000110010100100000011011000110000101110100011101000110010101110010001000000110100101110011001000000110110001100101011000010111001101110100
1110011011101000111001001101111011011100110011100101110
1010100011010000111010101110011001000000110010001101111011011100110010100101100001000000111010001101000011001010111100100100000011101110110100101101100011011000010000001100010011001010010000001100111011011110110111101100100001000000110011001101111011100100010000001110011011001010111011001100101011100100110000101101100001000000111100101100101011000010111001001110011001011000010000001101001011001100010000001101011011001010111000001110100001000000110001101101100011011110111001101100101001000000110001101101111011101100110010101110010011001010110010000101110
101010001101000011001010010000001100001011010010111001000100000011101110110100101101100011011000010000001110011011011110110011001110100011001010110111000100000011101000110100001100101011011010010111000100000010101000110100001100101011110010010000001110111011010010110110001101100001000000110111001101111011101000010000001100010011001010010000001100110011010010111010000100000011101000110111100100000011001010110000101110100001000000111010101101110011001000110010101110010001000000111001101101001011110000010000001101101011011110110111001110100011010000111001100101110
1010100011010000110010100100000011100000110100101100011011010110110110001100101001000000111011101101001011011000110110000100000011100110110010101110010011101100110010100100000011000010111001100100000011001110110111101101111011001000010000001100011011000010111010001110011011101010111000000101100001000000111011101101000011001010110111000100000011101000110100001100101001000000111011101100001011011000110111001110101011101000111001100100000011000010111001001100101001000000111010101110011011001010110010000101110
101111101001110011000010111001101110100011101010111001001110100011010010110111101101110011100110010110000100000011001100110111101110010001000000100001101100001011100000110010101110010011100110010111001011111
100101101100101011001010111000000100000011101000110100001100101011011010010000001100001001000000110011001100101011101110010000001100100011000010111100101110011001000000110000101100110011101000110010101110010001000000111010001101000011001010111100100100000011000010111001001100101001000000110011101100001011101000110100001100101011100100110010101100100001110110010000001110100011010000110010101101110001000000111000001101111011101010111001000100000011000100110111101101001011011000110100101101110011001110010000001110110011010010110111001100101011001110110000101110010
110111101110110011001010111001000100000011101000110100001100101011011010010110000100000011000010110111001100100001000000111011101101000011001010110111000100000011000110110111101101100011001000010110000100000011000110110111101110110011001010111001000101110
1010100011010000110010101111001001000000111011101101001011011000110110000100000011011100110111101110100001000000110001001100101001000000110011001101001011101000010000001110100011011110010000001100101011000010111010000100000011001100110111101110010001000000111001101101111011011010110010100100000011011010110111101101110011101000110100001110011001110110010000001100010011101010111010000100000011000010111001001100101001000000111010001101000011001010110111000100000011001100110100101101110011001010110110001111001
1100110011011000110000101110110011011110111010101110010011001010110010000101100001000000110000101101110011001000010000001100010011110010010000001101101011000010110111001111001001000000111000001110010011001010110011001100101011100100111001001100101011001000010000001110100011011110010000001100011011000010111000001100101011100100111001100101110
1011111010000010110111000100000011001010111100001100011011001010110110001101100011001010110111001110100001000000111011101100001011110010010000001110100011011110010000001010000011010010110001101101011011011000110010100100000010011010111010101110011011010000111001001101111011011110110110101110011001011000010000001110100011011110010000001110000011100100110010101110011011001010111001001110110011001010010000001110100011010000110010100100000011001100110110001100001011101100110111101110101011100100010111001011111
1000010011101010111010001110100011011110110111001110011001000000110110101110101011100110111010000100000011000100110010100100000011100100111010101100010011000100110010101100100001000000111011101101001011101000110100000100000011000010010000001100010011010010111010000100000011011110110011000100000011001100110110001100001011011100110111001100101011011000010000001100001011011100110010000100000011100110110000101101100011101000011101100100000011000010110111001100100001000000110011001110010011011110110110100100000011101000110100001100101
1101100011000010111001001100111011001010111001000101100001000000111010001100001011010110110010100100000011011110111010101110100001000000111010001101000011001010010000001011111011100100110010101100100010111110010000001101001011011100111001101101001011001000110010100101100001000000110011001101111011100100010000001110111011010000110010101101110001000000111010001101000011001010111100100100000011000010111001001100101001000000101111101100010011011000110000101100011011010110101111100100000011101000110100001100101011110010010000001110111011010010110110001101100
110111001101111011101000010000001100100011011110010110000100000011000100110010101101001011011100110011100100000011101000110111101101111001000000110111101101100011001000010111000100000010101000110100001110010011011110111011100100000011000010010000001101100011010010111010001110100011011000110010100100000011100110110000101101100011101000010000001101111011101100110010101110010001011000010000001100001011011100110010000100000011100000111010101110100001000000111010001101000011001010110110100100000011010010110111001110100011011110010000001100001
11100110111010001100101011101110111000001100001011011100010110000100000011101110110100101110100011010000010000001110011011011110110110101100101001000000110110101100001011000110110010100101100001000000110000101101110011001000010000001110000011001010111000001110000011001010111001000101110001000000100000101110011001000000111010001101000011001010010000001101100011010010111000101110101011011110111001000100000011000110110111101101101011001010111001100100000011011110111010101110100001011000010000001110011011010000110000101101011011001010010000001110100011010000110010101101101
11101110110010101101100011011000010110000100000011000010110111001100100001000000110101101100101011001010111000000100000011101000110100001100101011011010010000001101111011101100110010101110010001000000110000100100000011001110110010101101110011101000110110001100101001000000110011001101001011100100110010100100000011101000110100101101100011011000010000001100001011011000110110000100000011011110110011000100000011010010111010000100000011000100110010100100000011001000111001001101001011001010110010000100000011010010110111001110100011011110010000001110100011010000110010101101101
11000010110011101100001011010010110111000111011001000000111010001101000011001010110111000100000011100000111010101110100001000000110000101110011001000000110110101110101011000110110100000100000011101100110100101101110011001010110011101100001011100100010000001101001011011100111010001101111001000000111010001101000011001010010000001110000011000010110111000100000011000010111001100100000011101110110100101101100011011000010000001100011011011110111011001100101011100100010000001110100011010000110010101101101001110110010000001100111011010010111011001100101001000000110100101110100
1101111011011100110010100100000011101110110000101110010011011010010110000100000011000010110111001100100001000000111010001110101011100100110111000100000011000010110110001101100001000000110100101101110011101000110111100100000011000010010000001100111011011000110000101110011011100110010000001101111011100100010000001110011011101000110111101101110011001010110101001100001011100100010111000100000010101000110100001100101011110010010000001110111011010010110110001101100001000000110101101100101011001010111000000100000011101000111011101101111
1111001011001010110000101110010011100110010110000100000011000010110111001100100001000000110000101110010011001010010000001100100011001010110110001101001011000110110100101101111011101010111001100101110
101111101010010011001010110010000100000010000110110000101100010011000100110000101100111011001010010111001011111
1010011011011000110100101100011011001010010000001101001011101000010000001101001011011100111010001101111001000000110000100100000011000110110111101101100011000010110111001100100011001010111001000101100001000000110000101101110011001000010000001110011011100000111001001101001011011100110101101101100011001010010000001100101011000010110001101101000001000000110110001100001011110010110010101110010001000000111011101101001011101000110100000100000011100110110000101101100011101000011101100100000011011000110010101110100001000000110100101110100
110010001110010011000010110100101101110001000000111010001110111011011110010000001100100011000010111100101110011001011000010000001110100011010000110010101101110001000000111000001110101011101000010000001101001011101000010000001101001011011100111010001101111001000000110000100100000011010100110000101110010001011000010000001100001011011100110010000100000011100000110111101110101011100100010000001100010011011110110100101101100011010010110111001100111001000000111011001101001011011100110010101100111011000010111001000100000011001010110111001101111011101010110011101101000
111010001101111001000000110001101101111011101100110010101110010001011000010000001100001011011100110010000100000011100000111010101110100001000000110000100100000011001100110010101110111001000000111001101101100011010010110001101100101011100110010000001101111011001100010000001110010011001010110010000100000011000100110010101100101011101000010000001110010011011110110111101110100001011100010000001001111011000100111001101100101011100100111011001100