100000011000100110110001100001011011100110001101101000011001010110010000100000011000010110110001101101011011110110111001100100011100110010110000100000011000110111010101110100001000000110100101101110001000000111001101100101011101100110010101101110001000000110111101110010001000000110010101101001011001110110100001110100
110001001101001011101000111001100101100001000000111011101101001011101000110100000100000011011110110111001100101001000000111000001101111011101010110111001100100001000000110111101100110001000000110011101110010011000010111010001100101011001000010000001100010011100100110010101100001011001000010110000100000011101000111011101101111001000000111000001101111011101010110111001100100011100110010000001101111011001100010000001101101011000010111001001110010011011110111011100100000011011110111001000100000011100110111010101100101011101000010110000100000011011110110111001100101
111000001101111011101010110111001100100001000000110111101100110001000000110001101110101011100100111001001100101011011100111010001110011001011000010000001110011011011110110110101100101001000000110001001100101011000010111010001100101011011100010000001100011011010010110111001101110011000010110110101101111011011100010110000100000011000110110110001101111011101100110010101110011001011000010000001101101011000010110001101100101001011000010000001100001011011100110010000100000011011100111010101110100011011010110010101100111001011000010000001100001
11100010111010101100001011100100111010000100000011011110110011000100000011000110111001001100101011000010110110100101100001000000111100101100101011011000110101101110011001000000110111101100110001000000111001101101001011110000010110000100000011000010110111001100100001000000111011101101000011010010111010001100101011100110010000001101111011001100010000001110100011101110110111100100000011001010110011101100111011100110010110000100000011000010010000001101100011010010111010001110100011011000110010100100000011011110111001001100001011011100110011101100101
110011001101100011011110111010101110010001000000111011101100001011101000110010101110010001011000010000001100001001000000110110001101001011101000111010001101100011001010010000001100110011010010110111001100101001000000100110001101001011100110110001001101111011011100010000001110011011101010110011101100001011100100010110000100000011100110110111101101101011001010010000001101100011001010110110101101111011011100010000001110000011001010110010101101100001011000010000001100001011011100110010000100000011000110110100101110100011100100110111101101110
11100110110110001101001011000110110010101100100001011000010000001100001011011100110010000100000011010000110000101101100011001100010000001100110011010010110110001101100001000000111010001101000011001010010000001110011011010110110100101101110011100110010111000100000010000100110111101101001011011000010000001100001011100110010000001100010011001010110011001101111011100100110010100100000011001000110100101110010011001010110001101110100011001010110010000101110
10111110100100001101111011001110111001111100010100000001001100100100000010011000110000101110010011001000010111001011111
101001101101000011011110111010101101100011001000010000001100010011001010010000001100011011000010111001001100101011001100111010101101100011011000111100100100000011011010110010101101100011101000110010101100100001000000110100101101110001000000110000100100000011010100110000101110010001011000010000001110000011101010111010000100000011010010110111001110100011011110010000001100001001000000110101101100101011101000111010001101100011001010010000001101111011001100010000001110111011000010111010001100101011100100010110000100000011000010110111001100100
110001001101111011010010110110001100101011001000010000001100001011011100110010000100000011100100111010101101110001000000110100101101110011101000110111100100000011000100110110001100001011001000110010001100101011100100111001100100000011101000110100001100001011101000010000001101000011000010111011001100101001000000110001001100101011001010110111000100000011001010111100001110100011100100110010101101101011001010110110001111001001000000111011101100101011011000110110000100000011000110110110001100101011000010110111001100101011001000010111000100000010101000110100001100101
11100110110110101100001011011000110110001100101011100100010000001110100011010000110010101111001001000000110000101110010011001010010110000100000011101000110100001100101001000000110001001100101011101000111010001100101011100100010000001110100011010000110010100100000011011000110000101110010011001000010000001101011011001010110010101110000011100110011101100100000011000010111001100100000011000010110011001110100011001010111001000100000011101000110100001100101001000000110000101101001011100100010000001110010011001010110000101100011011010000110010101110011
11010010111010000101100001000000110100101110100001000000110001001100101011000110110111101101101011001010111001100100000011100100110000101101110011010110010111000100000010100000111010101110100001000000110100101101110001000000110000100100000011100110111000001110010011010010110011100100000011011110110011000100000011100100110111101110011011001010110110101100001011100100111100100100000011101110110100001100101011011100010000001101101011001010110110001110100011001010110010000101110
101010001101000011010010111001100100000011000100110010101101001011011100110011100100000011000010010000001101101011011110111001101110100001000000111010101110011011001010110011001110101011011000010000001100001011100100111010001101001011000110110110001100101001000000110011001101111011100100010000001100110011100100111100101101001011011100110011100100000011001100110100101110011011010000010110000100000011010010111010000100000011100110110100001101111011101010110110001100100001000000110001001100101001000000111000001110010011001010111000001100001011100100110010101100100
1110111011010010111010001101000001000000110001101100001011100100110010100101110001000000100110101101001011110000110010101100100001000000111011101101001011101000110100000100000011000100111010101110100011101000110010101110010001000000110100101110100001000000110110101100001011010110110010101110011001000000110011001101001011011100110010100100000011000110111001001110101011100110111010000101110
10111110101000001101001011001111110001010000000100110010111001100100000010010000110000101110010011100110110110001100101011101000010111001011111
101011101100001011100110110100000100000011000010110111001100100001000000110010001110010011110010010000001110011011011110110110101100101001000000110110001101001011101100110010101110010001011000010000001110011011101110110010101100101011101000110001001110010011001010110000101100100011100110010110000100000011000010110111001100100001000000110011001100001011101000010000001100001011011100110010000100000011011000110010101100001011011100010000001100010011010010111010001110011001000000110111101100110001000000111000001101111011100100110101100111011
110001001100101011000010111010001101001011011100110011100100000011101000110100001100101001000000110110001100001011101000111010001100101011100100010000001110111011010010111010001101000001000000110000100100000011100100110111101101100011011000110100101101110011001110010000001110000011010010110111000100000011101000110111100100000011011010110000101101011011001010010000001101001011101000010000001110100011001010110111001100100011001010111001000101110001000000101001101100101011000010111001101101111011011100010000001110111011010010111010001101000
1110000011001010111000001110000011001010111001000101100001000000111001101100001011011000111010000101100001000000111001101100001011001110110010100101100001000000110000101101110011001000010000001100001001000000110110001101001011101000111010001101100011001010010000001101111011011100110100101101111011011100010110000100000011100110110100001110010011001010110010000100000011001100110100101101110011001010010111000100000010100000111010101110100001000000110000101101100011011000010000001110111011010000110010101101110001000000110110101101001011110000110010101100100
1101001011011100111010001101111001000000110000100100000011000110110000101110111011011000010110000100000011000010110111001100100001000000110011001100001011100110111010001100101011011100010000001101001011101000010000001110101011100000010000001110100011010010110011101101000011101000010000001110111011010010111010001101000001000000110000100100000011011100110010101100101011001000110110001100101001000000110000101101110011001000010000001110100011010000111001001100101011000010110010000101110001000000101001001101111011000010111001101110100001000000110100101110100
11011110110111000100000011000010010000001101000011000010110111001100111011010010110111001100111001000000110101001100001011000110110101100101100001000000110111101110010001000000110001001111001001000000110000100100000011100110111010001110010011010010110111001100111001011100010000001001111011100100010000001110011011001010111001001110110011001010010000001101001011011100010000001110011011011000110100101100011011001010111001100100000011101110110100101110100011010000010000001110000011000010111001001110011011011000110010101111001001000000110011001101111011100100010000001100001
1100110011100100111100100101110
10100110110010101110010011101100110010100100000011101110110100101110100011010000010000001100001001000000111001101100001011101010110001101100101001000000110111101100110001000000111000001101111011100100111010000100000011000010110111001100100001000000111011101100001011101000110010101110010001011000010000001100001011011100110010000100000011011010111010101110011011101000110000101110010011001000010000001101010011101010111001101110100001000000110001001101111011010010110110001100101011001000010000001110101011100000010110000100000011000010110111001100100
11100000111010101110100001000000110100101101110011101000110111100100000011101000110100001100101001000000110010001101001011100110110100000101110
10111110100110001101111011010010110111001110011001000000110000101101110011001000010000001001110011001010110001101101011011100110010000001101111011001100010000001010000011011110111001001101011001011000010000001110010011011110110000101110011011101000010111001011111
10100110110100001101111011101010110110001100100011001010111001001110011001000000110000101101110011001000010000001