10100011011110010000001100010011011110110100101101100001000000101010001110101011100100110001001101111011101000010111001011111
10101000110100001100101001000000111010001110101011100100110001001101111011101000010000001101011011001010111010001110100011011000110010100100000011011010111010101110011011101000010000001100010011001010010000001101111011001100010000001100001001000000111000001110010011011110111000001100101011100100010000001110011011010010111101001100101001011000010000001100001011011100110010000100000011010010110111000100000011101000110100001100101001000000110111001101001011000110110010101110011011101000010000001101111011100100110010001100101011100100010111000100000010100110110010101110100
1110100011010000110010100100000011001100110100101110011011010000010000001101001011011100010000001100011011011110110110001100100001000000111011101100001011101000110010101110010001000000111010001101111001000000110001101101111011101100110010101110010001000000110100101110100001000000110001101101111011011010111000001101100011001010111010001100101011011000111100100111010001000000111010001101000011100100110111101110111001000000110000100100000011010000110000101101110011001000110011001110101011011000010000001101111011001100010000001110011011000010110110001110100
11000010110111001100100001000000110111101101110011001010010000001100111011011000110000101110011011100110010000001101111011001100010000001110110011010010110111001100101011001110110000101110010001000000110100101101110011101000110111100100000011010010111010000111011001000000110110001100101011101000010000001101001011101000010000001100111011100100110000101100100011101010110000101101100011011000111100100100000011000100110111101101001011011000011101100100000011000100110010100100000011101100110010101110010011110010010000001100011011000010111001001100101011001100111010101101100
111010001101000011000010111010000100000011101000110100001100101011100100110010100100000011001100110000101101100011011000010000001101110011011110010000001100010011011000110000101100011011010110111001100101100001000000110001001110101011101000010000001110011011010110110100101101101001000000110100101110100001000000111011101100101011011000110110000101100001000000110000101101110011001000010000001110000011100100110010101110011011001010111001001110110011001010010000001110100011010000110010100100000011000100110010101100001011101010111010001111001001000000110111101100110
111010001101000011001010010000001100011011011110110110001101111011101010111001000101110
101001101100101011100100111011001100101001000000110100101110100001000000110011101100001011100100110111001101001011100110110100001100101011001000010000001110111011010010111010001101000001000000110000100100000011000110110111101101101011100000110110001100101011101000110010100100000011001100111001001101001011011100110011101100101001000000110111101100110001000000110001101110101011100100110110001100101011001000010000001110000011000010111001001110011011011000110010101111001001011000010000001101100011001010110110101101111011011100010110000100000011000010110111001100100
11010000110111101110010011100110110010101110010011000010110010001101001011100110110100000101110
1010100011010000110010100100000011100110110000101110101011000110110010100100000011011010111010101110011011101000010000001100010011001010010000001110100011010000110010100100000011001100110100101101110011001010111001101110100001000000110110001101111011000100111001101110100011001010111001000101100001000000110000101101110011001000010000001100001011011100110001101101000011011110111011001111001001000000110001001110101011101000111010001100101011100100010110000100000011000010110111001100100001000000111000001101100011000010110100101101110
110001001110101011101000111010001100101011100100010110000100000011100110110010101110010011101100110010101100100001000000111000001101100011001010110111001110100011010010110011001110101011011000110110001111001001000000110100101101110001000000111001101100101011100000110000101110010011000010111010001100101001000000111010001110101011100100110010101100101011011100111001100101110
101111101010100011011110010000001110011011101000110010101110111001000000100110001100001011011010111000001110010011001010111100100101100001000000110000101110011001000000110000101110100001000000101011101101111011100100110001101100101011100110111010001100101011100100010111001011111
100000101100110011101000110010101110010001000000110001101101100011001010110000101101110011010010110111001100111001000000111010001101000011001010010000001100110011010010111001101101000001000000110001101100001011100100110010101100110011101010110110001101100011110010010110000100000011100100110010101101101011011110111011001100101001000000111010001101000011001010010000001100011011000010111001001110100011010010110110001100001011001110110010100100000011101110110100001101001011000110110100000100000011100100111010101101110011100110010000001100100011011110111011101101110
1110100011010000110010100100000011000100110000101100011011010110010110000100000011000010110111001100100001000000111001101100101011000010111001101101111011011100010000001110111011010010111010001101000001000000110000100100000011100110110110101100001011011000110110000100000011100010111010101100001011011100111010001101001011101000111100100100000011011110110011000100000011000110110110001101111011101100110010101110011001011000010000001101101011000010110001101100101001011000010000001101110011101010111010001101101011001010110011100101100
11100000110010101110000011100000110010101110010001011000010000001100001011011100110010000100000011100000110100101101101011001010110111001110100011011110010111000100000010100000111010101110100001000000110100101110100001000000110100101101110001000000110000100100000011100110110110101100001011011000110110000100000011100110111010001100101011101110111000001101111011101000010110000100000011101110110100101110100011010000010000001110110011001010111001001111001001000000111001101110100011100100110111101101110011001110010000001100010011001010110010101100110
110011101110010011000010111011001111001001011000010000001110111011010010111010001101000001000000111000001101111011100100111010000100000011000010110111001100100001000000110010101110001011101010110000101101100001000000111000101110101011000010110111001110100011010010111010001111001001000000110111101100110001000000100110101100001011001000110010101101001011100100110000100100000011011110111001000100000011100110110100001100101011100100111001001111001001000000111011101101001011011100110010100101110
10010010111010000100000011011010111010101110011011101000010000001100010011001010010000001100011011011110111011001100101011100100110010101100100001110110010000001110011011101000110010101110111001000000111010001101001011011000110110000100000011101000110010101101110011001000110010101110010001110110010000001110100011010000110010101101110001000000111010001100001011010110110010100100000011011110111010101110100001000000111010001101000011001010010000001101100011000010110110101110000011100100110010101111001001000000110000101101110011001000010000001101011011001010110010101110000
1101001011101000010000001101000011011110111010000101100001000000111011101101000011010010110110001100101001000000111100101101111011101010010000001100010011011110110100101101100001000000111010101110000001000000111010001101000011001010010000001101100011010010111000101110101011011110111001000100000011101110110100101110100011010000010000001110100011101110110111100100000011011110111001000100000011101000110100001110010011001010110010100100000011000010110111001100011011010000110111101110110011010010110010101110011
11000110110100001101111011100000111000001100101011001000010110000100000011000010110111001100100001000000111001101101111011011010110010100100000011001100110110001101111011101010111001000100000011000010110111001100100001000000110001001110101011101000111010001100101011100100011101000100000011100110111010001110010011000010110100101101110001000000111010001101000011001010010000001100111011100100110000101110110011110010010000001110100011010000111001001101111011101010110011101101000001000000110000100100000011100110110100101100101011101100110010100101100
1100001011011100110010000100000011000010110010001100100001000000110110001100101011011010110111101101110001000000110101001110101011010010110001101100101001000000110000101101110011001000010000001110011011011110110110101100101001000000110110101100001011001000110010100100000011011010111010101110011011101000110000101110010011001000010111000100000010100110110010101110010011101100110010100100000011101110110100101110100011010000010000001110011011010010111000001110000011001010111010001110011001000000110111101100110001000000110001001110010011001010110000101100100
1100001011011100110010000100000011010000110111101110010011100110110010101110010011000010110010001101001011100110110100000101110
1000101011001010110110001110011001011000010000001110011011011110110000101101100011100110010110000100000011000010110111001100100001000000110001101100001011100100111000000101100001000000110010001101111011011100110010100100000011101000110100001100101001000000111001101100001011011010110010100100000011101110110000101111001001011000010000001100001011100100110010100100000011001010111100001100011011001010110110001101100011001010110111001110100001011100010000001010111011010000110010101101110001000000111010001101000011001010111001001100101001000000110100101110011
111001101110000011000010111011101101110001011000010000001101001011101000010000001101101011101010111001101110100001000000110001001100101001000000110011001110010011010010110010101100100001000000110000101101110011001000010000001110000011101010111010000100000011100100110111101110101011011100110010000101110
1001110011011110111010001100101001011100010000001000011011110010110010001100101011100100010000001101001011011100111001101110100011001010110000101100100001000000110111101100110001000000111011101101000011010010111010001100101001000000111011101101001011011100110010100100000011101110110100101101100011011000010000001100100011011110010000001101001011011100010000001100011011011110110110101101101011011110110111000101110
1011111010001010110010101101100001000000101000001111001011001010010111001011111
10000110111010101110100001000000111010001101000011