1000000111001101101000011011110111010101101100011001000010000001100010011001010010000001110000011011000110000101100011011001010110010000100000011011110110111000100000011101000110100001100101001000000110010001101001011100110110100000101100
11100110110111100100000011000110110111101101110011100110111000001101001011000110111010101101111011101010111001101101100011110010010000001110100011010000110000101110100001000000111010001101000011001010010000001101100011000010110010001111001001000000110110101100001011110010010000001110011011001010110010100100000011101000110100001100101011011010010110000100000011000010110111001100100001000000110100001100101011011000111000000100000011000010010000001110000011000010111001001110100001000000111010001101111001000000110010101110110011001010111001001111001
1101111011011100110010100101110001000000101010001101000011001010010000001110011011011110111010101101110011001000010000001101111011001100010000001110100011010000110010100100000011000110110111101100100001011000010000001101001011101000111001100100000011010000110010101100001011001000010110000100000011000010110111001100100001000000111010001101000011001010010000001101000011001010110000101100100001000000110111101100110001000000110001101100001011100100111000000100000011000010111001001100101001000000111001001100101011000110110101101101111011011100110010101100100
111010001101000011001010010000001110000011100100110100101101101011001010010000001110000011000010111001001110100011100110011101100100000011000010110111001100100001000000110100101110100001000000110100101110011001000000110000100100000011100000110000101110010011101000010000001101111011001100010000001101110011001010110001101100101011100110111001101100001011100100111100100100000011000010111010001110100011001010110111001110100011010010110111101101110001000000111010001101111001000000110100001100101011011000111000000101100001000000110111101110010001000000110000101110100
1101100011001010110000101110011011101000010000001101111011001100110011001100101011100100010000001110011011011110110110101100101001000000110111101100110001000000111010001101000011001010010000001100010011001010111001101110100001000000111010001101111001000000110111101101110011001011110001010000000100110010111001100100000011001100111001001101001011001010110111001100100011100110011101100100000011011100110111101110010001000000110100101110011001000000110100101110100001000000110000101101110011110010010000001100101011110000110001101110101011100110110010100100000011001100110111101110010
111010001101000011001010010000001101101011010010111001101110100011100100110010101110011011100111110001010000000100110010111001100100000011011100110010101100111011011000110100101100111011001010110111001100011011001010010110000100000011101000110100001100001011101000010000001101001011101000010000001101001011100110010000001110100011010000110010100100000011001100110000101110011011010000110100101101111011011100010000001101111011001100010000001110100011010000110010100100000011100000111001001100101011100110110010101101110011101000010000001100100011000010111100100100000011001100110111101110010
1110100011010000110111101110011011001010010000001110111011010000110111100100000011100110110100101110100001000000110000101110100001000000110100001100101011100100010000001110010011010010110011101101000011101000010000001101111011100100010000001101100011001010110011001110100001000000110100001100001011011100110010000100000011101000110111100100000011010000110010101101100011100000010000001110100011010000110010100100000011000110110111101101101011100000110000101101110011110010010110000100000011101110110100001101001011000110110100000100000011100110110100001100101
110110101110101011100110111010000100000011100110110010101100101001000000111010001101000011001010111100100100000011001000110111100100000011100000111001001101111011100000110010101110010011011000111100100101110
1001001011001100010000001110011011000010110110001101101011011110110111000100000011010010111001100100000011101000110111100100000011000100110010100100000011001000111001001100101011100110111001101100101011001000010110000100000011001110111001001100101011000010111010000100000011000110110000101110010011001010010000001101001011100110010000001101110011001010110001101100101011100110111001101100001011100100111100100100000011101000110100001100001011101000010000001101001011101000010000001100010011001010010000001100100011011110110111001100101
110010101101110011011110111010101100111011010000010111000100000010011100110111100100000011101100110100101101110011001010110011101100001011100100010000001110011011010000110111101110101011011000110010000100000011000100110010100100000011000100110111101101001011011000110010101100100001000000111011101101001011101000110100000100000011010010111010000101110
10010010110011000100000011001100110100101110011011010000010000001101001011100110010000001110100011011110010000001100010011001010010000001100110011100100110100101100101011001000010000001101111011100100010000001100010011100100110111101101001011011000110010101100100001011000010000001101001011101000010000001101101011101010111001101110100001000000110001001100101001000000111011101110010011000010111000001110100001000000110100101101110001000000110000100100000011011100110100101100011011001010010000001110011011011110110011001110100
11000110110110001101111011101000110100000101100001000000110000101100110011101000110010101110010001000000110100101110100001000000110100101110011001000000111011101100101011011000110110000100000011000110110110001100101011000010110111001100101011001000010000001100001011011100110010000100000011101110110000101110011011010000110010101100100001011100010000001010111011010000110010101101110001000000111000001100101011100100110011001100101011000110111010001101100011110010010000001100100011100100111100100101100001000000111011101100101011101000010000001110111011010010111010001101000
110000101101110001000000110010101100111011001110010110000100000011010010110011000100000011101000110100001100101001000000110011001101111011100100110110101100101011100100010000001110111011000010111100100101100001000000110000101101110011001000010000001110011011100000111001001101001011011100110101101101100011001010010000001110100011010000110010100100000011001100110100101101110011001010111001101110100001000000110001101110010011101010110110101100010011100110010000001101111011001100010000001100010011100100110010101100001011001000010000001101111011101100110010101110010
110100101110100001110110010000001110100011010000110010101101110001000000110100001100001011101100110100101101110011001110010000001100001001000000111010001101000011010010110001101101011001000000110001001101111011101000111010001101111011011010110010101100100001000000110011001110010011110010110100101101110011001110111000001100001011011100010000001101111011011100010000001110100011010000110010100100000011001100110100101110010011001010010110000100000011101110110100101110100011010000010000001100001001000000110110001100001011100100110011101100101
1110001011101010110000101101110011101000110100101110100011110010010000001101111011001100010000001101100011000010111001001100100001000000110111101110010001000000110010001110010011010010111000001110000011010010110111001100111001000000110001001101111011010010110110001101001011011100110011100100000011010000110111101110100001011000010000001110000011011000111010101101110011001110110010100100000011101000110100001100101001000000110011001101001011100110110100000100000011010010110111001110100011011110010000001101001011101000010110000100000011000010110111001100100
11011000110010101110100001000000110100101110100001000000110011001110010011110010010000001101101011010010110010001100100011011000110100101101110011001110110110001111001001000000111000101110101011010010110001101101011001011000010000001110100011010010110110001101100001000000111010001101000011001010010000001100011011011110110110001101111011101010111001000100000011000100110010100100000011000010010000001100110011010010110111001100101001000000110001001110010011011110111011101101110001000000111100101100101011011000110110001101111011101110010110000100000011000010110111001100100
11010010111010000100000011000100110010100100000011010100111010101100100011001110110010101100100001000000111001001100101011000010110010001111001001110100010000001101001011001100010000001110100011010000110010100100000011011000110000101110100011101000110010101110010001000000111010001100001011010110110010100100000011100000110110001100001011000110110010100100000011001100110100101110010011100110111010000101100001000000111010001101000011001010010000001100011011011110110111101101011001000000111001101101000011011110111010101101100011001000010000001100100011100100110000101110111
111010001101000011001010010000001110000011000010110111000100000011101000110111100100000011101000110100001100101001000000111001101101001011001000110010100100000011011110110011000100000011101000110100001100101001000000110011001101001011100100110010100101100001000000110110001100101011100110111010000100000011101000110100001100101001000000110001101101111011011000110111101110101011100100010000001100010011001010010000001110011011100000110111101101001011011000110010101100100001011100010000001010011011010000110010100100000011100110110100001101111011101010110110001100100
1110100011010000110010101101110001000000110001101100001011100100110010101100110011101010110110001101100011110010010000001110100011000010110101101100101001000000110100101110100001000000111010101110000001011000010000001100001011011100110010000100000011001010110100101110100011010000110010101110010001000000111000001101100011000010110001101100101001000000110100101110100001000000110111101101110001000000110000100100000011011000110000101110010011001110110010100100000011100110110100101100101011101100110010100100000011101000111010101110010011011100110010101100100
1110101011100000111011101100001011100100110010001110011001011000010000001100001011011100110010000100000011101000110111100100000011000100110010100100000011010110110010101110000011101000010000001100110011011110111001000100000011101000110100001100001011101000010000001110000011101010111001001110000011011110111001101100101001000000110111101101110011011000111100100101100001000000110111101110010001000000110111101101110001000000111010001