11001010111010001100001011100100111100100100000011011110111001000100000011100000111001001101111011100000111001001101001011001010111010001100001011100100111100100100000011001100110111101110010011011010010110000100000011010010110111001100011011011000111010101100100011010010110111001100111
11000010110111001111001001000000111011101101111011100100110010000100000011100000111001001101111011000110110010101110011011100110110100101101110011001110010000001101111011100100010000001101000011110010111000001100101011100100111010001100101011110000111010000100000011001100110111101110010011011010010111000100000010010000110111101110111011001010111011001100101011100100010110000100000011010010110011000100000011110010110111101110101001000000111000001110010011011110111011001101001011001000110010100100000011000010110001101100011011001010111001101110011
11101000110111100100000011011110111001000100000011001000110100101110011011101000111001001101001011000100111010101110100011001010010000001100011011011110111000001101001011001010111001100100000011011110110011000100000011000010010000001010000011100100110111101101010011001010110001101110100001000000100011101110101011101000110010101101110011000100110010101110010011001110010110101110100011011010010000001110111011011110111001001101011001000000110100101101110001000000110000100100000011001100110111101110010011011010110000101110100
11011110111010001101000011001010111001000100000011101000110100001100001011011100010000000100010010100000110110001100001011010010110111000100000010101100110000101101110011010010110110001101100011000010010000001000001010100110100001101001001010010010010001000100000011011110111001000100000011011110111010001101000011001010111001000100000011001100110111101110010011011010110000101110100001000000111010101110011011001010110010000100000011010010110111000100000011101000110100001100101001000000110111101100110011001100110100101100011011010010110000101101100
111011001100101011100100111001101101001011011110110111000100000011100000110111101110011011101000110010101100100001000000110111101101110001000000111010001101000011001010010000001101111011001100110011001101001011000110110100101100001011011000010000001010000011100100110111101101010011001010110001101110100001000000100011101110101011101000110010101101110011000100110010101110010011001110010110101110100011011010010000001110111011001010110001001110011011010010111010001100101
10100001110111011101110111011100101110011001110111010101110100011001010110111001100010011001010111001001100111001011100110111101110010011001110010100100101100001000000111100101101111011101010010000001101101011101010111001101110100001011000010000001100001011101000010000001101110011011110010000001100001011001000110010001101001011101000110100101101111011011100110000101101100001000000110001101101111011100110111010000101100001000000110011001100101011001010010000001101111011100100010000001100101011110000111000001100101011011100111001101100101
111010001101111001000000111010001101000011001010010000001110101011100110110010101110010001011000010000001110000011100100110111101110110011010010110010001100101001000000110000100100000011000110110111101110000011110010010110000100000011000010010000001101101011001010110000101101110011100110010000001101111011001100010000001100101011110000111000001101111011100100111010001101001011011100110011100100000011000010010000001100011011011110111000001111001001011000010000001101111011100100010000001100001001000000110110101100101011000010110111001110011
110111101100110001000000110111101100010011101000110000101101001011011100110100101101110011001110010000001100001001000000110001101101111011100000111100100100000011101010111000001101111011011100010000001110010011001010111000101110101011001010111001101110100001011000010000001101111011001100010000001110100011010000110010100100000011101110110111101110010011010110010000001101001011011100010000001101001011101000111001100100000011011110111001001101001011001110110100101101110011000010110110000100000001000100101000001101100011000010110100101101110
1010110011000010110111001101001011011000110110001100001001000000100000101010011010000110100100101001001001000100010000001101111011100100010000001101111011101000110100001100101011100100010000001100110011011110111001001101101001011100010000001000001011011100111100100100000011000010110110001110100011001010111001001101110011000010111010001100101001000000110011001101111011100100110110101100001011101000010000001101101011101010111001101110100001000000110100101101110011000110110110001110101011001000110010100100000011101000110100001100101
11001100111010101101100011011000010000001010000011100100110111101101010011001010110001101110100001000000100011101110101011101000110010101101110011000100110010101110010011001110010110101110100011011010010000001001100011010010110001101100101011011100111001101100101001000000110000101110011001000000111001101110000011001010110001101101001011001100110100101100101011001000010000001101001011011100010000001110000011000010111001001100001011001110111001001100001011100000110100000100000001100010010111001000101001011100011000100101110
11000100101110010001010010111000110111001011100010000001000100011011110010000001101110011011110111010000100000011000110110100001100001011100100110011101100101001000000110000100100000011001100110010101100101001000000110011001101111011100100010000001100001011000110110001101100101011100110111001100100000011101000110111100101100001000000111011001101001011001010111011101101001011011100110011100101100001000000110010001101001011100110111000001101100011000010111100101101001011011100110011100101100
11100000110010101110010011001100110111101110010011011010110100101101110011001110010110000100000011000110110111101110000011110010110100101101110011001110010000001101111011100100010000001100100011010010111001101110100011100100110100101100010011101010111010001101001011011100110011100100000011000010110111001111001001000000101000001110010011011110110101001100101011000110111010000100000010001110111010101110100011001010110111001100010011001010111001001100111001011010111010001101101001000000111011101101111011100100110101101110011
11101010110111001101100011001010111001101110011001000000111100101101111011101010010000001100011011011110110110101110000011011000111100100100000011101110110100101110100011010000010000001110000011000010111001001100001011001110111001001100001011100000110100000100000001100010010111001000101001011100011100000100000011011110111001000100000001100010010111001000101001011100011100100101110
11000100101110010001010010111000111000001011100010000001011001011011110111010100100000011011010110000101111001001000000110001101101000011000010111001001100111011001010010000001100001001000000111001001100101011000010111001101101111011011100110000101100010011011000110010100100000011001100110010101100101001000000110011001101111011100100010000001100011011011110111000001101001011001010111001100100000011011110110011000100000011011110111001000100000011100000111001001101111011101100110100101100100011010010110111001100111
11000010110001101100011011001010111001101110011001000000111010001101111001000000110111101110010001000000110010001101001011100110111010001110010011010010110001001110101011101000110100101101110011001110010000001010000011100100110111101101010011001010110001101110100001000000100011101110101011101000110010101101110011000100110010101110010011001110010110101110100011011010010000001100101011011000110010101100011011101000111001001101111011011100110100101100011001000000111011101101111011100100110101101110011
111000001110010011011110111011001101001011001000110010101100100001000000111010001101000011000010111010000111010
101010001000000101100101101111011101010010000001110000011000010111100100100000011000010010000001110010011011110111100101100001011011000111010001111001001000000110011001100101011001010010000001101111011001100010000000110010001100000010010100100000011011110110011000100000011101000110100001100101001000000110011101110010011011110111001101110011001000000111000001110010011011110110011001101001011101000111001100100000011110010110111101110101001000000110010001100101011100100110100101110110011001010010000001100110011100100110111101101101
111010001101000011001010010000001110101011100110110010100100000011011110110011000100000010100000111001001101111011010100110010101100011011101000010000001000111011101010111010001100101011011100110001001100101011100100110011100101101011101000110110100100000011101110110111101110010011010110111001100100000011000110110000101101100011000110111010101101100011000010111010001100101011001000010000001110101011100110110100101101110011001110010000001110100011010000110010100100000011011010110010101110100011010000110111101100100
1111001011011110111010100100000011000010110110001110010011001010110000101100100011110010010000001110101011100110110010100100000011101000110111100100000011000110110000101101100011000110111010101101100011000010111010001100101001000000111100101101111011101010111001000100000011000010111000001110000011011000110100101100011011000010110001001101100011001010010000001110100011000010111100001100101011100110010111000100000010101000110100001100101001000000110011001100101011001010010000001101001011100110010000001101111011101110110010101100100
111010001101111001000000111010001101000011001010010000001101111011101110110111001100101011100100010000001101111011001100010000001110100011010000110010100100000010100000111001001101111011010100110010101100011011101000010000001000111011101010111010001100101011011100110001001100101011100100110011100101101011101000110110100100000011101000111001001100001011001000110010101101101011000010111001001101011001011000010000001100010011101010111010000100000011010000110010100100000011010000110000101110011
110000101100111011100100110010101100101011001000010000001110100011011110010000001100100011011110110111001100001011101000110010100100000011100100110111101111001011000010110110001110100011010010110010101110011001000000111010101101110011001000110010101110010001000000111010001101000011010010111001100100000011100000110000101110010011000010110011101110010011000010111000001101000001000000111010001101111001000000111010001101000011001010010000001010000011100100110111101101010011001010110001101110100
1000111011101010111010001100