0000001100010011010010111010000100000011011110110011000100000011001100110110001101111011101010111001000100000011000010110111001100100001000000110001001110101011101000111010001100101011100100010110000100000011000100110111101101001011011000110010101100100
1110100011011110110011101100101011101000110100001100101011100100010110000100000011010010110111001110100011011110010000001110100011010000110010100100000011001000110100101110011011010000010000001100011011011110110110001100100001011100010000001010000011101010111010000100000011000010010000001110000011000010111001101110100011001010010000001101111011101100110010101110010001110110010000001100001011011100110010000100000011101110110100001100101011011100010000001101001011101000010000001100011011011110110110101100101011100110010000001100110011100100110111101101101
111010001101000011001010010000001101111011101100110010101101110001011000010000001110000011011110111010101110010001000000110100101101110001000000111001101101111011011010110010100100000011101110110000101110010011011010010000001100011011100100110010101100001011011010010111000100000010010010110011000100000011110010110111101110101001000000111000001101100011001010110000101110011011001010010000001111001011011110111010100100000011011010110000101111001001000000111000001110101011101000010000001110000011000010111001001110011011011000110010101111001
1101001011011100111001101110100011001010110000101100100001000000110111101100110001000000110111101111001011100110111010001100101011100100111001100101110
1011111010010000110000101100100011001000110111101100011011010110010111001011111
100010001101111001000000111010001101000011001010010000001110011011000010110110101100101001000000110000101110011001000000110001101101111011001000010110000100000011000010110111001100100001000000111001101100101011100100111011001100101001000000111011101101001011101000110100000100000011101000110100001100101001000000111001101100001011011010110010100100000011100110110000101110101011000110110010100111011001000000110111101110010001011000010000001110011011101000111010101100110011001100010000001110111011010010111010001101000
110011001101111011100100110001101100101011011010110010101100001011101000010000001100001011100110010000001110000011000010110011101100101001000000110010101101100011001010111011001100101011011100111010001101000001011100010000001001111011100100010000001100010011100100110111101101001011011000010000001110100011010000110010101101101001000000111011101101001011101000110100000100000011100110111010001110101011001100110011001101001011011100110011100101110
10111110100111101111001011100110111010001100101011100100111001100100000011101000110111100100000011100110111010001100101011101110010111001011111
100111101110000011001010110111000100000011101000110100001100101011011010010000001100001011011100110010000100000011100110110010101110000011000010111001001100001011101000110010100100000011101000110100001100101001000000110110001101001011100010111010101101111011100100010000001100110011100100110111101101101001000000111010001101000011001010110110100101100001000000111010001101000011001010110111000100000011101110110000101110011011010000010000001110100011010000110010101101101001000000110011001110010011011110110110100100000011101000110100001100101
1100111011100100110100101110100001110100010000001110011011101000111001001100001011010010110111000100000011101000110100001100101001000000110110001101001011100010111010101101111011100100010110000100000011000010110111001100100001000000111000001110101011101000010000001110111011010010111010001101000001000000111010001101000011001010010000001101111011110010111001101110100011001010111001001110011001000000110000100100000011000100110100101110100001000000110111101100110001000000110110101100001011000110110010100100000011000010110111001100100
110110001100101011011010110111101101110011100000110010101100101011011000010110000100000011000010110111001100100001000000110000100100000011001100110010101110111001000000111011101101000011010010111010001100101001000000111000001100101011100000111000001100101011100100111001100101110001000000101001101101001011011010110110101100101011100100010000001110100011010000110010101101101001000000111011001100101011100100111100100100000011001110110010101101110011101000110110001111001001011000010000001100001011011100110010000100000011100000111010101110100
11100110110111101101101011001010010000001100011011100100110010101100001011011010010110000100000011000010110111001100100001000000110000100100000011011000110100101110100011101000110110001100101001000000110011001101100011011110111010101110010001000000110000101101110011001000010000001100010011101010111010001110100011001010111001000101110
1010011011001010111001001110110011001010010000001110111011010010111010001101000001000000111001101101001011100000111000001100101011101000111001100101110
101111101010011011000110110000101101100011011000110111101110000011001010110010000100000010011110111100101110011011101000110010101110010011100110010111001011111
101000001110101011101000010000001110100011010000110010101101101001000000111011101101001011101000110100000100000011000110111001001110101011011010110001001110011001000000110111101100110001000000110001001110010011001010110000101100100001011000010000001110000011001010111000001110000011001010111001000101100001000000111001101100001011011000111010000101100001000000110111001110101011101000110110101100101011001110010110000100000011000010110111001100100001000000110000100100000011000100110100101110100001000000110111101100110
110001001110101011101000111010001100101011100100010110000100000011010010110111000100000011100110110001101100001011011000110110001101111011100000010000001110011011010000110010101101100011011000111001100100000011011110111001000100000011100110110000101110101011000110110010101110010011100110010110000100000011000010110111001100100001000000110001001100001011010110110010100100000011101000110100001100101011011010010000001100010011001010110011001101111011100100110010100100000011101000110100001100101001000000110011001101001011100100110010100101100001000000110100101101110
1100001001000000100010001110101011101000110001101101000001000000110111101110110011001010110111000101110
10111110100111101111001011100110111010001100101011100100010000001010000011000010111010001110100011010010110010101110011001000000110111101110010001000000111001101101101011000010110110001101100001000000101000001101001011001010010111001011111
10000010111001100100000011110010110111101110101001000000110111101110000011001010110111000100000011101000110100001100101001000000110111101111001011100110111010001100101011100100111001100101100001000000111001101100101011100000110000101110010011000010111010001100101001000000111010001101000011001010110110100100000011001100111001001101111011011010010000001110100011010000110010100100000011011000110100101110001011101010110111101110010001011000010000001110111011010000110100101100011011010000010000001110011011101000111001001100001011010010110111000111011
1110000011000010111001001100010011011110110100101101100001000000111010001101000011001010110110100101100001000000110000101100110011101000110010101110010001000000111010001100001011010110110100101101110011001110010000001101111011001100110011000100000011101000110100001100101001000000110001001100101011000010111001001100100011100110010111000100000010100000110000101110010011000100110111101101001011011000010000001110011011101110110010101100101011101000110001001110010011001010110000101100100011100110010110000100000011000010110111001100100
110001101110101011101000111010001101001011011100110011100100000011101000110100001100101011011010010000001101001011011100010000001110011011011000110100101100011011001010111001100101100001000000110110001100001011110010010000001110100011010000110010101101101001000000110000101101110011001000010000001110100011010000110010100100000011011110111100101110011011101000110010101110010011100110010000001101001011011100010000001101100011000010111100101100101011100100111001100111010001000000111001101100101011000010111001101101111011011100010000001110110011001010111001001111001
1101100011010010110011101101000011101000110110001111001001000000111011101101001011101000110100000100000011100110110000101101100011101000010110000100000011100000110010101110000011100000110010101110010001011000010000001100001011011100110010000100000011011010110000101100011011001010010111000100000010101000110100001100101011011100010000001110000011101010111010000100000011010000110000101101100011001100010000001100001001000000111010001100101011000010110001101110101011100000010000001101111011001100010000001101100011010010111000101110101011011110111001000101100
110000101101110011001000010000001110100011010000110010100100000011100110110000101101101011001010010000001101111011001100010000001100111011100100110000101110110011110010010111000100000010000100110000101101011011001010010000001101001011011100010000001100001001000000111001101101100011011110111011100100000011011110111011001100101011011100011101100100000011000010110111001100100001000000110001001100101011001100110111101110010011001010010000001111001011011110111010100100000011100110110010101110010011101100110010100101100001000000111000001110101011101000010000001100001
1110100011001010110000101100011011101010111000000100000011011110110011000100000011000110111001001100101011000010110110100101100001000000110000100100000011011000110100101110100011101000110110001100101001000000110110101101111011100100110010100100000011011110111100101110011011101000110010101110010001000000110110001101001011100010111010101101111011100100010000001100001011011100110010000100000011000010010000001100011011101010111000000100000011011110110011000100000011101110110100001101001011101000110010100100000011001110111001001100001011101100111100100101100
1100001011011000110110000100000011101110110000101110010011011010110010101100100001011000010000001100010011101010111010000100000011011100110111101110100001000000110001001101111011010010110110001100101011001000010111000100000010010010110011000100000011001100110111101110010001000000111000001100001011101000111010001101001011001010111001100101100001000000111010001101000011001010010000001101111011110010111001101110100011001010111001001110011001000000111001101101000011011110111010101101100011