00000111010001101001011011000110110000100000011101000110100001100101011110010010000001100001011100100110010100100000011001000111001001111001
1100101011011100110111101110101011001110110100000100000011101000110111100100000011000100110010101100001011101000010000001110100011011110010000001110000011011110111011101100100011001010111001000111011001000000111010001101000011001010110111000100000011100000111010101110100001000000111010001101000011001010010000001110000011011110111011101100100011001010111001000100000011010010110111000100000011100110110110101100001011011000110110000100000011000100110111101110100011101000110110001100101011100110010110000100000011000110110111101110010011010110110010101100100
11000010110111001100100001000000111010001101001011001010110010000100000011000110110110001101111011100110110010101101100011110010010110000100000011000010110111001100100001000000110101101100101011001010111000000100000011010010110111000100000011000010010000001100100011100100111100100100000011100000110110001100001011000110110010100101110
10000010010000001110100011001010110000101110011011100000110111101101111011011100110011001110101011011000010000001110111011010010110110001101100001000000110011101101001011101100110010100100000011000010010000001110110011001010111001001111001001000000110011001101001011011100110010100100000011001100110110001100001011101100110111101110101011100100010000001110100011011110010000001100001011011100111100100100000011100110110111101110101011100000010000001101111011100100010000001100111011100100110000101110110011110010010110000100000011011110111001000100000011000010110111001111001
111001101100001011101010110001101100101001110110010000001100001011011100110010000100000011010010111010000100000011010010111001100100000011101000110111100100000011000100110010100100000011000010110010001100100011001010110010000100000011010100111010101110011011101000010000001100010011001010110011001101111011100100110010100100000011100110110010101110010011101100110100101101110011001110010110000100000011000010110111001100100001000000110111101101110011001010010000001100010011011110110100101101100001000000110011101101001011101100110010101101110001000000111010001101111
1101001011101000010000001100001011001100111010001100101011100100010000001101001011101000010000001101001011100110010000001110000011101010111010000100000011010010110111000101110
1011111010101000110111100100000011001000111001001111001001000000100110101110101011100110110100001110010011011110110111101101101011100110010111001011111
1010111011010010111000001100101001000000111010001101000011001010110110100100000011000110110110001100101011000010110111000111011001000000110000101101110011001000010000001101111011001100010000001110100011010000110010100100000011011000110000101110010011001110110010100100000011101000110000101101011011001010010000001101111011101010111010000100000011101000110100001100101001000000110001001110010011011110111011101101110001011000010000001100001011011100110010000100000011100000110010101100101011011000010000001101111011001100110011000100000011101000110100001100101
11100110110101101101001011011100010111000100000010011000110000101111001001000000111010001101000011001010110110100100000011011110110111000100000011100000110000101110000011001010111001000100000011101000110111100100000011001000111001001111001001000000110100101101110001000000110000100100000011000110110111101101111011011000010000001101111011101100110010101101110001011000010000001100001011011100110010000100000011010110110010101100101011100000010000001110100011010000110010101101101001000000110100101101110001000000111000001100001011100000110010101110010
110001001100001011001110111001100100000011010010110111000100000011000010010000001100100011100100111100100100000011100000110110001100001011000110110010100101110001000000101011101101000011001010110111000100000011101010111001101100101011001000010110000100000011100110110100101101101011011010110010101110010001000000111010001101000011001010110110100100000011010010110111000100000011101000110100001100101001000000110011101110010011000010111011001111001001011000010000001100001011011100110010000100000011101000110100001100101011110010010000001110111011010010110110001101100
11100110111011101100101011011000110110000100000011101000110111100100000011011100110010101100001011100100010000001110100011010000110010101101001011100100010000001100110011011110111001001101101011001010111001000100000011100110110100101111010011001010010111000100000010101000110111100100000011100110110100101101101011011010110010101110010001000000111010001101000011001010110110100100000011010010110111000100000011101000110100001100101011010010111001000100000011011110111011101101110001000000110110001101001011100010111010101101111011100100010000001110100011010010110110001101100
11010010111010000100000011001000111001001111001001000000111010101110000001000000110100101101110011101000110111100100000011101000110100001100101011011010010110000100000011100110110100001100001011010110110100101101110011001110010000001110100011010000110010100100000011100000110000101101110001011000010000001110100011010000110010101101110001000000110010001110010011110010110100101101110011001110010000001101111011011100010000001110100011010010110111000100000011100000110110001100001011101000110010101110011001011000010000001101001011100110010000001100001
11001110110111101101111011001000010000001110111011000010111100100101100001000000111011101101001011101000110100000100000011100110111000001101001011000110110010100100000011011110111001000100000011011100110111101110100001011000010000001100001011100110010000001100001011000100110111101110110011001010010110000100000011000100110010101100110011011110111001001100101001000000110110101100001011001000110010100100000011010010110111001110100011011110010000001110000011011110111011101100100011001010111001000101110
10101000110100101100101001000000110010001101111011101110110111000100000011101110110100101110100011010000010000001100010011011000110000101100100011001000110010101110010001011000010000001100001011011100110010000100000011010110110010101100101011100000010000001101001011011100010000001100001001000000110010001110010011110010010000001110000011011000110000101100011011001010010110000100000011011110111001000100000011010010110111000100000011100000110000101110000011001010111001000101110
1011111010100110111010101100111011000010111001000100000010101100110100101101110011001010110011101100001011100100010111001011111
101010001101111001000000110010101110110011001010111001001111001001000000110011101100001011011000110110001101111011011100010000001101111011001100010000001110111011000010111010001100101011100100010110000100000011100000111010101110100001000000111010001110111011011110010000001110000011011110111010101101110011001000111001100100000011011110110011000100000011101000110100001100101001000000111011001100101011100100111100100100000011000110110111101100001011100100111001101100101011100110111010000100000011100110111010101100111011000010111001000111010
110001001101111011010010110110000100000011000010110111001100100001000000111001101101011011010010110110100100000011101000110100001101111011100100110111101110101011001110110100001101100011110010011101100100000011101000110100001100101011011100010000001110000011101010111010000100000011011110110111001100101001000000111000101110101011000010111001001110100001000000110111101100110001000000110001101101111011011000110010000100000011101110110000101110100011001010111001000100000011001100110111101110010001000000110010101110110011001010111001001111001
110011101100001011011000110110001101111011011100010000001101111011001100010000001101000011011110111010000101110001000000101011101101000011001010110111000100000010111110110001101101111011011110110110001011111001011000010000001110000011101010111010000100000011010010110111001110100011011110010000001101001011101000010000001100001001000000111010001101111011000010111001101110100001000000111001101110000011100100110010101100001011001000010000001110111011010010111010001101000001000000111100101100101011000010111001101110100001011100010000001010011011101000110100101110010
110100101110100001000000110111001101001011011100110010100100000011001000110000101111001011100110011101100100000011101000110100001100101011011100010000001100010011000010111001001110010011001010110110000101100001000000110000101101110011001000010000001110011011001010111010000100000011010010111010000100000011010010110111000100000011000010010000001110000011011000110000101100011011001010010000001110111011010000110010101110010011001010010000001110100011010000110010100100000011100110111010101101110001000000111011101101001011011000110110000100000011011000110100101100101
1101111011011100010000001101001011101000010110000100000011101110110100101110100011010000010000001100001001000000110001001101001011101000010000001101111011001100010000001110011011011000110000101110100011001010010000001101111011011100010000001110100011010000110010100100000011000100111010101101110011001110110100001101111011011000110010100101110
10101110110100001100101011011100010000001110011011101010110011001100110011010010110001101101001011001010110111001110100011011000111100100100000011100110110111101110101011100100010110000100000011010010111010000100000011011010110000101111001001000000110001001100101001000000110001001101111011101000111010001101100011001010110010000111010001000000110111101110010001000000110110101100001011110010010000001100010011001010010000001110101011100110110010101100100001000000110011001110010011011110110110100100000011101000110100001100101001000000110001101100001011100110110101100101100
111011101101001011101000110100000100000011000010010000001110111011011110110111101100100011001010110111000100000011100110111000001101001011001110110111101110100001000000110000101101110011001000010000001100110011000010111010101100011011001010111010000101110
10111110100011101101111011011110111001101100101011000100110010101110010011100100111100100100000010101100110100101101110011001010110011101100001011100100010111001011111
100001001101111011010010110110000100000011100110111000001110010011010010110111001100111001000000111011101100001011101000110010101110010001110110010000001100001011011100110010000100000011101110110100001100101011011100010000001100011011011110110