011101000010000001100001011100110010000001110111011000010110111001110100011001010110010000101110
10111110100000100100000011000110110110001100101011000010111001000100000010000100111001001101111011101000110100000100000011101000110100001100001011101000010000001110111011010010110110001101100001000000110101101100101011001010111000000100000011011000110111101101110011001110010111001011111
101000001110101011101000010000001110100011010000110010100100000011011010110111101110101011100110110010100100000011100100110111101110101011011100110010000100000011011110110011000100000011000100110010101100101011001100010110000100000011000010010000001101011011011100111010101100011011010110110110001100101011000100110111101101110011001010010000001101111011001100010000001110110011001010110000101101100001011000010000001100001011011100110010000100000011000010010000001100110011001010111011100100000011100110110100001100001011011100110101101110011001000000110111101100110
110110101110101011101000111010001101111011011100010000001101001011011100111010001101111001000000110000100100000011001000110010101100101011100000010000001110000011000010110111000101100001000000110000101101110011001000010000001100011011011110111011001100101011100100010000001100011011011000110111101110011011001010010000001110111011010010111010001101000001000000110000100100000011001000110100101110011011010000010000001101111011100100010000001100011011011110110000101110010011100110110010100100000011000110111001001110101011100110111010000111011
11000100110000101101011011001010010000001110100011010010110110001101100001000000111010001101000011001010010000001100010011001010110010101100110001000000110100101110011001000000110010001101111011011100110010100100000011001010110111001101111011101010110011101101000001000000110011001101111011100100010000001100101011000010111010001101001011011100110011100101100001000000111011101101001011101000110100000100000011011110110111001101100011110010010000001100001011100110010000001101101011101010110001101101000001000000111011101100001011101000110010101110010001000000110000101110011
111011101101001011011000110110000100000011000110110111101110110011001010111001000101110001000000101011101101000011001010110111000100000011000110110111101101100011001000010110000100000011000110110111101110110011001010111001000100000011010010111010000100000011000110110110001101111011100110110010100100000011010010110111000100000011000010010000001100011011011110110111101101100001000000111000001101100011000010110001101100101001011100010000001010111011010000110010101101110001000000111010001101111001000000110001001100101001000000111010101110011011001010110010000101100
1100111011010010111011001100101001000000111011101101000011000010111010000100000011001100110110001100001011101100110111101110101011100100010000001101101011000010111100100100000011000100110010100100000011000010111000001110000011100100110111101110110011001010110010000101110
101111101000100011100100010111000100000010100100110000101110100011000110110110001110101011001100110011011100010100000001001100101110011001000000111001001100101011100110111010001101111011100100110000101110100011010010111011001100101001000000101000001101111011100100110101101101010011001010110110001101100011110010010111001011111
1010100011000010110101101100101001000000110000100100000011011000110010101100111001000000110111101100110001000000111011101100101011011000110110000100000011001100110010101100100001000000111000001101111011100100110101100101100001000000110101001110101011100110111010000100000011000010111001100100000011000110111010101110100001000000111010101110000001011000010000001100010011001010110000101110100001000000110100101110100001011000010000001100001011011100110010000100000011000100111001001100101011000010110101100100000011101000110100001100101
11000100110111101101110011001010010111000100000010100110110010101110100001000000110100101110100001000000110111101110110011001010111001000100000011000010010000001100111011001010110111001110100011011000110010100100000011001100110100101110010011001010010110000100000011101110110100101110100011010000010000001110100011010000111001001100101011001010010000001100111011000010110110001101100011011110110111001110011001000000110111101100110001000000111011101100001011101000110010101110010001011000010000001100001011011100110010000100000011100110110100101101101011011010110010101110010
111010001101111001000000110111101101110011001010010111000100000010011000110010101110100001000000110100001100001011011000110011000100000011000010110111000100000011011110111010101101110011000110110010100100000011011110110011000100000011011010110000101100011011001010010110000100000011000010110111001100100001000000111010001101000011001010010000001110011011000010110110101100101001000000110111101100110001000000110111001110101011101000110110101100101011001110111001100101100001000000111001101110100011001010111011100100000011010010110111000100000011010010111010000101110
1010011011101000111001001100001011010010110111000100000011101000110100001110010011011110111010101100111011010000010000001100001001000000110110001101001011011100110010100100000011100110110100101100101011101100110010100101110001000000101011101101000011001010110111000100000011000110110111101101100011001000010110000100000011101000110000101101011011001010010000001101111011001100110011000100000011101000110100001100101001000000110011001100001011101000010111000100000010001110110100101110110011001010010000001100001
110001101101000011011110110001101101111011011000110000101110100011001010010000001100011011101010111000000100000011101000110100001100101001000000110011001101001011100100111001101110100001000000110000101101110011001000010000001101100011000010111001101110100001000000111010001101000011010010110111001100111001011000010000001100001011011100110010000100000011000010111010000100000011011100110111101101111011011100010110000100000011100000111010101110100011101000110100101101110011001110010000001110011011000010110110001110100001000000111010001101111
11101000110000101110011011101000110010100101110
101111101000010011001010110010101100110001000000111010001100101011000010010111001011111
100001101110101011101000010000001100001001000000111000001101111011101010110111001100100001000000110111101100110001000000110011001101100011001010111001101101000011110010010000001100010011001010110010101100110001000000110100101101110001000000111010001101000011010010110111000100000011100110110110001101001011000110110010101110011001011000010000001110011011010010110110101101101011001010111001000100000011101110110100101110100011010000010000001100001001000000111000101110101011000010111001001110100001000000110111101100110001000000111011101100001011101000110010101110010
1110100011101110110010101101110011101000111100100100000011011010110100101101110011101010111010001100101011100110010110000100000011000010110011001110100011001010111001000100000011010010111010000100000011010000110000101110011001000000110111101101110011000110110010100100000011000100110111101101001011011000110010101100100001011000010000001100001011011100110010000100000011000100110010101100101011011100010000001110011011010110110100101101101011011010110010101100100001011100010000001010011011001010110000101110011011011110110111000101100001000000110100101100110
110000101110000011100000111001001101111011101100110010101100100001110110010000001100010011101010111010000100000011010010111010000100000011010000110000101110011001000000110011101100101011011100110010101110010011000010110110001101100011110010010000001101111011011100110110001111001001000000111001101100001011011000111010000101110
1011111010000100111001001101111011101000110100000100000011011110110011000100000010000100110010101100101011001100010110000100000010011010111010101110100011101000110111101101110001011000010000001100001011011100110010000100000010101100110010101100001011011000010111001011111
10100000111010101110100001000000111010001110111011011110010000001110000011011110111010101101110011001000111001100100000011011110110011000100000011011000110010101100001011011100010000001100010011001010110010101100110001011000010000001110100011101110110111100100000011100000110111101110101011011100110010001110011001000000110111101100110001000000111001101100011011100100110000101100111001000000110111101100110001000000110110101110101011101000111010001101111011011100010110000100000011100110111011101100101011001010111010000100000011010000110010101110010011000100111001100101100
11000010110111001100100001000000111010001100101011011100010000001110000011001010111000001110000011001010111001001100011011011110111001001101110011100110010110000100000011010010110111001110100011011110010000001100001001000000110111001101001011000110110010100100000011101000110100101101110001000000111001101100001011101010110001101100101011100000110000101101110001011000010000001110111011010010111010001101000001000000110011001101001011101100110010100100000011100010111010101100001011100100111010001110011001000000110111101100110
1110111011000010111010001100101011100100011101100100000011100110110100101101101011011010110010101110010001000000111010001101111001000000111010001101000011100100110010101100101001000000111000101110101011000010111001001110100011100110011101100100000011000010110111001100100001000000110001101101100011001010110000101110010001000000110011001110010011011110110110100100000011101000110100001100101001000000110011001100001011101000010000001110111011010000110010101101110001000000110001101101111011011000110010000101110
10111110100111001101111011101000110010100101110010111110010000001010100011010000110000101110100001000000111001101101111011101010111000000100000011000010110111001100100001000000110001001110010011011110111010001101000001000000110110101100001011001000110010100100000011011110110011000100000011001000110100101100110011001100110010101110010011001010110111001110100001000000110110101100101011000010111010001110011001000000110000101110010011001010010000001101101011011110111001001100101001000000111001101110101011100000111000001101111011100100111010001101001011011100110011100101100
110000101110011001000000111011101100101011011000110110000100000011000010111001100100000011000100110010101110100011101000110010101110010001000000110011001101100011000010111011001101111011101010111001001100101