1000100111010101110100001000000110111001101111011101000010000001100101011011100110111101110101011001110110100000100000011001100110111101110010001000000110010101100001011101000110100101101110011001110010111000100000010100000111010101110100
11101000110100001100101011011010010000001101001011011100010000001100001001000000110010001101001011100110110100000100000011101110110100001101001011011000110010100100000011110010110111101110101001000000110011001110010011110010010000001110100011010000110010100100000011000110110000101110010011100100110111101110100011100110010110000100000011101000111010101110010011011100110100101110000011100110010110000100000011000010110111001100100001000000110111101101110011010010110111101101110011100110011101100100000011101000110100001100101
110011001101111011100100110110101100101011100100010000001101001011011100010000001100100011010010110001101100101001011000010000001110100011010000110010100100000011011000110000101110100011101000110010101110010001000000111001101101100011010010110001101100101011001000011101100100000011000100111010101110100001000000111010001101000011001010111100100100000011011010111010101110011011101000010000001101111011011100110110001111001001000000110001001100101001000000111011101100001011100100110110101100101011001000010110000100000011011100110111101110100
110001001110010011011110111011101101110011001010110010000101100001000000110111101110010001000000111100101101111011101010010000001101110011001010110010101100100001000000110111001101111011101000010000001100110011100100111100100100000011101000110100001100101011011010010111000100000010101000110100001100101011011100010000001101100011000010111100100100000011101000110100001100101001000000111001101110100011001010110000101101011011100110010000001100001011101000010000001110100011010000110010100100000011000100110111101110100011101000110111101101101001000000110111101100110
1100001001000000111001101110100011001010111011101110000011000010110111000101100001000000111010001101000011001010010000001110110011001010110011101100101011101000110000101100010011011000110010101110011001000000110111101110110011001010111001000101100001000000110000101101110011001000010000001110000011011110111010101110010001000000110000101110011001000000110110101110101011000110110100000100000011000100110111101101001011011000110100101101110011001110010000001110111011000010111010001100101011100100010000001101111011011100010000001110100011010000110010101101101
11000010111001100100000011101110110100101101100011011000010000001101010011101010111001101110100001000000110001101101111011101100110010101110010001110100010000001100111011010010111011001100101001000000110111101101110011001010010000001100010011011110110100101101100001011000010000001110011011010110110100101101101001000000111011101100101011011000110110000101100001000000110000101101110011001000010000001110100011010000110010101101110001000000111001101100101011101000010000001110100011010000110010100100000011100000110000101101110001000000110111101101110
1110100011010000110010100100000011100110110100101100100011001010010000001101111011001100010000001110100011010000110010100100000011001100110100101110010011001010010000001110100011011110010000001110011011010010110110101101101011001010111001000100000011001110110010101101110011101000110110001111001001000000111010001101001011011000110110000100000011101000110010101101110011001000110010101110010001110100010000001101001011011100010000001110100011010000111001001100101011001010010000001101111011100100010000001100110011011110111010101110010
1101000011011110111010101110010011100110010000001110011011010110110100101101101001011000010000001100001011011100110010000100000011000010110010001100100001000000111000001100101011100000111000001100101011100100010110000100000011100110110000101101100011101000010110000100000011000010110111001100100001000000110111101101110011001010010000001110011011100000110111101101111011011100110011001110101011011000010000001101111011001100010000001100011011000010111010001110011011101010111000000101110
1011111010011010111010101110100011101000110111101101110001000000101000001101001011001010010111001011111
1000011011101010111010000100000011100110111010001100101011000010110101101110011001000000110011001110010011011110110110100100000011000010010000001101100011011110110100101101110001000000110111101110010001000000110111001100101011000110110101100100000011011110110011000100000011011010111010101110100011101000110111101101110001110100010000001100010011001010110000101110100001000000111010001101000011001010110110100100000011000010110111001100100001000000111001001100101011011010110111101110110011001010010000001110011011011110110110101100101001000000110111101100110
1110100011010000110010100100000011001100110000101110100001011100010000001010011011001010110000101110011011011110110111000100000011101110110100101110100011010000010000001110011011000010110110001110100001011000010000001110000011001010111000001110000011001010111001000101100001000000110000101101110011001000010000001100001001000000110110001101001011101000111010001101100011001010010000001101111011011100110100101101111011011100010111000100000010100000111010101110100001000000110000100100000011011000110100101110100011101000110110001100101
11101110110000101110100011001010111001000100000011000010111010000100000011101000110100001100101001000000110001001101111011101000111010001101111011011010010000001101111011001100010000001110100011010000110010100100000011001000110100101110011011010000010110000100000011000010110111001100100001000000110000100100000011011000110100101110100011101000110110001100101001000000111000001100001011100110111010001100101001000000110111101101110001000000111010001101000011001010010000001100101011001000110011101100101001110110010000001110100011010000110010101101110
110001101101111011101100110010101110010001000000111011101101001011101000110100000100000011000010010000001101101011011110110010001100101011100100110000101110100011001010110110001111001001000000111010001101000011010010110001101101011001000000111000001100001011100110111010001100101001011100010000001001111011100100010000001110010011000010110100101110011011001010010000001110011011011010110000101101100011011000010000001110000011010010110010101110011001011000010000001100001011011100110010000101100001000000110001001110010011001010110000101101011011010010110111001100111
1100101011000010110001101101000001000000110001001101111011011100110010100100000011010010110111000100000011101000111011101101111001000000111010001101111001000000111001101101000011011110111001001110100011001010110111000100000011010010111010000101100001000000111001101100101011000010111001101101111011011100010000001100001011011100110010000100000011000110110111101110110011001010111001000100000011010010111010000100000011011110111011001100101011100100010110000100000011100000110100101101110011000110110100001101001011011100110011100100000011101000110100001100101
110010101100100011001110110010100101110001000000101011101101000011001010110111000100000011101000110100001100101011110010010000001100011011011110110110101100101001000000110111101110101011101000010110000100000011100000110111101110101011100100010000001100001001000000111001101110000011011110110111101101110011001100111010101101100001000000110111101100110001000000110011101110010011000010111011001111001001011000010000001101101011000010110010001100101001000000110111101100110001000000110000100100000011000100110100101110100001000000110111101100110
110110101110101011101000111010001101111011011100010110000100000011010010110111001110100011011110010000001100101011000010110001101101000001011100010000001010100011010000110010100100000011011010111010101110100011101000110111101101110001000000111001101101000011011110111010101101100011001000010000001101000011000010111011001100101001000000110100001110101011011100110011100101110
1011111010011010111010101110100011101000110111101101110001000000110000101101110011001000010000001010000011011110111010001100001011101000110111101100101001000000101000001101001011001010010111001011111
1010011011001010110000101110011011011110110111000100000011101000110100001100101001000000111001101110100011001010110000101101011011100110010000001101111011001100010000001100001001000000110110001101111011010010110111000100000011011110111001000100000011011100110010101100011011010110011101100100000011011000110000101111001001000000111010001101000011001010110110100100000011010010110111000100000011000010010000001100100011010010111001101101000001110100010000001101000011000010111011001100101001000000111001001100101011000010110010001111001
1110000011011110111010001100001011101000110111101100101011100110010000001101101011000010111001101101000011001010110010000100000011101100110010101110010011110010010000001110100011010000110100101100011011010110010110000100000011101110110100101110100011010000010000001110011011011110110110101100101001000000110110101101001011011000110101100101100001000000110000101101110011001000010000001100001001000000110001001101001011101000010000001101111011001100010000001100010011101010111010001110100011001010111001000100000011000010110111001100100
111001101100001011011000111010000101100001000000110000101101110011001000010000001100011011011110111011001100101011100100010000001110100011010000110010100100000011011010110010101100001011101000010000001100001011100110010000001110111011010010111010001101000001000000110000100100000011101100110010101110010011110010010000001110100011010000110100101100011011010110010000001100011011100100111010101110011011101000010110000100000011000010110111001100100001000000111010001101111001000000110001101101111011011010110010100100000011011110110111000100000011101000110100001100101
111001101110101011100100111001001101111011101010110111001100100011010010110111001100111001000000110010101100100011001110110010100101110
101111101001101011101010111010001110100011011110110111000100000010100000111010101100100011001000110100101101110011001110010111001011111
1010011011001010110000101110011011011110110111000100000011000010111001100100000011000010110001001101111011101100110010100101110001000000100110001100001011110010010000001101111011011100110010100100000011011000110000101111001011001010111001000100000011011110110011000100000011100110111010001100101011000010110101101