10111101101101011001010010000001110000011001010111000001110000011001010111001000101100
111001101100001011011000111010000101100001000000110000101101110011001000010000001100001001000000110001001101001011101000010000001101111011001100010000001100010011101010111010001110100011001010111001000100000011010010110111000100000011101000110100001100101001000000110001001101001011100100110010001110011001011100010000001010111011010010110110001100100001000000110011001101111011101110110110000100000011100100110010101110001011101010110100101110010011001010010000001110100011011110010000001100010011001010010000001101101011101010110001101101000
1101100011001010111001101110011001000000110010001101111011011100110010100100000011101000110100001100001011011100010000001110100011000010110110101100101001011000010000001100001011011100110010000100000011101000110111100100000011000100110010100100000011100110110010101110010011101100110010101100100001000000110111101100110001000000110000100100000011001100110100101101110011001010010000001100011011011110110110001101111011101010111001000101110
101010001101000011001010010000001100010011000010111001101110100011010010110111001100111001000000110111101110010011001000110010101110010011001010110010000100000011010010110111000100000011101000110100001100101001000000110011001101111011100100110010101100111011011110110100101101110011001110010000001110010011001010110001101100101011010010111000001110100001000000111010001100001011010110110010101110011001000000110111101100110011001100010000001100001001000000110011001101001011100110110100001111001001000000111010001100001011100110111010001100101
1110111011010000110100101100011011010000010000001110111011010010110110001100100001000000110011001101111011101110110110000100000011100110110111101101101011001010111010001101001011011010110010101110011001000000110100001100001011101100110010100101110001000000101001101100101011011100110010000100000011101010111000000100000011000010010000001110110011001010111001001111001001000000110011101101111011011110110010000100000011001110111001001100001011101100111100100100000011010010110111000100000011101000110100001100101001000000110010001101001011100110110100000111011
11000010110111001100100001000000110111101101110001000000110001101110101011101000111010001101001011011100110011100100000011101000110100001100101001000000110001001110010011001010110000101110011011101000010110000100000011010000110000101101100011001100010000001100001001000000110110001100101011011010110111101101110001000000111001101110001011101010110010101100101011110100110010101100100001000000110111101110110011001010111001000101100001000000111011101101001011101000110100000100000011100000110010101110000011100000110010101110010001000000110111101101110
110100101110100001011000010000001101001011011010111000001110010011011110111011001100101011100110010000001110100011010000110010100100000011101000110000101110011011101000110010100101110
10011110111001000100000011100110111010001110101011001100110011000100000011101000110100001100101011011010010000001110111011010010111010001101000001000000110001101110010011101010110110101100010011100110010110000100000011000010010000001101100011010010111010001110100011011000110010100100000011100110110100001110010011001010110010000100000011011110110111001101001011011110110111000101100001000000111001101100001011001110110010100101100001000000111000001100101011100000111000001100101011100100010110000100000011000010110111001100100001000000111001101100001011011000111010000101100
1100010011101010111010000100000011011100110111101110100001000000110000100100000011011000110000101110010011001110110010100100000011100010111010101100001011011100111010001101001011101000111100100101100001000000110000101101110011001000010000001100001011001000110010000100000011000010010000001100010011010010111010000100000011011110110011000100000011000100111010101110100011101000110010101110010001011100010000001010011011011000110100101100011011001010010000001100001011011100010000001101111011011100110100101101111011011100010110000100000011000010110111001100100
111000001110101011101000010000001101001011011100111010001101111001000000111010001101000011001010010000001100100011100100110100101110000011100000110100101101110011001110010000001110000011000010110111000101100001000000111011101101001011101000110100000100000011000010010000001101100011010010111010001110100011011000110010100100000011100110110000101101100011101000010110000100000011000010110111001100100001000000110001001100001011100110111010001100101001000000111010001101000011001010010000001100110011011110111011101101100011100110010000001110111011010010111010001101000
110100101110100001000000111010001101001011011000110110000100000011101000110100001110010011001010110010100100000011100000110000101110010011101000111001100100000011001000110111101101110011001010011101100100000011101000110100001100101011011100010000001110010011001010110110101101111011101100110010100100000011101000110100001100001011101000010110000100000011000010110111001100100001000000110001001100001011100110111010001100101001000000111011101101001011101000110100000100000011000100111010101110100011101000110010101110010001011100010000001010100011010000110010101111001
11100110110100001101111011101010110110001100100001000000110001101101111011011010110010100100000011101010111000000100000011001100110100101101110011001010110110001111001001000000110011001110010011011110111010001101000011001010110010000101100001000000110000101101110011001000010000001101110011011110111010000100000011000100110010100100000011011110111011001100101011100100110010001101111011011100110010100101110
100000101101110001000000110010101111000011000110110010101101100011011000110010101101110011101000010000001110011011000010111010101100011011001010010000001110101011011100110010001100101011100100010000001110100011010000110000101110100001000000110000101110010011101000110100101100011011011000110010100101110
10111110100010001110101011000110110101100100000011101000110111100100000011000100110111101101001011011000010111001011111
10000110110100001101111011011110111001101100101001000000110000100100000011001100110100101101110011001010010000001100110011000010111010000100000011001000111010101100011011010110010110000100000011100110110000101101100011101000010000001101001011101000010000001110100011101110110111100100000011001000110000101111001011100110010110000100000011101000110100001100101011011100010000001100010011011110110100101101100001000000110100101110100001000000111001101101100011011110111011101101100011110010010110000100000011000010110111001100100001000000110001101101111011101100110010101110010
110100101110100001000000111011101101001011101000110100000100000011011110110111001101001011011110110111000100000011100110110000101110101011000110110010100100000011011010110000101100100011001010010000001110110011001010111001001111001001000000111011101101000011010010111010001100101001011000010000001100001011011100110010000100000011101000110100001100101001000000110001001110101011101000111010001100101011100100010000001101101011001010110110001110100011001010110010000100000011101110110100101110100011010000010000001101101011010010110110001101011
110100101101110011100110111010001100101011000010110010000100000011011110110011000100000011101110110000101110100011001010111001000101110
101010001101111001000000111001001101111011000010111001101110100001000000110010001110101011000110110101100111010001000000111001101110100011101010110011001100110001000000110111101110010001000000110111001101111011101000010110000100000011000010110111001100100001000000111001101100101011100100111011001100101001000000111011101101001011101000110100000100000011001110111001001100001011101100111100100101110
101111101000100011101010110001101101011001000000101000001101001011001010010111001011111
1000010011011110110111001100101001000000110000100100000011001100111010101101100011011000010000001100111011100100110111101110111011011100010000001111001011011110111010101101110011001110010000001100100011101010110001101101011001011000010000001100001011011100110010000100000011000010010000001100110011010010110111001100101001000000111100101101111011101010110111001100111001000000110011001101111011101110110110000100000011011110110011000100000011000010010000001100111011011110110111101100100001000000111001101101001011110100110010100101110
10100110110010101100001011100110110111101101110001000000111010001101000011001010110110100100000011000100110111101110100011010000010000001110111011001010110110001101100001000000111011101101001011101000110100000100000011011010110000101100011011001010010110000100000011100000110010101110000011100000110010101110010001011000010000001110011011000010110110001110100001000000110000101101110011001000010000001100001011011000110110001110011011100000110100101100011011001010010111000100000010100000111010101110100001000000111010001101000011001010010000001100110011011110111011101101100
11101110110100101110100011010000110100101101110001000000111010001101000011001010010000001100100011101010110001101101011001011000010000001100001011011100110010000100000011000010010000001100011011000010110110001100110111000101000000010011001011100110010000001110100011011110110111001100111011101010110010100100000011101000110100001100001011101000010000001101000011000010111001100100000011000100110010101100101011011100010000001110000011010010110001101101011011011000110010101100100001000000111001001100101011001000010110000100000011000010110111001100100
11000100110111101101001011011000110010101100100001011000010000001110111011010010111010001101000011010010110111000100000011101000110100001100101001000000110011001101111011101110110110000101110001000000100110101100001011010110110010100100000011101000110100001100101001000000111011101101000011011110110110001100101001000000111010001101111001000000110110001101001011001010010000001100011011011000110111101110011011001010010111000100000010101000110100001100101001000000111001101101011011010010110111000100000011011110110011000100000011101000110100001100101
1101100011001010110011101110011001000000110000101101110011001000010000001110111011010010110111001100111011100110010000001110011011010000110111101110101011011000110010000100000011000100110010100100000011001000111001001100001011101110110111000100000011010010110111001