10000001110111011010010111010001101000001000000110000101101110001000000110010101100111011001110010000001101001011011100111010001101111001000000110001001100001011011000110110001110011001011000010000001100001011011100110010000100000011001100111001001111001001000000111010001101000011001010110110100101110
1000011011011110110110001100100001000000110011001101001011011000110110001100101011101000010000001101101011000010110101101100101011100110010000001110100011010000110010100100000011001100110100101101110011001010111001101110100001000000111000001101111011101000111010001100101011001000010000001110110011001010110000101101100001110110010000001101111011100100010000001111001011011110111010100100000011011010110000101111001001000000110010001101111001000000110100101110100001000000110000101110011001000000110011001101111011011000110110001101111011101110111001100111010
10100110110010101100001011100110110111101101110001000000110000100100000011011000110000101110010011001110110010100100000011100110110110001101001011000110110010100100000011011110110011000100000011101000110100001100101001000000110011001101001011011000110110001100101011101000010000001100010011001010110011001101111011100100110010100100000011001000111001001100101011100110111001101100101011001000010110000100000011101110110100101110100011010000010000001110011011011110110110101100101001000000110110101100001011000110110010100101100
11100000110010101110000011100000110010101110010011000110110111101110010011011100111001100101100001000000110000101101110011001000010000001110100011101110110111100100000011011110111001000100000011101000110100001110010011001010110010100100000011000110110110001101111011101100110010101110011001011000010000001100001011011100110010000100000011011000110000101111001001000000110100101110100001000000110001101101100011011110111001101100101001000000110100101101110011101000110111100100000011000010010000001110000011011110111010001110100011010010110111001100111
1110000011000010110111000100000011101000110100001100001011101000010000001110111011010010110110001101100001000000110001001110101011101000010000001101010011101010111001101110100001000000110100001101111011011000110010000100000011010010111010000101100001000000110000101101110011001000010000001100110011010010110110001101100001000000110100101110100001000000111010101110000001000000111011101101001011101000110100000100000011101110110000101110100011001010111001000101100001000000110000101101110011001000010000001100010011000010110101101100101001000000110100101110100
1110100011010000111001001100101011001010010000001101000011011110111010101110010011100110010111000100000010101000110100001100101011011100010000001110000011011110111010101101110011001000010000001101001011101000010000001110001011101010110100101110100011001010010000001110011011011010110000101101100011011000010000001101001011011100010000001100001001000000110110101101111011100100111010001100001011100100010110000100000011000010110111001100100001000000110000101100100011001000010000001110011011000010110110001110100001000000111010001101111
1110100011000010111001101110100011001010010111000100000010100000111010101110100001000000110000100100000011011000110100101110100011101000110110001100101001000000110011101110010011000010111011001111001001011000010000001110100011010000110000101110100001000000111011101100001011100110010000001100010011000010110101101100101011001000010110000100000011101000110111100100000011010010111010000100000011010010110111000100000011100000110111101110101011011100110010001101001011011100110011100101100001000000110100101100110001000000111010001101111001000000110001001100101
1100101011000010111010001100101011011100010000001110011011011110110111101101110001110110010000001101111011101000110100001100101011100100111011101101001011100110110010100100000011011110110111001101100011110010010000001100001001000000110110001101001011101000111010001101100011001010010000001100010011101010111010001110100011001010111001000100000011010100111010101110011011101000010000001101101011001010110110001110100011001010110010000101110
1010111011010000110010101101110001000000110010001101111011011100110010100101100001000000110001101101111011101100110010101110010001000000110100101110100001000000110111101110110011001010111001000100000011101110110100101110100011010000010000001100010011101010111010001110100011001010111001000101110
1011111010101000110111100100000011100000110111101110100001000000101011001100101011000010110110000100000011011110111001000100000010000110110100001101001011000110110101101100101011011100010000001110111011010010111010001101000001000000100100001100001011011010010111001011111
101000001101111011101010110111001100100001000000111001101101111011011010110010100100000011000110110111101101100011001000010000001110110011001010110000101101100001000000110111101110010001000000111011101101000011010010111010001100101001000000110111101100110001000000110001101101000011010010110001101101011011001010110111000101100001000000111001101100101011000010111001101101111011011100110010101100100001000000110000101110011001000000110000101100010011011110111011001100101001011000010000001100001011011100110010000100000011100000111010101110100
110110001100001011110010110010101110010011100110010000001101111011001100010000001101001011101000010000001110111011010010111010001101000001000000110110001100001011110010110010101110010011100110010000001101111011001100010000001110000011011110111010101101110011001000110010101100100001000000110100001100001011011010010110000100000011011110111001000100000011100100110000101110100011010000110010101110010001000000111001101101000011100100110010101100100001110100010000001110000011100100110010101110011011100110010000001100101011000010110001101101000
11001000110111101110111011011100010110000100000011000010110111001100100001000000110001101101111011101100110010101110010001000000110111101110110011001010111001000100000011101110110100101110100011010000010000001100010011101010111010001110100011001010111001000101110
10111110100111001100101011000110110101100100000011011110110011000100000010101100110010101100001011011000010111001011111
1000011011101010111010000100000011011110110011001100110001000000111010001101000011001010010000001110011011000110111001001100001011001110010000001110100011011110010000001100010011011110110100101101100001011000010000001100001011011100110010000100000011000110110111101110110011001010111001000100000011010010111010000100000011101110110100101110100011010000010000001101111011011100110100101101111011011100010000001110011011000010111010101100011011001010010111000100000010010010111010000100000011100110110100001101111011101010110110001100100001000000110001001100101
1100010011011110110100101101100011001010110010000100000011010010110111000100000011011010110100101101100011010110010000001100001011011100110010000100000011101110110000101110100011001010111001000101110001000000101000001100001011100100111001101101100011001010111100100100000011000010110111001100100001000000110001001110101011101000111010001100101011100100010000001101101011000010111100100100000011000100110010100100000011100110110010101110010011101100110010101100100001000000111011101101001011101000110100000100000011010010111010000101100
110100101101110011100110111010001100101011000010110010000100000011011110110011000100000011101000110100001100101001000000110011001101111011100100110110101100101011100100010000001110011011000010111010101100011011001010011101100100000011011110111001000100000011010010111010000100000011011010110000101111001001000000110001001100101001000000111001101110100011001010111011101100101011001000010000001110111011010010111010001101000001000000111011101101000011011110110110001100101001000000111001001101001011000110110010100101100001000000111001101101101011000010110110001101100
1101111011011100110100101101111011011100111001100101100001000000110000101101110011001000010000001110000011001010111000001110000011001010111001001100011011011110111001001101110011100110010110000100000011101110110100101110100011010000010000001100001001000000111011001100101011100100111100100100000011011000110100101110100011101000110110001100101001000000111011101100001011101000110010101110010001110110010000001101111011100100010000001100010011011110110100101101100011001010110010000100000011000010110111001100100001000000110010101100001011101000110010101101110
1110111011010010111010001101000001000000110001001100001011000110110111101101110001000000110000101101110011001000010000001100111011100100110010101100101011011100111001100101110
100001001100101011100110111010000100000011001010110111001100100001011000010000001110010011011110110000101110011011101000110010101100100001011000010000001100010011100100110111101101001011011000110010101100100001000000110000101110011001000000111001101110100011001010110000101101011011100110010110000100000011011110111001000100000011011010110000101100100011001010010000001101001011011100111010001101111001000000111000001101001011001010111001100101110
101111101000010011100100110010101100001011100110111010000100000011011110110011000100000010101100110010101100001011011000010111001011111
100001001100101011001100110111101110010011001010010000001110010011011110110000101110011011101000110010101100100001011000010000001101001011001100010000001101100011000010111001001100111011001010010110000100000011101000110100001100101001000000111010001110111011011110010000001100101011011100110010001110011001000000110110101100001011110010010000001100010011001010010000001110100011000010110101101100101011011100010000001101111011001100110011000100000011000010110111001100100001000000110011001110010011010010110010101100100001000000111010001101111
1110011011101000110010101110111001011000010000001101111011100100010000001110100011010000110010100100000011101110110100001101111011011000110010100100000011011010110000101111001001000000110001001100101001000000111001001101111011000010111001101110100011001010110010000101110001000000100001001110101011101000111010001100101011100100010000001110011011010000110111101110101011011000110010000100000011000100110010100100000011100000110111101110101011100100110010101100100001000000110111101110110011001010111001000100000011010010111010000101110
1001001011001100010000001100001011011100111100100100000011000100110010100100000011011000110010101