11001000110010101110010011000010110110000100000011101000110000101111000001000000110100101100100011001010110111001110100011010010110011001101001011000110110000101110100011010010110111101101110
11011100111010101101101011000100110010101110010001000000110100101110011001000000011011000110100001011010011011000110010001100100011000100110101001101000011000100101110001000000100001101101111011011100111010001110010011010010110001001110101011101000110100101101111011011100111001100100000011101000110111100100000011101000110100001100101001000000101000001110010011011110110101001100101011000110111010000100000010001110111010101110100011001010110111001100010011001010111001001100111001000000100110001101001011101000110010101110010011000010111001001111001
10000010111001001100011011010000110100101110110011001010010000001000110011011110111010101101110011001000110000101110100011010010110111101101110001000000110000101110010011001010010000001110100011000010111100000100000011001000110010101100100011101010110001101110100011010010110001001101100011001010010000001110100011011110010000001110100011010000110010100100000011001100111010101101100011011000010000001100101011110000111010001100101011011100111010000100000011100000110010101110010011011010110100101110100011101000110010101100100001000000110001001111001
1010101001011100101001100101110001000000110011001100101011001000110010101110010011000010110110000100000011011000110000101110111011100110010000001100001011011100110010000100000011110010110111101110101011100100010000001110011011101000110000101110100011001010010011101110011001000000110110001100001011101110111001100101110
1010100011010000110010100100000010001100110111101110101011011100110010001100001011101000110100101101111011011100010011101110011001000000110001001110101011100110110100101101110011001010111001101110011001000000110111101100110011001100110100101100011011001010010000001101001011100110010000001101100011011110110001101100001011101000110010101100100001000000110000101110100001000000011100000110000001110010010000001001110011011110111001001110100011010000010000000110001001101010011000000110000001000000101011101100101011100110111010000101100
101001101100001011011000111010000100000010011000110000101101011011001010010000001000011011010010111010001111001001011000010000001010101010101000010000000111000001101000011000100110001001101100010110000100000001010000011100000110000001100010010100100100000001101010011100100110110001011010011000100111000001110000011011100101110001000000100010101101101011000010110100101101100001000000110001101101111011011100111010001100001011000110111010000100000011011000110100101101110011010110111001100100000011000010110111001100100001000000111010101110000
111010001101111001000000110010001100001011101000110010100100000011000110110111101101110011101000110000101100011011101000010000001101001011011100110011001101111011100100110110101100001011101000110100101101111011011100010000001100011011000010110111000100000011000100110010100100000011001100110111101110101011011100110010000100000011000010111010000100000011101000110100001100101001000000100011001101111011101010110111001100100011000010111010001101001011011110110111000100111011100110010000001110111011001010110001001110011011010010111010001100101
1100001011011100110010000100000011011110110011001100110011010010110001101101001011000010110110000100000011100000110000101100111011001010010000001100001011101000010000001110111011101110111011100101110011001110111010101110100011001010110111001100010011001010111001001100111001011100110111101110010011001110010111101100011011011110110111001110100011000010110001101110100
10100110110010101100011011101000110100101101111011011100010000000110100001011100010000001001001011011100110011001101111011100100110110101100001011101000110100101101111011011100010000001100001011000100110111101110101011101000010000001000100011011110110111001100001011101000110100101101111011011100111001100100000011101000110111100100000011101000110100001100101001000000101000001110010011011110110101001100101011000110111010000100000010001110111010101110100011001010110111001100010011001010111001001100111
10011000110100101110100011001010111001001100001011100100111100100100000010000010111001001100011011010000110100101110110011001010010000001000110011011110111010101101110011001000110000101110100011010010110111101101110
10100000111001001101111011010100110010101100011011101000010000001000111011101010111010001100101011011100110001001100101011100100110011100101101011101000110110100100000011001000110010101110000011001010110111001100100011100110010000001110101011100000110111101101110001000000110000101101110011001000010000001100011011000010110111001101110011011110111010000100000011100110111010101110010011101100110100101110110011001010010000001110111011010010111010001101000011011110111010101110100
1110111011010010110010001100101011100110111000001110010011001010110000101100100001000000111000001110101011000100110110001101001011000110010000001110011011101010111000001110000011011110111001001110100001000000110000101101110011001000010000001100100011011110110111001100001011101000110100101101111011011100111001100100000011101000110111100100000011000110110000101110010011100100111100100100000011011110111010101110100001000000110100101110100011100110010000001101101011010010111001101110011011010010110111101101110001000000110111101100110
11010010110111001100011011100100110010101100001011100110110100101101110011001110010000001110100011010000110010100100000011011100111010101101101011000100110010101110010001000000110111101100110001000000111000001110101011000100110110001101001011000110010000001100100011011110110110101100001011010010110111000100000011000010110111001100100001000000110110001101001011000110110010101101110011100110110010101100100001000000111011101101111011100100110101101110011001000000111010001101000011000010111010000100000011000110110000101101110001000000110001001100101
110011001110010011001010110010101101100011110010010000001100100011010010111001101110100011100100110100101100010011101010111010001100101011001000010000001101001011011100010000001101101011000010110001101101000011010010110111001100101001011010111001001100101011000010110010001100001011000100110110001100101001000000110011001101111011100100110110100100000011000010110001101100011011001010111001101110011011010010110001001101100011001010010000001100010011110010010000001110100011010000110010100100000011101110110100101100100011001010111001101110100
11000010111001001110010011000010111100100100000011011110110011000100000011001010111000101110101011010010111000001101101011001010110111001110100001000000110100101101110011000110110110001110101011001000110100101101110011001110010000001101111011101010111010001100100011000010111010001100101011001000010000001100101011100010111010101101001011100000110110101100101011011100111010000101110001000000100110101100001011011100111100100100000011100110110110101100001011011000110110000100000011001000110111101101110011000010111010001101001011011110110111001110011
101000001001000011000100100000011101000110111100100000001001000011010100101100001100000011000000110000001010010010000001100001011100100110010100100000011100000110000101110010011101000110100101100011011101010110110001100001011100100110110001111001001000000110100101101101011100000110111101110010011101000110000101101110011101000010000001110100011011110010000001101101011000010110100101101110011101000110000101101001011011100110100101101110011001110010000001110100011000010111100000100000011001010111100001100101011011010111000001110100
111001101110100011000010111010001110101011100110010000001110111011010010111010001101000001000000111010001101000011001010010000001001001010100100101001100101110
101010001101000011001010010000001000110011011110111010101101110011001000110000101110100011010010110111101101110001000000110100101110011001000000110001101101111011011010110110101101001011101000111010001100101011001000010000001110100011011110010000001100011011011110110110101110000011011000111100101101001011011100110011100100000011101110110100101110100011010000010000001110100011010000110010100100000011011000110000101110111011100110010000001110010011001010110011101110101011011000110000101110100011010010110111001100111
110001101101000011000010111001001101001011101000110100101100101011100110010000001100001011011100110010000100000011000110110100001100001011100100110100101110100011000010110001001101100011001010010000001100100011011110110111001100001011101000110100101101111011011100111001100100000011010010110111000100000011000010110110001101100001000000011010100110000001000000111001101110100011000010111010001100101011100110010000001101111011001100010000001110100011010000110010100100000010101010110111001101001011101000110010101100100
101001101110100011000010111010001100101011100110010111000100000010000110110111101101101011100000110110001101001011000010110111001100011011001010010000001110010011001010111000101110101011010010111001001100101011011010110010101101110011101000111001100100000011000010111001001100101001000000110111001101111011101000010000001110101011011100110100101100110011011110111001001101101001000000110000101101110011001000010000001101001011101000010000001110100011000010110101101100101011100110010000001100001
11000110110111101101110011100110110100101100100011001010111001001100001011000100110110001100101001000000110010101100110011001100110111101110010011101000010110000100000011011010111010101100011011010000010000001110000011000010111000001100101011100100111011101101111011100100110101100100000011000010110111001100100001000000110110101100001011011100111100100100000011001100110010101100101011100110010000001110100011011110010000001101101011001010110010101110100001000000110000101101110011001000010000001101011011001010110010101110000001000000111010101110000
111011101101001011101000110100000100000011101000110100001100101011100110110010100100000011100100110010101110001011101010110100101110010011001010110110101100101011011100111010001110011001011100010000001010111011001010010000001100100011011110010000001101110011011110111010000100000011100110110111101101100011010010110001101101001011101000010000001100100011011110110111001100001011101000110100101101111011011100111001100100000011010010110111000100000011011000110111101