100001011100010000001000010011011110110100101101100001000000111010001101000011001010010000001110000011011000111010101101101011100110010000001101001011011100010000001110100011010000110100101110011001000000110011001110010011001010111001101101000
11100110111100101110010011101010111000000101100001000000110000101100110011101000110010101110010001000000110010001110010011000010110100101101110011010010110111001100111001000000111010001101000011001010010000001100110011010010111001001110011011101000010000001100110011100100110111101101101001000000111010001101000011001010110110100101110001000000100010001101111001000000111010001101000011001010110110100100000011101100110010101110010011110010010000001100111011001010110111001110100011011000111100100100000011101000110100101101100011011000010000001110100011010000110010101111001
11000010111001001100101001000000110001101101100011001010110000101110010001011000010000001100001011011100110010000100000011101000110100001100101001000000111001101111001011100100111010101110000001000000110000101100100011010000110010101110010011001010111001100100000011101000110111100100000011101000110100001100101011011010010111000100000010100000111010101110100001000000111010001101000011001010110110100100000011011110110111001100101001000000110001001111001001000000110111101101110011001010010000001101001011011100111010001101111001000000111001101101101011000010110110001101100
11100000110111101110100011100110010110000100000011000010110111001100100001000000111000001101111011101010111001000100000011101000110100001100101001000000110110001101001011100010111010101101111011100100010000001101111011101100110010101110010001011100010000001010100011010000110111101110011011001010010000001111001011011110111010100100000011011010110000101111001001000000110110001101001011010110110010100100000011101000110111100100000011001000111001001111001001011000010000001101011011001010110010101110000001000000110000100100000011011000110100101110100011101000110110001100101
110111101100110001000000111010001101000011001010010000001110011011110010111001001110101011100000010000001100110011011110111001000101100001000000110110001101111011011100110011101100101011100100010000001101001011011100010000001110100011010000110010100100000011100000110000101101110001011000010000001100001011011100110010000100000011000100110111101101001011011000010000001101001011101000010000001110001011101010110100101100011011010110110110001111001001011000010000001110100011010000110010101101110001000000110011101101001011101100110010100100000011101000110100001100101
110011001110010011101010110100101110100001000000110111101101110011001010010000001101101011011110111001001100101001000000111011101100001011100100110110100111010001000000110010001110010011000010110100101101110001011000010000001100001011011100110010000100000011100000111010101110100001000000111010001101000011001010110110100100000011101000110111100100000011001000111001001111001001000000110111101101110001000000111000001101100011000010111010001100101011100110010110000100000011010010110111000100000011000010010000001100011011011110110111101101100
1101111011101100110010101101110001011100010000001010100011010000110010101110011011001010010000001110000011011000111010101101101011100110010000001100001011100100110010100100000011000010111000001110100001000000111010001101111001000000110011001100101011100100110110101100101011011100111010000101100001000000110100101100110001000000110111001101111011101000010000001100010011011110110100101101100011001010110010000100000011010010110111000100000011101000111011101101111001000000111001101111001011100100111010101110000011100110011101100100000011101000110100001100101
1100110011011110111001001101101011001010111001000100000011101110110100101101100011011000010000001110011011101110110010101100101011101000110010101101110001000000111000001101001011001010111001100101100001000000110001001110101011101000010000001110111011010010110110001101100001000000110100001100001011101100110010100100000011101000110111101101111001000000110110101110101011000110110100000100000011000010110001101101001011001000010000001110100011011110010000001101011011001010110010101110000001011100010000001011001011011110111010100100000011011010110000101111001
11100100110010101110011011001010111001001110110011001010010000001110000011000010111001001110100001000000110111101100110001000000110100101110100001011000010000001100001011011100110010000100000011000010110010001100100001000000110000100100000011011000110100101110100011101000110110001100101001000000111001101110101011001110110000101110010001011000010000001110100011011110010000001100100011011110010000001110100011010000110111101110011011001010010000001110100011010000110000101110100001000000110000101110010011001010010000001110100011011110010000001100100011100100111100100101100
1100110011011110111001000100000011101000110100001100101011110010010000001110111011010010110110001101100001000000110111001101111011101000010000001110010011001010111000101110101011010010111001001100101001000000111010001101111001000000110001001100101001000000111001101101111001000000111001101110111011001010110010101110100001011000010000001100001011100110010000001101001011001100010000001101011011001010111000001110100001000000111011101100101011101000010110000100000011000010110111001100100001000000111011101101001011011000110110000100000011001010110000101110100
1110110011001010111001001111001001000000110111001101001011000110110010101101100011110010010000001101001011001100010000001101111011011100110110001111001001000000110001001101111011010010110110001100101011001000010000001100001011100110010000001101101011101010110001101101000001000000110000101110011001000000111010001101000011011110111001101100101001011100010000001000100011011110010000001101110011011110111010000100000011000100111001001100101011000010110101100100000011101000110100001100101011011010010111000100000010011110110111001100101
11100000110000101110010011000110110010101101100001000000110110101100001011110010010000001100010011001010010000001100100011011110110111001100101001000000110000101100110011101000110010101110010001000000110000101101110011011110111010001101000011001010111001000101100001000000110000101101110011001000010000001110011011000010111011001100101001000000110110101110101011000110110100000100000011100110111010101100111011000010111001000101110
1011111010101000110111100100000011100000111001001100101011100110110010101110010011101100110010100100000010001110111001001100001011100000110010101110011001000000110100101101110001000000100001001110010011000010110111001100100011110010010111001011111
10100000111010101110100001000000111001101101111011011010110010100100000011000110110110001101111011100110110010100100000011000100111010101101110011000110110100001100101011100110010110000100000011101110110100001100101011011100010000001110010011010010111000001100101001011000010000001100010011101010111010000100000011011100110111101110100001000000110111101110110011001010111001000100000011100100110010101100001011001000111100100101100001000000110100101101110011101000110111100100000011000010010000001101010011000010111001000111010001000000111001101110100011100100110010101110111
1101111011101100110010101110010001000000111010001101000011001010110110100100000011010000110000101101100011001100010000001110100011010000110010101101001011100100010000001110111011001010110100101100111011010000111010000100000011010010110111000100000011101110110100001101001011101000110010100100000011100110111010101100111011000010111001001100011011000010110111001100100011110010010000001110000011011110111010101101110011001000110010101100100001110100010000001110000011100100110100101100011011010110010000001100101011000010110001101101000
110011101110010011000010111000001100101001000000110111101101110011000110110010100100000011101110110100101110100011010000010000001100001001000000110111001100101011001010110010001101100011001010011101100100000011001100110100101101100011011000010000001110101011100000010000001110111011010010111010001101000001000000110001001110010011000010110111001100100011110010010110000100000011000010110111001100100001000000111010001101001011001010010000001100011011011000110111101110011011001010010111000100000010101000110100001100101011110010010000001101100011011110110111101101011
1100010011001010110000101110101011101000110100101100110011101010110110001101100011110010010000001101001011011100010000001100001001000000110010001100101011100110111001101100101011100100111010000101110
10111110100011101101111011011110111001101100101011000100110010101110010011100100111100100100000010010000110111101110000011100110010111001011111
10011110110011000100000011101000110100001100101001000000110110001100001011100100110011101100101011100110111010000100000011001110111001001100101011001010110111000100000011101110110000101101100011011100111010101110100001000000110101101101001011011100110010000101100001000000111010001100001011010110110010100100000011000010110111001100100001000000110001101110101011101000010000001110100011010000110010100100000011000100111010101100100001000000110010101101110011001000010000001101001011011100010000001100110011011110111010101110010
11100010111010101100001011100100111010001100101011100100111001100101100001000000110110001100101011000010111011001101001011011100110011100100000011101000110100001100101001000000111001101110100011000010110110001101011001000000110010101101110011001000010000001110111011010000110111101101100011001010011101000100000011100000110100101100011011010110010000001101111011101010111010000100000011101000110100001100101001000000111001101100101011001010110010001110011001011000010000001100001011011100110010000100000011101110110100101110100011010000010000001100001
11100110111010001110010011011110110111001100111001000000110111001100101011001010110010001101100011001010010000001100001011011100110010000100000011101000110100001110010011001010110000101100100001011000010000001100110011000010111001101110100011001010110111000100000011001100110100101110110011001010010000001101111011100100010000001110011011010010111100000100000011101000110111101100111011001010111010001101000011001010111001000101100001000000110001001111001001000000111001001110101011011100110111001101001011011100110011100100000011101000110100001100101
1110100011010000111001001100