00001110000011100100110010101110100011101000111100100100000011101110110010101101100011011000010000001110111011010010111010001101000001000000110011001101001011011100110010100100000010011000110100101110011011000100110111101101110001000000111001101110101011001110110000101110010001011000010000001100001011011100110010000100000011011010110100101111000001000000111010001101000011001010010000001110000011101010110110001110000001000000110001001111001
110010001100101011001110111001001100101011001010111001100101100001000000111011101101001011101000110100000100000011010010111010000101110
1011111010000010111000001110000011011000110010100100000010001100110111101101111011011000010111001011111
1010011011101000110010101110111001000000110000101110000011100000110110001100101011100110010000001100001011100110010000001100100011010010111001001100101011000110111010001100101011001000010000001100110011011110111001000100000011001110110111101101111011100110110010101100010011001010111001001110010011010010110010101110011001011000010000001100001011011100110010000100000011101000110100001100101011011100010000001110000011001010110010101101100001000000110000101101110011001000010000001110000011101010110110001110000001000000111010001101000011001010110110100101110
1010000011100100110010101110000011000010111001001100101001000000111010001101000011001010010000001101101011010010110110001101011001011000010000000100110011000110010111000100000011000010110111001100100001000000110110101101001011110000010000001100001011100110010000001100010011001010110011001101111011100100110010100101110
10111110101001001100001011100110111000001100010011001010111001001110010011110010010000001000011011100100110010101100001011011010010111001011111
100110101100001011100110110100000100000011101000110100001100101001000000110011001110010011101010110100101110100001000000110011101100101011011100111010001101100011110010010110000100000011000010110111001100100001000000110110001100101011101000010000001110100011010000110010101101101001000000110010001110010011000010110100101101110001110110010000001110100011010000110010101101110001000000111001101110000011100100110100101101110011010110110110001100101001000000110000100100000011011000110100101110100011101000110110001100101001000000111001101110101011001110110000101110010
11011110111011001100101011100100010110000100000011000010110111001100100001000000111010001101000011000010111010000100000011101110110100101101100011011000010000001110000011100100110111101100100011101010110001101100101001000000110110101101111011100100110010100100000011010100111010101101001011000110110010100111011001000000111010001101000011001010110111000100000011100000111010101110100001000000111010001101000011001010010000001101010011101010110100101100011011001010010000001110100011011110010000001110011011011110110110101100101
110001101110010011001010110000101101101001011000010000001100001011011100110010000100000011100110111011101100101011001010111010001100101011011100010000001101001011101000010111000100000010000010110011001110100011001010111001000100000011101110110100001101001011000110110100000101100001000000110100101100110001000000111100101101111011101010010000001100011011010000110111101101111011100110110010100100000011101000110111100100000011011000110111101110111011001010111001000100000011010010111010000100000011101110110100101110100011010000010000001110011011011110110110101100101
110110101101001011011000110101100101100001000000110100101110100001000000111011101101001011011000110110000100000011011100110111101110100001000000110001101110101011100100110010001101100011001010011101100100000011101110110100001101001011000110110100000100000011010010111010000100000011101110110111101110101011011000110010000101100001000000110100101100110001000000111000001110101011101000010000001110100011011110010000001110100011010000110010100100000011011010110100101101100011010110010000001100010011001010110011001101111011100100110010100100000011101000110100001100101
110001101110010011001010110000101101101001110110010000001100010011101010111010000100000011010010111010000100000011010010111001100100000011000100110010101110011011101000010000001101101011000010110010001100101001000000110111101100110001000000111001001100001011100110111000001100010011001010111001001110010011110010010000001101010011001010110110001101100011110010010110000100000011010010110111001110011011101000110010101100001011001000010000001101111011001100010000001101010011000010110110100101100001000000111011101101000011001010110111000100000011101000110100001100101
1100110011100100110010101110011011010000010000001100110011100100111010101101001011101000010000001100011011000010110111001101110011011110111010000100000011000100110010100100000011011110110001001110100011000010110100101101110011001010110010000101110
101111101000110011011000111010101101101011011010110010101110010011110010010111001011111
101000001110101011101000010000001110100011010000111001001100101011001010010000001101100011000010111001001100111011001010010000001101000011000010110111001100100011001100111010101101100011100110010000001101111011001100010000001110110011001010111001001111001001000000111001101101101011000010110110001101100001000000111011101101000011010010111010001100101001000000110111101100001011101000110110101100101011000010110110000100000011101000110111100100000011100110111010001100101011001010111000000100000011000010010000001100100011000010111100100100000011000010110111001100100
11011100110100101100111011010000111010000100000011010010110111000100000011000110110111101101100011001000010000001110111011000010111010001100101011100100011101100100000011101000110100001100101011011100010000001110000011011110111010101110010001000000110100101110100001000000110111101100110011001100010000001100011011011000110010101100001011100100010110000100000011000010110111001100100001000000110000101100100011001000010000001100001011100110010000001101101011101010110001101101000001000000110110101101111011100100110010100100000011101110110000101110100011001010111001000101100
11000010110111001100100001000000110110001100101011101000010000001101001011101000010000001110011011101000110000101101110011001000010000001110100011010000110010100100000011100110110000101101101011001010010000001110100011010010110110101100101001011100010000001010011011101000111001001100001011010010110111000100000011010010111010000100000011101000110100001110010011011110111010101100111011010000010000001100001001000000110011001101001011011100110010100100000011010000110000101101001011100100010000001110011011010010110010101110110011001010010110000100000011000010110111001100100
1100010011011110110100101101100001000000110100101110100001000000111010001101001011011000110110000100000011010010111010000100000011000100110010100100000011000010111001100100000011101000110100001101001011000110110101100100000011000010111001100100000011010000110000101110011011101000111100100100000011100000111010101100100011001000110100101101110011001110011101100100000011100110111010001101001011100100111001001101001011011100110011100100000011010010111010000100000011101110110010101101100011011000010000001100001011011000110110000100000011101000110100001100101
111010001101001011011010110010100101110001000000101011101101000011001010110111000100000011001100110100101110010011100110111010000100000011100110111010001110010011000010110100101101110011001010110010000101100001000000111000001110101011101000010000001110100011011110010000001101001011101000010000001101111011011100110010100100000011011000110000101110010011001110110010100100000011100110111000001101111011011110110111001100110011101010110110000100000011011110110011000100000011101110110100001101001011101000110010100100000011100110111010101100111011000010111001000101100
11000010110111001100100001000000111010001110111011011110010000001101111011001100010000001101111011100100110000101101110011001110110010100100000011001100110110001101111011101110110010101110010001000000111011101100001011101000110010101110010001011100010000001010000011101010111010000100000011010010111010000100000011010010110111001110100011011110010000001110011011010000110000101101100011011000110111101110111001000000110010001101001011100110110100001100101011100110011101100100000011000010110111001100100001000000111001101100101011100100111011001100101001000000111010001101111
1100101011000010111010000100000011101110110100101110100011010000010000001110111011010010110111001100101001011000010000001100011011110010110010001100101011100100010110000100000011011010110100101101100011010110010110000100000011011110111001000100000011000110111001001100101011000010110110100100000011000010110111001100100001000000111001101110101011001110110000101110010001011100010000001001001011101000010000001101001011100110010000001110110011001010111001001111001001000000110011101101111011011110110010000101110
101111101010100011011110010000001100010011101010111010001110100011001010111001000100000010011110111001001100001011011100110011101100101011100110010111001011111
100011101110010011000010111010001100101001000000110111101100110011001100010000001100001001000000110110001101001011101000111010001101100011001010010000001101111011001100010000001110100011010000110010100100000011011110111010101110100011100110110100101100100011001010010000001110010011010010110111001100100001000000110111101100110001000000110011001101111011101010111001000100000010100110110010101110110011010010110110001101100011001010010000001101111011100100110000101101110011001110110010101110011001011000010000001100001011011100110010000100000011000110111010101110100
1100001001000000111001001101111011101010110111001100100001000000110100001101111011011000110010100101100001000000110000101110100001000000111010001101000011001010010000001100010011011000111010101101110011101000010000001110100011010000110010100100000011001010110111001100100001000000110111101110000011100000110111101110011011010010111010001100101001000000111010001101000011001010010000001110011011101000110000101101100011010110010110000100000011011000110000101110010011001110110010100100000011001010110111001101111011101010110011101101000001000000111010001101111
1110100011000010110101101100101001000000110111101110101011101000010000001110100011010000110010100100000011100000111010101101100011100000010110000100000011100110110010101100