10000001100001011100000110111101101100011011110110011101111001001000000110011001101111011100100010000001101101011010010110111001110101011101000110010101101110011001010111001101110011001000000110100101101110001000000111001101101111011011010110010100100000011000010111001001110100011010010110001101101100011001010111001100101100
1101111011100100010000001100110011011110111001000100000011011000110010101100001011101100110100101101110011001110010000001101111011101000110100001100101011100100111001100100000011101010110111001101110011000010110110101100101011001000010110000100000011000100110010101100011011000010111010101110011011001010010000001110011011010000110010100100000011101110111001001101001011101000110010101110011001000000110111001101111011101000010000001100110011011110111001000100000011100000111001001101111011001100110010101110011011100110110010101100100
110001101101111011011110110101101110011001011100010000001010100011010000110100101110011001000000110110001101001011101000111010001101100011001010010000001110111011011110111001001101011001000000111011101101111011101010110110001100100001000000110100001100001011101100110010100100000011000100110010101100101011011100010000001100001001000000111010001110010011001010110000101110011011101010111001001100101001000000111010001101111001000000110100001100101011100100111001101100101011011000110011000101100001000000111011101101000011001010110111000100000011100110110100001100101
11001100110100101110010011100110111010000100000011100110110010101110100001000000110111101110101011101000010000001101001011011100010000001101100011010010110011001100101001011000010000001100001011011100110010000100000011100110110100001100101001000000111010001101000011001010111001001100101011001100110111101110010011001010010000001101000011011110111000001100101011100110010000001101001011101000010000001101101011000010111100100100000011000100110010100100000011101010111001101100101011001100111010101101100001000000111010001101111
110111101110100011010000110010101110010011100110010111000100000010010010110111000100000011101000110100001100001011101000010000001101001011001000110010101100001001000000110100101110100001000000110100101110011001000000110011101101001011101100110010101101110001000000111010001101111001000000111010001101000011001010010000001110000011101010110001001101100011010010110001100101100001000000110000101101110011001000010000001100001011100110010000001110011011010000110010100100000011101110110100101101100011011000010000001110010011001010110001101100101011010010111011001100101
1100110011100100110111101101101001000000110100101110100001000000110111001101111001000000110010101101101011011110110110001110101011011010110010101101110011101000010110000100000011100110110111100100000011100110110100001100101001000000111010001110010011101010111001101110100011100110010000001101001011101000010000001110111011010010110110001101100001000000110010101110011011000110110000101110000011001010010000001110111011010010111010001101000011011110111010101110100001000000110001101100101011011100111001101110101011100100110010100101110
10101000100000101000010010011000100010100100000010011110100011000100000010000110100111101001110010101000100010101001110010101000101001100101110
101000001000001010001110100010100101110
100110101101001011100110110001101100101011011000110110001100001011011100110010101101111011101010111001100100000011011110110001001110011011001010111001001110110011000010111010001101001011011110110111001110011001000000110011001101111011100100010000001110100011010000110010100100000011101010111001101100101001000000110111101100110001000000111010001101000011001010010000001001101011010010111001101110100011100100110010101110011011100110010000001101111011001100010000001100001
10001100110000101101101011010010110110001111001001011000010000000100000001000000010000000100000001000000010000000100000001000000010000000100000001000000010000000100000001000000010000000100000001000000010000000100000001000000010000000100000001000000010000000100000001000000010000000100000001000000010000000100000001000000010000000100000001000000010000000100000001000000010000000100000001000000010000000100000001000000010000000100000001000000010000000100000001000000010000000100000001000000010000000100000001000000010000000100000001000000010000000110001
100010001101001011001100110011001100101011100100110010101101110011101000010000001101101011001010111010001101000011011110110010001110011001000000110111101100110001000000110001101101111011011110110101101101001011011100110011100100000011101000110100001100101001000000111001101100101011101100110010101110010011000010110110000100000011010110110100101101110011001000111001100100000011011110110011000100000010001100110100101110011011010000010110000100000001000000010000000100000001000000010000000100000001000000010000000110001001000000111010001101111001000000011000100110111
100111101100010011100110110010101110010011101100110000101110100011010010110111101101110011100110010000001101111011011100010000001100100011100100110010101110011011100110110100101101110011001110010000001000110011010010111001101101000001011000010000000100000001000000010000000100000001000000010000000100000001000000010000000100000001000000010000000100000001000000010000000100000001000000010000000100000001000000010000000100000001000000010000000100000001000000010000000100000001000000010000000100000001000000011000100110111001000000111010001101111001000000011001000110000
100111101101110001000000110010001110010011001010111001101110011011010010110111001100111001000000100110101100101011000010111010001110011001011000010000000100000001000000010000000100000001000000010000000100000001000000010000000100000001000000010000000100000001000000010000000100000001000000010000000100000001000000010000000100000001000000010000000100000001000000010000000100000001000000010000000100000001000000010000000100000001000000010000000100000001000000010000000100000001000000010000000100000001000000011001000110000001000000111010001101111001000000011011100110110
100111101101110001000000110010001110010011001010111001101110011011010010110111001100111001000000101000001101111011101010110110001110100011100100111100100101100001000000010000000100000001000000010000000100000001000000010000000100000001000000010000000100000001000000010000000100000001000000010000000100000001000000010000000100000001000000010000000100000001000000010000000100000001000000010000000100000001000000010000000100000001000000010000000100000001000000010000000100000001000000010000000100000001000000011011100110110001000000111010001101111001000000011100000110111
100111101101110001000000110110101100001011010110110100101101110011001110010000001010000011010010110010101110011001011000010000000100000001000000010000000100000001000000010000000100000001000000010000000100000001000000010000000100000001000000010000000100000001000000010000000100000001000000010000000100000001000000010000000100000001000000010000000100000001000000010000000100000001000000010000000100000001000000010000000100000001000000010000000100000001000000010000000100000001000000010000000100000001000000011100000110111001000000111010001101111001000000011100100110011
100111101101110001000000110110101100001011010110110100101101110011001110010000001010011011011110111010101110000011100110010110000100000001000000010000000100000001000000010000000100000001000000010000000100000001000000010000000100000001000000010000000100000001000000010000000100000001000000010000000100000001000000010000000100000001000000010000000100000001000000010000000100000001000000010000000100000001000000010000000100000001000000010000000100000001000000010000000100000001000000010000000100000001110010011001100100000011101000110111100100000001100010011000000110001
100111101101110001000000110110101100001011010110110100101101110011001110010000001000111011100100110000101110110011010010110010101110011001000000110000101101110011001000010000001010011011000010111010101100011011001010111001100101100001000000010000000100000001000000010000000100000001000000010000000100000001000000010000000100000001000000010000000100000001000000010000000100000001000000010000000100000001000000010000000100000001000000010000000100000001000000010000000100000001000000010000000100000001000000010000000100000001100010011000000110010001000000111010001101111
1100010011000100110001
100111101101110001000000110110101100001011010110110100101101110011001110010000001010110011010010110111001100101011001110110000101110010011100110010000001100001011011100110010000100000010100000110100101100011011010110110110001100101011100110010110000100000001000000010000000100000001000000010000000100000001000000010000000100000001000000010000000100000001000000010000000100000001000000010000000100000001000000010000000100000001000000010000000100000001000000010000000100000001000000010000000100000001000000010000000100000001100010011000100110010001000000111010001101111
1100010011001000110100
100111101101110001000000110110101100001011010110110100101101110011001110010000001010011011101000110010101110111011100110010110000100000001000000010000000100000001000000010000000100000001000000010000000100000001000000010000000100000001000000010000000100000001000000010000000100000001000000010000000100000001000000010000000100000001000000010000000100000001000000010000000100000001000000010000000100000001000000010000000100000001000000010000000100000001000000010000000100000001000000010000000100000001000000010000000100000001100010011001000110100001000000111010001101111
1100010011001000110111
100111101101110001000000110110101100001011010110110100101101110011001110010000001010011011000010110110001100001011001000111001100100000011000010110111001100100001000000110001001101111011010010110110001101001011011100110011100100000010101100110010101100111011001010111010001100001011000100110110001100101011100110010110000100000001000000010000000100000001000000010000000100000001000000010000000100000001000000010000000100000001000000010000000100000001000000010000000100000001000000010000000100000001000000010000000100000001100010011001000111000001000000111010001101111
1100010011001100110001
10100110110110101100001011011000110110000100000010001000110100101110011011010000110010101110011001000000110011001101111011100100010000001010011011101010111000001110000011001010111001000101100001000