110010
11101110110100001100001011101000010000001101001011100110010000001110010011001010111000101110101011010010111001001100101011001000010110000100000011000010111001001100101001000000111010001101000011001010010000001100110011010010111001001110011011101000010000001100001011100100111010001101001011000110110110001100101011100110010000001101111011001100010000001100001001000000110011101101111011011110110010000100000011000110110111101101111011010111110001010000000100110010111001100100000011000010111010001110100011001010110111001110100011010010110111101101110001000000110100101101110
11100100110111101100001011100110111010001101001011011100110011100101110
10011110110110001100100001000000110110101100101011000010111010001110011001000000110010001101111001000000110111001101111011101000010000001110010011001010111000101110101011010010111001001100101001000000111001101101111001000000110110101110101011000110110100000100000011001000111001001100101011100110111001101101001011011100110011100100000011000010111001100100000011110010110111101110101011011100110011100111010001000000110111001101111011101000010000001110100011010000110000101110100001000000111010001101000011001010111100100100000011000010111001001100101
1110011011011110110111101101110011001010111001000100000011001000110111101101110011001010010110000100000011000100111010101110100001000000111010001101000011001010111100100100000011000110110000101101110001000000110001001100101001000000110010101100001011101000110010101101110001000000111011101101001011101000110100000100000011101000110100001100101001000000110011101110010011000010111011001111001001000000110110101101111011100100110010100100000011010010110111000101110
10000100110010100100000011000110110000101110010011001010110011001110101011011000010000001101001011011100010000001110010011011110110000101110011011101000110100101101110011001110010000001110111011010010110110001100100001000000110011001101111011101110110110001110011001000000111010001101111001000000110101101100101011001010111000000100000011000010010000001100011011011000110010101100001011100100010000001100010011100100110100101110011011010110010000001100110011010010111001001100101001011100010000001010010011011110110000101110011011101000010000001110100011010000110010101101101
1101111011001100010000001100001001000000110110001101001011001110110100001110100001000000110001001110010011011110111011101101110001011000010000001100010011101010111010000100000011011100110111101110100001000000111010001101001011011000110110000100000011101000110100001100101011010010111001000100000011001110111001001100001011101100111100100100000011100100111010101101110011100110011101100100000011101000110100001100101011110010010000001101100011011110110111101110011011001010010000001110100011010000110010101101001011100100010000001100110011010010110111001100101
1100110011011000110000101110110011011110111010101110010001000000110100101100110001000000111010001101111011011110010000001101101011101010110001101101000001000000110010001101111011011100110010100101110001000000101010001100001011011010110010100100000011001100110111101110111011011000111001100100000011100100110010101110001011101010110100101110010011001010010000001101101011011110111001001100101001000000111001001101111011000010111001101110100011010010110111001100111001110100010000001110100011010000110010101111001001000000110000101110010011001010010000001100001
110110001101111011011100110011100100000011101000110100101101101011001010010000001100010011001010110011001101111011100100110010100100000011101000110100001100101011110010010000001100001011100100110010100100000011010000110111101110100001000000111010001101000011100100110111101110101011001110110100000101100001000000110000101101110011001000010000001101101011101010111001101110100001000000110001001100101001000000110111101100110011101000110010101101110001000000110001001100001011100110111010001100101011001000010000001110100011011110010000001101011011001010110010101110000
111010101110000001000000110000100100000011001100111001001101111011101000110100000101100001000000110000101101110011001000010000001101001011101000010000001101101011000010110101101100101011100110010000001110100011010000110010100100000011000110110111101101100011011110111010101110010001000000110001001100101011101000111010001100101011100100010111000100000010100000110100101100111011100110010000001100001011011100110010000100000011001110110010101100101011100110110010100100000011100100110010101110001011101010110100101110010011001010010000001100001
110001001110010011010010111001101101011001000000110011001101001011100100110010100101100001000000110000101101110011001000010000001110100011011110010000001100010011001010010000001110100011101010111001001101110011001010110010000100000011100010111010101101001011000110110101100101110
100100001100001011100100110010101110011001000000110000101101110011001000010000001110010011000010110001001100010011010010111010001110011001000000111001001100101011100010111010101101001011100100110010100100000011101000110100101101101011001010010110000100000011000010110111001100100001000000110001101100001011100100110010100100000011101000110111100100000011101000111010101110010011011100010000001110100011010000110010100100000011101000111011101101111001000000110010101101110011001000111001100100000011101000110111100100000011101000110100001100101
1100110011010010111001001100101001011000010000001110111011010000110100101100011011010000010000001100001011100100110010100100000011011000110010101110011011100110010000001101100011010010110101101100101011011000111100100100000011101000110111100100000011000100110010100100000011001000110111101101110011001010010000001100101011011100110111101110101011001110110100000100000011101000110100001100001011011100010000001110100011010000110010100100000011011010110100101100100011001000110110001100101001000000111000001100001011100100111010000101110
1000011011010000110111101101111011100110110010100100000011011010111010101110100011101000110111101101110001000000110001001111001001000000111010001101000011001010010000001100110011010010110111001100101011011100110010101110011011100110010000001101111011001100010000001101001011101000111001100100000011001110111001001100001011010010110111000101100001000000111010001101000011001010010000001100100011001010110010101110000001000000111001001100101011001000010000001101111011001100010000001110100011010000110010100100000011001100110110001100101011100110110100000101100
11000010110111001100100001000000110001001110010011010010110011101101000011101000010000001110111011010000110100101110100011001010110111001100101011100110111001100100000011011110110011000100000011101000110100001100101001000000110011001100001011101000010111000100000010001100110111101110010001000000111001001101111011000010111001101110100011010010110111001100111001011000010000001101001011101000010000001110011011010000110111101110101011011000110010000100000011010000110000101101110011001110010000001100001011100110010000001101100011011110110111001100111001000000110000101110011
110100101110100001000000111011101101001011011000110110000100000011010110110010101100101011100000010110000100000011101000110100001100101001000000110100001101001011011100110010000100000011100010111010101100001011100100111010001100101011100100010000001100101011100110111000001100101011000110110100101100001011011000110110001111001001011000010000001100010011101010111010000100000011011100110111101110100001000000111001101101111001000000110000101110011001000000111010001101111001000000111010001100001011010010110111001110100001110110010000001100110011011110111001000101100
1110111011010000110000101110100011001010111011001100101011100100010000001100110011000010111001101101000011010010110111101101110001000000110110101100001011110010010000001100001011101010111010001101000011011110111001001101001011110100110010100101100001000000111000001110101011101000111001001101001011001000010000001101010011101010110100101100011011001010111001100100000011011110111010101100111011010000111010000100000011011100110111101110100001000000111010001101111001000000110001001100101001000000110001101101111011011100111011001100101011110010110010101100100
110100101101110011101000110111100100000011101000110100001100101001000000111001101110100011011110110110101100001011000110110100000101110
10011010111010101110100011101000110111101101110001011000010000001100110011011110111001000100000011000100110111101101001011011000110100101101110011001110010110000100000011101110110100101101100011011000010000001101110011011110111010000100000011011000110111101101111011010110010000001101111011001100010000001100001001000000110011101101111011011110110010000100000011000110110111101101100011011110111010101110010001000000110100101100110001000000110100101110100001000000110100001100001011100110010000001101100011011110110111001100111001000000110100001110101011011100110011100101110
101001101101101011000010110110001101100001000000110110101110101011101000111010001101111011011100010000001101001011100110010000001110000011100100110010101100110011001010111001001110010011001010110010000101110
10001110111001001100101011000010111010000100000011000110110000101110010011001010010000001110011011010000110111101110101011011000110010000100000011000100110010100100000011101000110000101101011011001010110111000100000011101000110111100100000011100000111001001100101011100110110010101110010011101100110010100100000011000100111100100100000011100000110000101110000011001010111001000100000011101000110100001100101001000000110011001100001011101000010000001101111011001100010000001110111011010000110000101110100001000000110100101110011
111001001101111011000010111001101110100011001010110010000101110
10111110101010001101111001000000110101101100101011001010111000000100000010101100110010101101110011010010111001101101111011011100010111001011111
1010000011100100110010101110011011001010111001001110110011001010010000001110100011010000110010100100000011101100110010101101110011010010111001101101111011011100010000001100100011100100111100100111011001000000111011101100001011100110110100000100000011010010111010000100000011101110110100101110100011010000010000001101101011010010110110001101011001000000110000101101110011001000010000001110111011000010111010001100101011100100010000001110110011001010111001001111001001000000110001101