001001101100011001010010110000100000001100010011011100110110
10110000100000011000010110111001101111011101000110100001100101011100100010110000100000001100010011011100110110
10111110100000101110000011100000110110001100101010111110010000001101010011001010110110001101100011110010010110000100000011001100110111101110010001000000111000001110010011001010111001101100101011100100111011001100101011001000010000001100001011100000111001001101001011000110110111101110100011100110010110000100000011011110111001000100000011000010110111001111001001000000111001101101111011100100111010000100000011011110110011000100000011100110111011101100101011001010111010001101101011001010110000101110100011100110010110000100000001100010011100100110110
111000001101001011001010010110000100000001100010011100000110000
1110000011101010110010001100100011010010110111001100111001011000010000001100010011000010110101101100101011001000010110000100000001100010011010000110100
1110111011000010111010001100101011100100010110000100000001100100011010100110100
11101000110111100100000011100110110001101100001011011000110010000100000011000110110111101100100011011000110100101101110011100110010110000100000001100010011011100110111
1110100011011110010000001101011011001010110010101110000001000000110001101101111011001000110110001101001011011100111001100100000011001100110111101110010
1110011011001010111011001100101011100100110000101101100001000000110110101101111011011100111010001101000011100110010110000100000001100010011100000111001
1110011011101000110010101110111011001010110010000100000011001110110111101101100011001000110010101101110011100000110100101110000011100000110100101101110011100110010110000100000001100010011011100110101
111001001100101011001000010000001101001011011100010000001101010011001010110110001101100011110010010110000100000001100010011011100110101
101111101000001011100000111001001101001011000110110111101110100011100110101111100101100001000000110100101101110001000000110001001110010011000010110111001100100011110010010110000100000001100010011100100110101
1110100011011110010000001100100011100100111100100100000011010010110111000100000011010000110000101101100011001100010110000100000001100010011100100110110
110011101110010011001010110010101101110001011000010000001110100011011110010000001110000011100100110010101110011011001010111001001110110011001010010110000100000001100010011100100110111
1110100011011110010000001110000011100100110010101110011011001010111001001110110011001010010000001101001011011100010000001101010011001010110110001101100011110010010110000100000001100010011100100110110
11000010111000001110000011011000110010100100000011010100110010101101100011011000111100100100000011001100110111101110010001000000111010001101000011010010111001100100000011100000111010101110010011100000110111101110011011001010010110000100000001100010011100100110110
110001101101000011001010110010101110011011001010010110000100000001100010011100100110100
11100000111010101100100011001000110100101101110011001110010110000100000011000010110111000100000011001010111100001100011011001010110110001101100011001010110111001110100001000000110111101101110011001010010110000100000001100010011010100110100
1011111010000010111001001110010011011110111011101110010011011110110111101110100010111110010000001101010011001010110110001101100011110010010110000100000001100100011011000110000
101111101000001011100110111001101100101011100110101111100100000011011010110100101101100011010110010110000100000001100100011011000110010
10110000100000011000010111001001110100011010010110011001101001011000110110100101100001011011000010110000100000001100100011011000110010
10110000100000011000010110111001101111011101000110100001100101011100100010110000100000001100100011011000110010
10110000100000011000010110111001101111011101000110100001100101011100100010110000100000001100100011011000110011
100001000101110
1011111010000100110000101100011011011110110111001011111001011000010000001100101011110000110001101100101011011000110110001100101011011100111010000101100001000000011011000111001
1110100011010000110010100100000011011010110000101101110011011100110010101110010001000000110111101100110001000000110001101110101011100100110100101101110011001110010000001010111011010010110110001110100011100110110100001101001011100100110010100101100001000000011011000110100
110011001110010011000010110100101110011011001010010110000100000001100010011001100110111
1011111010000100110000101101101011000100110111101101111010111110010110000100000001010000100010101101110011001110110110001101001011100110110100000101001001000000111010001101111001000000111000001101001011000110110101101101100011001010010110000100000001100010011001000110000
1011111010000100110000101110010011000100110010101110010011100100110100101100101011100110101111100101100001000000110011001101111011100100010000001110100011000010111001001110100011011000110010101110100011100110010110000100000001100100011000000110001
1100100011100100110111101110000011100110010110000100000001100100011000000110010
10111110100001001100001011100100110110001100101011110010111011101100001011101000110010101110010010111110010110000100000001100100011010100110011
101100001000000110001101101111011011010110110101101111011011100010110000100000001100100011010100110011
101111101000010011001010110000101101110001000000101000001110101011001000110010001101001011011100110011101011111001011000010000001100111011100100110010101100101011011100010110000100000001100010011010100110100
10111110100001001100101011000110110100001100001011011010110010101101100010111110010110000100000001100010011000000110100
101111101000010011001010110010101100110010111110010110000100000011100110111010001100101011101110110010101100100001000000111001001110101011011010111000000100000011011110110011000101100001000000011001000111000
10110000100000011100110111010001100101011101110110010101100100001000000110001001110010011010010111001101101011011001010111010000101100001000000011001000111001
10110000100000011101000110111100100000011100110110000101101100011101000010000001110010011001010110010000101100001000000111011101101000011010010110001101101000
11010010111001100100000011001010111100001110100011100100110010101101101011001010110110001111001001000000110011101101111011011110110010000100000011101000110111100100000011001010110000101110100001000000110011001110010011001010111001101101000001000000110011001110010011011110110110100100000011101000110100001100101001000000111000001101001011000110110101101101100011001010010110000100000011011110111001000100000011101000110111100100000011010000110000101101110011001110010000001110100011011110010000001100100011100100111100100101100001000000011001100110000
101100001000000111000001110010011001010111001101110011011001010110010000101100001000000011001100110001
101100001000000110100001110101011011100111010001100101011100101110001010000000100110010111001100101100001000000011001100110001
101100001000000111010001101111001000000110010001110010011001010111001101110011001000000111010001101000011001010010000001101001011011100111001101101001011001000110010100100000011011110110011000100000011000010010000001100011011011110110110001100100001000000111001101101001011100100110110001101111011010010110111000101100001000000011001100111000
10110000100000011001100111001001101001011000110110000101110011011100110110010101100101001000000110111101100110001000000110001101101111011011000110010000100000011100100110111101100001011100110111010000101100001000000011001100111000
1011000010000001110100011011110010000001100100011100100110010101110011011100110010000001100011011011110110110001100100001000000111010001101000011000010111010000100000011010000110000101110011001000000110111001101111011101000010000001100010011001010110010101101110001000000110010001101111011011100110010100100000011001010110111001101111011101010110011101101000001011000010000001100011011000010110110001101100011001010110010000100000011000100110010101100101011001100010000001101111011011000110100101110110011001010111001100101100001000000011001100111000
1011000010000001110100011011110010000001100100011100100110010101110011011100110010110000100000011000110110000101101100011011000110010101100100001000000101001101100001011011100110010001100101011100100111001100101100001000000011001100111001
10110000100000011101000110111100100000011001000111001001100101011100110111001100101100001000000110001101100001011011000110110001100101011001000010000001000011011001010110001101101001011011000111001100101100001000000011001100111001
1011000010000001110100011011110010000001110011011000010110110001110100001000000110011001101111011100100010000001100101011000010111010001101001011011100110011100100000011010010110110101101101011001010110010001101001011000010111010001100101011011000111100100101100001000000011001000110111
110000101101100011000010110110101101111011001000110010100101100001000000011001000111000
1011000010000001100010011100100110111101110100011010000010110000100000001100100011010100110000
10110000100000011000110110111101101100011011000110000101110010011001010110010000101100001000000011001100110001
10111110100001001100101011001010110011001011111001011000010000001100011011011110110110001101100011011110111000000101100001000000011001100110011
1101000011000010111001101101000011001010110010000101100001000000011010000110000
11010000110010101100001011100100111010000101100001000000011010000110010
1101101011010010110111001100011011001010110010000101100001000000011001100111001
1101111011011000110100101110110011001010111001100101100001000000011001100111000
111000001100001011011000110000101110100011001010111001100101100001000000011001100110100
110001101100001011010110110010101110011001000000110011001101111011100100010000001110011011010010110010001100101011001000110100101110011011010000010000001101111011001100010000001100100011100100110010101110011011100110110010101100100001000000110110101100101011000010111010000101100001000000011001100110100
1110000011011110111010001110100011001010110010000101100001000000011001100110101
10110000100000011000010110111001101111011101000110100001100101011100100010000001110111011000010111100100101100001000000011001100110101
1110000011000010111010001110100011010010110010101110011001011000010000001101111011100100010000001010000011011110110010001101111011101