00111011101101001011101000110100000100000011000010010000001100011011011000110010101100001011011100010000001110011011101000110100101100011011010110010111000100000010100110111010001101111011100000010000001101001011101000010000001110101011100000010110000100000011000010110111001100100001000000110100101101110
11000010010000001100110011001010111011100100000011001000110000101111001011100110010000001101001011101000010000001110111011010010110110001101100001000000110001001100101001000000110011001101001011011100110010100101110
10111110101010001101111001000000110110101100001011010110110010100100000011001010111100001100011011001010110110001101100011001010110111001110100001000000100001101101111011001100110011001100101011001010010111001011111001000000101001101100101011001010010000001100001011011010110111101101110011001110010000001110011011010010110001101101011001000000100001101101111011011110110101101100101011100100111100100101110
10111110100111101110010011001110110010101100001011101000010111001011111
10000100110111101101001011011000010000001100001001000000111000101110101011000010111001001110100001000000110111101100110001000000110111001100101011101110010000001101101011010010110110001101011001000000111011101101001011101000110100000100000011000010010000001110011011101000110100101100011011010110010000001101111011001100010000001100011011010010110111001101110011000010110110101101111011011100010110000100000011100110111011101100101011001010111010001100101011011100010000001110100011011110010000001111001011011110111010101110010
111010001100001011100110111010001100101001011000010000001100001011011100110010000100000011011000110010101110100001000000110011101110010011011110111011100100000011000110110111101101100011001000011101100100000011101000110100001100101011011100010000001110000011011110111010101110010001000000110100101110100001000000110001001111001001000000110010001100101011001110111001001100101011001010111001100100000011101000110111100100000011101000110100001110010011001010110010100100000011011110111010101101110011000110110010101110011001000000110111101100110
1100001011011000110110101101111011011100110010001110011001011000010000001100001011011100110010000100000011101000111011101100101011011100111010001111001001000000110001001101001011101000111010001100101011100100010110000100000011101000110100001100001011101000010000001101000011000010111011001100101001000000110001001100101011001010110111000100000011000100110110001100001011011100110001101101000011001010110010000100000011000010110111001100100001000000110001001100101011000010111010001100101011011100010000001110100011011110010000001100001
111000001100001011100110111010001100101001011000010000001110111011010010111010001101000001000000110000100100000011011000110100101110100011101000110110001100101001000000111011101100001011101000110010101110010001000000111010001101111001000000111000001110010011001010111011001100101011011100111010000100000011011110110100101101100011010010110111001100111001110110010000001100010011011110110100101101100001000000110000101101100011011000010000001110100011011110110011101100101011101000110100001100101011100100010110000100000011000010110111001100100
11100110111010001101001011100100010000001110100011010010110110001101100001000000110001101101111011011000110010000101100001000000111010001101000011001010110111000100000011000010110010001100100001000000110100001100001011011000110011000100000011000010010000001100111011011000110000101110011011100110010000001101111011001100010000001100010011100100110000101101110011001000111100100101110
101111101000001011011100110111101110100011010000110010101110010001000000111011101100001011110010010111001011111
100001001101100011000010110111001100011011010000010000001100001011011100110010000100000011100000110111101110101011011100110010000100000011101000110100001110010011001010110010100100000011100010111010101100001011100100111010001100101011100100111001100100000011011110110011000100000011000010010000001110000011011110111010101101110011001000010000001101111011001100010000001100001011011000110110101101111011011100110010001110011001011000010000001100001011011100110010000100000011101000110100001101001011100100111010001111001
11000100110100101110100011101000110010101110010001011000010000001110111011010010111010001101000001000000110000100100000011100110111000001101111011011110110111001100110011101010110110000100000011011110110011000100000011101110110000101110100011001010111001000101110001000000101001101110100011010010111001000100000011010010110111000100000011000100111100100100000011001000110010101100111011100100110010101100101011100110010000001110100011101110110111100100000011100000110100101101110011101000111001100100000011011110110011000100000011101110110000101110100011001010111001000101100
11000010110111001100100001000000111010001101000011100100110010101100101001000000110111101100110001000000110110101101001011011000110101100101100001000000110000101101110011001000010000001110011011101000111001001100001011010010110111000100000011101000110100001100101001000000111011101101000011011110110110001100101001000000111010001101000011100100110111101110101011001110110100000100000011000010010000001100011011011000110111101110100011010000010111000100000010001000110100101110011011100110110111101101100011101100110010100100000011010000110000101101100011001100010000001100001
11100000110111101110101011011100110010000100000011011110110011000100000011001100110100101101110011001010010000001110011011101010110011101100001011100100010000001101001011011100010000001100001001000000111000001101001011011100111010000100000011011110110011000100000011101110110000101110100011001010111001000101100001000000110001001101111011010010110110000100000011000010110111001100100001000000111001101101011011010010110110100100000011010010111010000100000011101110110010101101100011011000011101100100000011011010110100101111000001000000110100101110100
111011101101001011101000110100000100000011101000110100001100101001000000110111101110100011010000110010101110010001011000010000001100001011100110010000001101100011010010110101101100101011101110110100101110011011001010010000001110100011101110110111100100000011100110111000001101111011011110110111001100110011101010110110001110011001000000110111101100110001000000110111101110010011000010110111001100111011001010010000001100110011011000110111101110111011001010111001000100000011101110110000101110100011001010111001000101100001000000110000101101110011001000010000001100001
111010001100101011000010110001101110101011100000110011001110101011011000010000001101111011001100010000001110100011010000110010100100000011000100110010101110011011101000010000001100010011100100110000101101110011001000111100100101110
1011111010011000110010101101101011011110110111001100001011001000110010100101110001000000101010001101111001000000110001001100101001000000110110101100001011001000110010100100000011000010010000001100100011000010111100100100000011000100110010101100110011011110111001001100101001000000111011101100001011011100111010001100101011001000010111001011111
101000001100001011100100110010100100000011101000111011101101111001000000110010001101111011110100110010101101110001000000110111101100110001000000111010001101111011011000110010101110010011000010110001001101100011110010010000001110011011010010111101001100101011001000010000001101100011001010110110101101111011011100111001100100000011000010111001100100000011101000110100001101001011011100010000001100001011100110010000001110000011011110111001101110011011010010110001001101100011001010010110000100000011100000111010101110100
1100101011010010110011101101000011101000110010101100101011011100010000001101111011001100010000001110100011010000110010100100000011100100110100101101110011001000111001100100000011010010110111001110100011011110010000001110100011010000111001001100101011001010010000001110001011101010110000101110010011101000111001100100000011011110110011000100000011010000110111101110100001011000010000001101110011011110111010000100000011000100110111101101001011011000110100101101110011001110010000001110111011000010111010001100101011100100010110000100000011000010110111001100100
11000110110111101110110011001010111001000100000011010010111010000100000011011110111011001100101011100100010000001100110011011110111001000100000011101000110100001110010011001010110010100100000011011110111001000100000011001100110111101110101011100100010000001101000011011110111010101110010011100110010111000100000010100100111010101100010001000000111001101101111011011010110010100100000011001100110100101101110011001010010000001110011011101010110011101100001011100100010000001101111011011100010000001110100011010000110010100100000011011000110010101101101011011110110111001110011
11101000110111100100000011000010111010001110100011100100110000101100011011101000010000001110100011010000110010100100000011001010111001101110011011001010110111001100011011001010010110000100000011000010110111001100100001000000111000001110101011101000010000001101001011101000010000001101001011011100111010001101111001000000110000100100000010000110110100001101001011011100110000100100000011000100110111101110111011011000010110000100000011010010110111001110100011011110010000001110111011010000110100101100011011010000010000001110011011100010111010101100101011001010111101001100101
1110100011010000110010100100000011010100111010101101001011000110110010100100000011011110110011000100000011101000110100001100101001000000110110001100101011011010110111101101110011100110011101000100000011101000110111100100000011010010111010000100000011000010110010001100100001000000110111101101110011001010010000001110000011011110111010101101110011001000010000001100001011011100110010000100000011000010010000001101000011000010110110001100110001000000110111101100110001000000110011001101001011011100110010100100000011100110111010101100111011000010111001000101100
1110100011010000110010101101110001000000111000001110101011101000010000001110100011010000110010100100000011101110110000101110100011001010111001000100000011101000110111100100000011101000110100001100101001000000110000101100010011011110111011001100101001011000010000001100001011011100110010000100000011101000110100001110010011001010110010100100000011100010111010101100001011100100111010001110011001000000110111101100110001000000110110