10000101110011011010010110111001100111001000000110001001100101001000000110000101110100011101000110010101101110011001000110010101100100001000000111010001101111001011100010000001001001011011100010000001110011011011110110110101100101
11000010111001001110100011010010110001101101100011001010111001100100000011000010010000001100100011010010111001101100011011011110111010101101110011101000010000001101111011001100010000001100110011010010111011001100101001000000111000001100101011100100010000001100011011001010110111001110100001011100010000001101001011100110010000001100001011011000110110001101111011101110110010101100100001000000110100101101110001000000100110001101111011011100110010001101111011011100010110000100000011000010110111001100100001000000110111101110100011010000110010101110010
110110001100001011100100110011101100101001000000110001101101001011101000110100101100101011100110011101100100000011000010110111001100100001000000111010001101000011011110111001101100101001000000111011101101000011011110010000001110100011010000111010101110011001000000111000001100001011110010010000001100001011100100110010100100000011101010111001101110101011000010110110001101100011110010010000001100010011001010111001101110100001000000111001101100101011100100111011001100101011001000010111000100000010101010110111001100100011001010111001000100000011101000110100001100101
1101001011001000110010101100001001000000110111101100110001000000110001001110101011110010110100101101110011001110010000001100011011010000110010101100001011100000010110000100000011011010110000101101110011110010010000001110000011001010110111101110000011011000110010100100000011001110110111100100000011101000110111100100000011011100110010101110111001000000111001101101000011011110111000001110011001110110010000001100010011101010111010000100000011010010111010000100000011010010111001100100000011100110110000101100110011001010111001101110100001000000111010001101111
110010001100101011000010110110000100000011101110110100101110100011010000010000001110000011001010110111101110000011011000110010100100000011011110110011000100000011001010111001101110100011000010110001001101100011010010111001101101000011001010110010000100000011000110111001001100101011001000110100101110100001011000010000001110111011010000110111100100000011001000110111100100000011011100110111101110100001000000110010001101001011100110111000001101111011100110110010100100000011011110110011000100000011000100110000101100100001000000110011101101111011011110110010001110011
1100010011110010010000001110101011011100110010001100101011100100111001101100101011011000110110001101001011011100110011100101110
10101000110111100100000011011010110000101101011011001010010000001110000011001010110111101110000011011000110010100100000011101110110000101101001011101000010000001100110011011110111001000100000011101000110100001100101011010010111001000100000011011010110111101101110011001010111100100100000011010010110111001101010011101010111001001100101011100110010000001110100011010000110010101101101001000000110011101110010011001010110000101110100011011000111100100101100001000000110001001100101011100110110100101100100011001010111001100100000011101000110100001100001011101000010000001100001
11010000110100101100111011010000110010101110010001000000111000001110010011010010110001101100101001000000110110101110101011100110111010000100000011000100110010100100000011000110110100001100001011100100110011101100101011001000011101000100000011100000110010101110010011010000110000101110000011100110010000001110100011010000110010100100000011010010111001001110010011001010110011101110101011011000110000101110010011010010111010001111001001000000110111101100110001000000111000001100001011110010110110101100101011011100111010000100000011011010110000101111001
110100001100001011101100110010100100000011011010111010101100011011010000010000001100101011101100110100101101100001000000110100101101110011001100110110001110101011001010110111001100011011001010010000001101111011011100010000001110100011010000110010100100000011100000111001001101001011000110110010100100000011011110110011000100000011101100110000101110010011010010110111101110101011100110010000001100001011100100111010001101001011000110110110001100101011100110010110000100000011000010110111001100100
110001101101111011011100111010001110010011010010110001001110101011101000110010100100000011101000110111100100000011101000110100001100101001000000110010001100101011100110111010001110010011101010110001101110100011010010110111101101110001000000110111101100110001000000110110101100001011011100111100100100000011001100110000101101101011010010110110001101001011001010111001100101100001000000110100101101110001000000110011101110010011000010110010001100001011101000110100101101111011011100010000001100100011011110111011101101110011101110110000101110010011001000111001100101110
100100101110100001000000110100101110011001000000111011001100101011100100111100100100000011011100110010101100011011001010111001101110011011000010111001001111001001000000110011001101111011100100010000001100001001000000111011101101111011011010110000101101110001000000111010001101111001000000110001001100101001000000110100101101110011001100110111101110010011011010110010101100100001000000110111101100110001000000111010001101000011001010010000001110000011100100110100101100011011001010111001100100000011000010110111001100100
1100111011011110110111101100100011011100110010101110011011100110010000001101111011001100010000001100001011011000110110000100000011000010111001001110100011010010110001101101100011001010111001100100000011010010110111000100000011000110110111101101101011011010110111101101110001000000111010101110011011001010010110000100000011000010110111001100100001000000110111101100110001000000111010001101000011001010010000001100010011001010111001101110100001000000111010001101001011011010110010101110011001011000010000001100001011100110010000001110111011001010110110001101100
1100001011100110010000001110000011011000110000101100011011001010111001100101100001000000110011001101111011100100010000001110000011101010111001001100011011010000110000101110011011010010110111001100111001000000111010001101000011001010110110100101110001000000101001101101000011001010010000001110011011010000110111101110101011011000110010000100000011000010110110001110011011011110010000001100010011001010010000001100001011000110111000101110101011000010110100101101110011101000110010101100100001000000111011101101001011101000110100000100000011101000110100001100101
101111101100011011011110110110101110000011000010111001001100001011101000110100101110110011001010101111100100000011100000111001001101001011000110110010101110011001000000110111101100110001000000111000001110010011011110111011001101001011100110110100101101111011011100111001100101100001000000110100101101110001000000110111101110010011001000110010101110010001000000111010001101000011000010111010000100000011100110110100001100101001000000110110101100001011110010010000001100010011001010010000001100001011000100110110001100101001000000111010001101111
1110011011101010110001001110011011101000110100101110100011101010111010001100101001000000111010001101000011011110111001101100101001000000111010001101000011000010111010000100000011000010111001001100101001000000110110101101111011100110111010000100000011100100110010101100001011100110110111101101110011000010110001001101100011001010010110000100000011101110110100001100101011011100010000001110100011010000110010101111001001000000111011101101001011011000110110000100000011000010110111001110011011101110110010101110010001000000110000101110011
11101110110010101101100011011000010110000100000011001100110111101110010001000000110111101110100011010000110010101110010011100110010000001101111011001100010000001110100011010000110010100100000011100110110000101101101011001010010000001101011011010010110111001100100001011000010000001100010011101010111010000100000011101110110100001101001011000110110100000100000011000010111001001100101001000000110110101101111011100100110010100100000011000110110111101110011011101000110110001111001001011100010000001000001001000000110011001100001011011000111001101100101
11011100110111101110100011010010110111101101110001000000110111101100110001000000110010101100011011011110110111001101111011011010111100100100000011011000110010101100001011001000111001100100000011011010110000101101110011110010010000001110100011011110010000001110000011101010111001001100011011010000110000101110011011001010010000001100001011100110010000001100010011000010111001001100111011000010110100101101110011100110010000001110111011010000110000101110100001000000110100101110011001000000110111001101111011101000010000001110111011000010110111001110100011001010110010000101100
1100001011011100110010000100000011100110110111101101101011001010111010001101001011011010110010101110011001000000110111001100101011101100110010101110010001000000110100101110011001000000111010101110011011001010110010000101110001000000101011101100101011100100110010100100000011101000110100001101001011100110010000001100101011100100111001001101111011100100010000001100001011101100110111101101001011001000110010101100100001011000010000001101101011011110111001001100101001000000110110101101111011011100110010101111001001000000111011101101111011101010110110001100100
1110010011001010110110101100001011010010110111000100000011001100110111101110010001000000110111101110100011010000110010101110010001000000111000001110101011100100111000001101111011100110110010101110011001011100010000001010011011011110110110101100101001000000111010001101000011010010110111001100111011100110010000001100001011100100110010100100000011000100110010101110100011101000110010101110010001000000110011001101111011100100010000001101011011001010110010101110000011010010110111001100111001011000010000001100001011011100110010000101100
11000100110010101101001011011100110011100100000011010010110111000100000011000110110111101101110011100110111010001100001011011100111010000100000011000110110111101101110011100110111010101101101011100000111010001101001011011110110111000101100001000000111001101101000011011110111010101101100011001000010000001100010011001010010000001101100011000010110100101100100001000000110100101101110001000000110000101100011011000110110111101110010011001000110100101101110011001110110110001111001001110110010000001