111010101100001011011000010000001110111011011110111001001101011001000000110100101110011001000000111010101101110011100000111001001101111011101000110010101100011011101000110010101100100001000000110001001111001001000000110001101101111011100000111100101110010011010010110011101101000011101000010000001101100011000010111011100100000011010010110111000100000011101000110100001100101
101010101101110011010010111010001100101011001000010000001010011011101000110000101110100011001010111001100100000011000010110111001100100001000000111100101101111011101010010000001100001011100100110010100100000011011000110111101100011011000010111010001100101011001000010000001101001011011100010000001110100011010000110010100100000010101010110111001101001011101000110010101100100001000000101001101110100011000010111010001100101011100110010110000100000011101110110010100100000011001000110111100100000011011100110111101110100
110001101101100011000010110100101101101001000000110000100100000011100100110100101100111011010000111010000100000011101000110111100100000011100000111001001100101011101100110010101101110011101000010000001111001011011110111010100100000011001100111001001101111011011010010000001100011011011110111000001111001011010010110111001100111001011000010000001100100011010010111001101110100011100100110100101100010011101010111010001101001011011100110011100101100001000000111000001100101011100100110011001101111011100100110110101101001011011100110011100101100
110010001101001011100110111000001101100011000010111100101101001011011100110011100100000011011110111001000100000011000110111001001100101011000010111010001101001011011100110011100100000011001000110010101110010011010010111011001100001011101000110100101110110011001010010000001110111011011110111001001101011011100110010000001100010011000010111001101100101011001000010000001101111011011100010000001110100011010000110010100100000011101110110111101110010011010110010000001100001011100110010000001101100011011110110111001100111001000000110000101110011
1100001011011000110110000100000011100100110010101100110011001010111001001100101011011100110001101100101011100110010000001110100011011110010000001010000011100100110111101101010011001010110001101110100001000000100011101110101011101000110010101101110011000100110010101110010011001110010000001100001011100100110010100100000011100100110010101101101011011110111011001100101011001000010111000100000010011110110011000100000011000110110111101110101011100100111001101100101001011000010000001110111011001010010000001101000011011110111000001100101
1110100011010000110000101110100001000000111100101101111011101010010000001110111011010010110110001101100001000000111001101110101011100000111000001101111011100100111010000100000011101000110100001100101001000000101000001110010011011110110101001100101011000110111010000100000010001110111010101110100011001010110111001100010011001010111001001100111001011010111010001101101001000000110110101101001011100110111001101101001011011110110111000100000011011110110011000100000011100000111001001101111011011010110111101110100011010010110111001100111
1100110011100100110010101100101001000000110000101100011011000110110010101110011011100110010000001110100011011110010000001100101011011000110010101100011011101000111001001101111011011100110100101100011001000000111011101101111011100100110101101110011001000000110001001111001001000000110011001110010011001010110010101101100011110010010000001110011011010000110000101110010011010010110111001100111001000000101000001110010011011110110101001100101011000110111010000100000010001110111010101110100011001010110111001100010011001010111001001100111001011010111010001101101
111011101101111011100100110101101110011001000000110100101101110001000000110001101101111011011010111000001101100011010010110000101101110011000110110010100100000011101110110100101110100011010000010000001110100011010000110010100100000011101000110010101110010011011010111001100100000011011110110011000100000011101000110100001101001011100110010000001100001011001110111001001100101011001010110110101100101011011100111010000100000011001100110111101110010001000000110101101100101011001010111000001101001011011100110011100100000011101000110100001100101
10100000111001001101111011010100110010101100011011101000010000001000111011101010111010001100101011011100110001001100101011100100110011100101101011101000110110100100000011011100110000101101101011001010010000001100001011100110111001101101111011000110110100101100001011101000110010101100100001000000111011101101001011101000110100000100000011101000110100001100101001000000111011101101111011100100110101100101110001000000101100101101111011101010010000001100011011000010110111000100000011001010110000101110011011010010110110001111001
1100011011011110110110101110000011011000111100100100000011101110110100101110100011010000010000001110100011010000110010100100000011101000110010101110010011011010111001100100000011011110110011000100000011101000110100001101001011100110010000001100001011001110111001001100101011001010110110101100101011011100111010000100000011000100111100100100000011010110110010101100101011100000110100101101110011001110010000001110100011010000110100101110011001000000111011101101111011100100110101100100000011010010110111000100000011101000110100001100101
111001101100001011011010110010100100000011001100110111101110010011011010110000101110100001000000111011101101001011101000110100000100000011010010111010001110011001000000110000101110100011101000110000101100011011010000110010101100100001000000110011001110101011011000110110000100000010100000111001001101111011010100110010101100011011101000010000001000111011101010111010001100101011011100110001001100101011100100110011100101101011101000110110100100000010011000110100101100011011001010110111001110011011001010010000001110111011010000110010101101110
1111001011011110111010100100000011100110110100001100001011100100110010100100000011010010111010000100000011101110110100101110100011010000110111101110101011101000010000001100011011010000110000101110010011001110110010100100000011101110110100101110100011010000010000001101111011101000110100001100101011100100111001100101110
110001001011100100010000101110001000000101010001101000011001010010000001100011011011110111000001111001011100100110100101100111011010000111010000100000011011000110000101110111011100110010000001101111011001100010000001110100011010000110010100100000011100000110110001100001011000110110010100100000011101110110100001100101011100100110010100100000011110010110111101110101001000000110000101110010011001010010000001101100011011110110001101100001011101000110010101100100001000000110000101101100011100110110111100100000011001110110111101110110011001010111001001101110
111011101101000011000010111010000100000011110010110111101110101001000000110001101100001011011100010000001100100011011110010000001110111011010010111010001101000001000000111010001101000011010010111001100100000011101110110111101110010011010110010111000100000010000110110111101110000011110010111001001101001011001110110100001110100001000000110110001100001011101110111001100100000011010010110111000100000011011010110111101110011011101000010000001100011011011110111010101101110011101000111001001101001011001010111001100100000011000010111001001100101
110100101101110001000000110000100100000011000110110111101101110011100110111010001100001011011100111010000100000011100110111010001100001011101000110010100100000011011110110011000100000011000110110100001100001011011100110011101100101001011100010000001001001011001100010000001111001011011110111010100100000011000010111001001100101001000000110111101110101011101000111001101101001011001000110010100100000011101000110100001100101001000000101010101101110011010010111010001100101011001000010000001010011011101000110000101110100011001010111001100101100
11000110110100001100101011000110110101100100000011101000110100001100101001000000110110001100001011101110111001100100000011011110110011000100000011110010110111101110101011100100010000001100011011011110111010101101110011101000111001001111001001000000110100101101110001000000110000101100100011001000110100101110100011010010110111101101110001000000111010001101111001000000111010001101000011001010010000001110100011001010111001001101101011100110010000001101111011001100010000001110100011010000110100101110011
110000101100111011100100110010101100101011011010110010101101110011101000010000001100010011001010110011001101111011100100110010100100000011001000110111101110111011011100110110001101111011000010110010001101001011011100110011100101100001000000110001101101111011100000111100101101001011011100110011100101100001000000110010001101001011100110111000001101100011000010111100101101001011011100110011100101100001000000111000001100101011100100110011001101111011100100110110101101001011011100110011100101100
1100100011010010111001101110100011100100110100101100010011101010111010001101001011011100110011100100000011011110111001000100000011000110111001001100101011000010111010001101001011011100110011100100000011001000110010101110010011010010111011001100001011101000110100101110110011001010010000001110111011011110111001001101011011100110010000001100010011000010111001101100101011001000010000001101111011011100010000001110100011010000110100101110011001000000111011101101111011100100110101100100000011011110111001000100000011000010110111001111001
110111101110100011010000110010101110010001000000101000001110010011011110110101001100101011000110111010000100000010001110111010101110100011001010110111001100010011001010111001001100111001011010111010001101101001000000111011101101111011100100110101100101110001000000101010001101000011001010010000001000110011011110111010101101110011001000110000101110100011010010110111101101110001000000110110101100001011010110110010101110011001000000110111001101111
11100100110010101110000011100100110010101110011011001010110111001110100011000010111010001101001011011110110111001110011001000000110001101101111011011100110001101100101011100100110111001101001011011100110011100100000011101000110100001100101001000000110001101101111011100000111100101110010011010010110011101101000011101000010000001110011011101000110000101110100011101010111001100100000011011110110011000100000011000010110111001111001001000000111011101101111011100100110101100100000011010010110111000100000011000010110111001